13.99986 0.000 8
11.99988 0.247 7
12.99987 0.216 7
12.99987 0.247 7
12.99987 0.563 6
10.99989 0.493 6
12.99987 0.284 7
10.99989 0.500 6
12.99987 0.617 6
9.9999 0.493 6
8.99991 0.993 5
11.99988 0.000 7
11.99988 0.247 6
10.99989 0.284 6
10.99989 0.247 6
11.99988 0.617 5
13.99986 0.000 7
11.99988 0.216 6
11.99988 0.563 5
12.99987 0.247 6
10.99989 0.493 5
12.99987 0.000 7
12.99987 0.284 6
12.99987 0.617 5
12.99987 0.216 6
11.99988 0.500 5
14.99985 0.247 6
12.99987 0.493 5
12.99987 0.563 5
11.99988 0.493 5
13.99986 0.284 6
13.99986 0.500 5
10.99989 0.993 4
11.99988 0.284 6
10.99989 0.000 6
8.99991 0.247 5
11.99988 0.000 6
10.99989 0.284 5
12.99987 0.247 5
9.9999 0.247 5
13.99986 0.284 5
10.99989 0.617 4
10.99989 0.216 6
9.9999 0.000 6
10.99989 0.216 5
9.9999 0.216 5
10.99989 0.247 5
11.99988 0.247 5
10.99989 0.563 4
11.99988 0.493 4
10.99989 0.000 7
9.9999 0.247 6
9.9999 0.284 5
12.99987 0.284 5
9.9999 0.617 4
13.99986 0.216 6
13.99986 0.216 5
12.99987 0.216 5
11.99988 0.500 4
8.99991 0.493 4
10.99989 0.563 5
9.9999 0.563 4
12.99987 0.000 6
11.99988 0.216 5
13.99986 0.247 6
13.99986 0.247 5
12.99987 0.493 4
11.99988 0.284 5
8.99991 0.500 4
10.99989 0.463 6
10.99989 0.810 5
8.99991 0.740 5
11.99988 0.531 6
8.99991 0.747 5
10.99989 0.864 5
7.99992 0.740 5
6.99993 1.240 4
11.99988 0.531 5
10.99989 0.864 4
10.99989 0.463 5
10.99989 0.810 4
8.99991 0.493 5
6.99993 0.740 4
11.99988 0.864 4
9.9999 0.747 4
9.9999 0.740 4
8.99991 0.810 4
12.99987 0.463 5
11.99988 0.810 4
7.99992 0.740 4
9.9999 0.810 4
6.99993 1.240 3
8.99991 0.000 5
9.9999 0.000 5
9.9999 0.247 4
11.99988 0.284 4
11.99988 0.000 5
11.99988 0.247 4
10.99989 0.284 4
10.99989 0.247 4
11.99988 0.617 4
9.9999 0.493 5
10.99989 0.531 5
10.99989 0.493 4
11.99988 0.531 4
9.9999 0.493 4
10.99989 0.531 4
7.99992 0.493 4
8.99991 0.864 3
11.99988 0.563 4
10.99989 0.000 5
7.99992 0.000 5
8.99991 0.247 4
10.99989 0.216 4
9.9999 0.463 5
9.9999 0.463 4
10.99989 0.463 4
6.99993 0.493 4
8.99991 0.810 3
7.99992 0.740 3
8.99991 0.284 4
9.9999 0.531 5
9.9999 0.864 4
9.9999 0.531 4
9.9999 0.864 3
13.99986 0.500 4
9.9999 0.216 4
11.99988 0.463 5
10.99989 0.747 4
10.99989 0.747 3
10.99989 0.740 3
12.99987 0.563 4
9.9999 0.810 3
13.99986 0.000 6
12.99987 0.247 4
14.99985 0.216 5
12.99987 0.216 4
11.99988 0.463 4
7.99992 0.810 3
13.99986 0.493 4
10.99989 0.740 4
11.99988 0.740 3
14.99985 0.284 5
12.99987 0.284 4
12.99987 0.500 4
12.99987 0.531 5
11.99988 0.747 4
13.99986 0.531 4
12.99987 0.531 4
12.99987 0.747 3
10.99989 0.864 3
8.99991 0.740 4
11.99988 0.810 3
8.99991 1.240 3
10.99989 0.432 6
12.99987 0.463 6
11.99988 0.779 5
11.99988 0.463 6
11.99988 0.710 5
11.99988 0.500 6
10.99989 0.716 5
11.99988 0.833 5
9.9999 0.710 5
12.99987 0.833 5
8.99991 1.210 4
10.99989 0.833 4
8.99991 0.432 5
10.99989 0.779 4
9.9999 0.710 4
9.9999 0.500 5
13.99986 0.432 5
11.99988 0.716 4
11.99988 0.710 4
9.9999 0.779 4
10.99989 0.432 5
11.99988 0.779 4
14.99985 0.463 5
12.99987 0.710 4
12.99987 0.500 5
9.9999 0.716 4
11.99988 0.833 4
10.99989 0.710 4
9.9999 1.210 3
12.99987 0.833 4
10.99989 0.500 4
12.99987 0.463 4
11.99988 0.833 3
13.99986 0.463 5
13.99986 0.779 4
11.99988 0.432 4
15.99984 0.463 4
12.99987 0.779 3
10.99989 0.710 3
13.99986 0.463 4
8.99991 0.716 4
6.99993 0.432 4
8.99991 0.432 4
7.99992 0.716 3
11.99988 0.710 3
9.9999 0.779 3
12.99987 0.432 4
9.9999 0.500 4
7.99992 0.500 4
9.9999 0.716 3
9.9999 0.833 3
8.99991 0.779 3
8.99991 1.210 3
11.99988 0.493 6
11.99988 0.810 5
9.9999 0.740 5
12.99987 0.531 6
10.99989 0.747 5
12.99987 0.864 5
11.99988 0.864 5
8.99991 1.240 4
11.99988 0.740 4
13.99986 0.531 5
12.99987 0.810 4
9.9999 1.240 3
14.99985 0.531 5
13.99986 0.864 4
15.99984 0.531 4
11.99988 0.864 3
12.99987 0.864 4
13.99986 0.810 4
12.99987 0.740 3
11.99988 0.747 3
8.99991 1.126 4
12.99987 0.810 5
10.99989 1.056 4
12.99987 0.847 5
9.9999 1.063 4
11.99988 1.180 4
8.99991 1.056 4
11.99988 1.126 4
7.99992 1.556 3
11.99988 0.847 4
11.99988 1.180 3
10.99989 1.126 3
9.9999 1.056 3
9.9999 1.063 3
8.99991 1.056 3
6.99993 1.126 3
11.99988 1.126 3
10.99989 0.847 4
9.9999 1.180 3
9.9999 1.126 3
7.99992 1.180 3
8.99991 1.556 2
10.99989 0.617 5
5.99994 0.000 4
6.99993 0.000 4
4.99995 0.493 3
8.99991 0.000 4
9.9999 0.284 4
7.99992 0.531 4
7.99992 0.531 3
6.99993 0.493 3
9.9999 0.000 4
9.9999 0.493 3
10.99989 0.531 3
7.99992 0.864 3
7.99992 0.463 4
11.99988 0.216 4
10.99989 0.463 3
9.9999 0.500 3
7.99992 0.463 3
5.99994 0.500 3
8.99991 0.833 3
10.99989 0.493 3
9.9999 0.847 3
8.99991 0.847 3
5.99994 1.180 2
7.99992 0.000 4
5.99994 0.493 3
8.99991 0.493 3
8.99991 0.463 3
9.9999 0.463 3
11.99988 0.463 3
6.99993 0.432 3
10.99989 0.432 3
10.99989 0.810 3
7.99992 1.126 2
7.99992 0.493 3
9.9999 0.740 3
9.9999 0.710 3
8.99991 1.056 2
9.9999 0.531 3
11.99988 0.493 3
11.99988 0.531 3
10.99989 0.833 3
13.99986 0.463 3
7.99992 0.500 3
13.99986 0.531 3
10.99989 0.847 3
7.99992 1.180 2
9.9999 0.747 3
12.99987 0.432 5
10.99989 0.432 4
10.99989 0.716 3
9.9999 0.432 3
12.99987 0.747 4
14.99985 0.463 4
10.99989 1.063 3
11.99988 0.779 3
9.9999 1.063 2
12.99987 0.710 3
11.99988 1.056 3
8.99991 1.126 2
8.99991 0.216 4
8.99991 0.463 4
7.99992 0.779 3
4.99995 0.432 3
7.99992 1.126 3
4.99995 1.126 2
10.99989 1.056 3
8.99991 0.531 3
7.99992 0.747 3
11.99988 0.716 3
12.99987 0.847 4
11.99988 0.847 3
8.99991 1.063 2
9.9999 0.617 5
8.99991 0.617 4
8.99991 0.864 4
6.99993 0.864 3
9.9999 0.833 4
7.99992 0.833 3
7.99992 0.710 3
9.9999 1.180 2
9.9999 0.993 4
10.99989 0.710 5
7.99992 0.987 4
11.99988 0.777 5
8.99991 0.993 4
10.99989 1.110 4
6.99993 1.487 3
12.99987 0.777 4
11.99988 1.110 3
8.99991 0.987 3
11.99988 0.777 4
10.99989 1.110 3
9.9999 0.993 3
5.99994 0.987 3
10.99989 0.777 4
8.99991 1.110 3
7.99992 1.487 2
9.9999 0.777 3
10.99989 0.777 3
8.99991 1.110 2
9.9999 0.987 2
13.99986 0.493 5
12.99987 0.777 3
11.99988 0.777 3
8.99991 0.993 2
3.99996 0.987 2
9.9999 1.110 3
13.99986 0.284 7
10.99989 0.777 5
10.99989 0.568 6
9.9999 0.784 5
11.99988 0.901 5
10.99989 0.531 6
9.9999 0.777 5
11.99988 0.847 5
8.99991 1.277 4
8.99991 0.568 5
10.99989 0.901 4
10.99989 0.500 5
9.9999 0.777 4
10.99989 0.568 5
11.99988 0.901 4
9.9999 0.784 4
13.99986 0.568 5
11.99988 0.784 4
9.9999 0.901 4
8.99991 1.277 3
8.99991 0.568 4
12.99987 0.568 4
9.9999 0.901 3
8.99991 0.531 4
6.99993 0.568 4
11.99988 0.568 4
7.99992 0.901 3
10.99989 0.784 3
11.99988 0.784 3
8.99991 0.777 3
9.9999 0.716 5
10.99989 0.784 5
6.99993 1.000 4
9.9999 1.117 4
6.99993 0.993 4
4.99995 1.493 3
10.99989 1.117 3
7.99992 0.993 3
4.99995 1.000 3
8.99991 1.063 3
11.99988 1.063 3
9.9999 1.117 3
4.99995 1.493 2
12.99987 0.568 5
13.99986 0.901 4
14.99985 0.531 4
12.99987 0.901 3
10.99989 0.568 4
9.9999 0.568 3
10.99989 0.568 3
11.99988 0.901 3
9.9999 0.784 3
9.9999 1.117 2
10.99989 0.500 3
11.99988 1.117 3
8.99991 0.784 4
2.99997 1.000 2
7.99992 0.784 3
6.99993 0.568 3
4.99995 0.568 3
8.99991 0.901 3
8.99991 1.117 3
8.99991 1.117 2
7.99992 1.277 3
8.99991 1.234 4
8.99991 1.110 4
11.99988 1.234 4
7.99992 1.610 3
10.99989 1.234 3
10.99989 1.180 3
7.99992 1.234 3
11.99988 1.234 3
8.99991 1.610 2
8.99991 1.234 2
5.99994 1.234 2
9.9999 1.234 3
7.99992 1.234 2
5.99994 0.987 4
4.99995 1.487 3
4.99995 0.987 3
7.99992 1.056 3
4.99995 1.487 2
7.99992 0.777 3
8.99991 0.710 3
6.99993 1.056 2
7.99992 1.240 3
5.99994 1.487 2
9.9999 0.563 5
9.9999 0.847 4
8.99991 0.563 4
6.99993 0.810 3
7.99992 0.847 3
8.99991 1.126 3
5.99994 1.126 2
12.99987 0.617 4
8.99991 1.234 3
7.99992 1.110 3
6.99993 1.110 2
6.99993 1.234 3
4.99995 1.234 2
2.99997 1.987 2
9.9999 1.277 3
7.99992 1.210 3
0.99999 1.987 1
