17.99982 0.000 10
16.99983 0.015 9
16.99983 0.000 9
19.9998 0.015 8
15.99984 0.000 8
15.99984 0.030 8
14.99985 0.030 7
16.99983 0.015 8
18.99981 0.030 7
15.99984 0.015 8
16.99983 0.000 8
19.9998 0.015 7
17.99982 0.015 8
16.99983 0.015 7
14.99985 0.030 8
15.99984 0.030 7
13.99986 0.046 7
14.99985 0.015 7
14.99985 0.046 7
13.99986 0.046 6
13.99986 0.061 7
12.99987 0.076 6
18.99981 0.015 8
17.99982 0.030 7
18.99981 0.015 7
19.9998 0.030 6
14.99985 0.000 8
15.99984 0.015 7
13.99986 0.015 7
14.99985 0.030 6
13.99986 0.030 7
12.99987 0.046 6
13.99986 0.076 5
17.99982 0.015 7
13.99986 0.000 7
12.99987 0.030 6
17.99982 0.030 6
15.99984 0.000 7
17.99982 0.015 6
14.99985 0.015 6
18.99981 0.030 6
16.99983 0.030 6
16.99983 0.015 6
16.99983 0.046 6
20.99979 0.030 6
14.99985 0.046 5
14.99985 0.000 7
13.99986 0.030 6
16.99983 0.030 7
14.99985 0.046 6
15.99984 0.046 6
17.99982 0.046 6
15.99984 0.030 6
13.99986 0.046 5
14.99985 0.076 5
15.99984 0.015 6
11.99988 0.000 6
13.99986 0.000 6
13.99986 0.015 6
10.99989 0.030 5
16.99983 0.030 5
17.99982 0.030 5
16.99983 0.046 5
15.99984 0.046 5
13.99986 0.000 8
12.99987 0.000 7
11.99988 0.030 6
12.99987 0.015 7
11.99988 0.046 5
11.99988 0.061 6
10.99989 0.061 5
12.99987 0.061 6
10.99989 0.091 5
12.99987 0.091 4
8.99991 0.061 4
10.99989 0.061 6
9.9999 0.061 5
9.9999 0.091 5
17.99982 0.046 5
10.99989 0.091 4
7.99992 0.061 4
12.99987 0.030 7
11.99988 0.046 6
8.99991 0.061 5
11.99988 0.076 5
8.99991 0.091 4
7.99992 0.122 4
5.99994 0.122 3
20.99979 0.056 9
19.9998 0.072 8
19.9998 0.056 8
22.99977 0.072 7
17.99982 0.056 7
18.99981 0.087 7
23.99976 0.072 7
16.99983 0.087 6
18.99981 0.056 7
18.99981 0.072 7
22.99977 0.072 6
20.99979 0.087 6
19.9998 0.072 7
22.99977 0.087 6
20.99979 0.072 7
18.99981 0.072 6
16.99983 0.056 7
17.99982 0.072 6
15.99984 0.072 6
21.99978 0.087 6
17.99982 0.087 7
18.99981 0.087 6
16.99983 0.102 6
15.99984 0.087 5
16.99983 0.072 6
15.99984 0.102 6
14.99985 0.102 5
21.99978 0.072 6
21.99978 0.087 5
15.99984 0.087 6
13.99986 0.102 5
16.99983 0.117 6
14.99985 0.132 5
13.99986 0.132 4
18.99981 0.072 8
17.99982 0.072 7
17.99982 0.087 6
15.99984 0.102 5
19.9998 0.102 5
19.9998 0.087 6
17.99982 0.102 5
15.99984 0.056 6
14.99985 0.087 5
19.9998 0.056 7
17.99982 0.056 6
20.99979 0.072 5
20.99979 0.087 5
19.9998 0.087 5
19.9998 0.072 6
16.99983 0.072 5
18.99981 0.087 5
17.99982 0.087 5
22.99977 0.087 5
19.9998 0.072 5
16.99983 0.102 5
15.99984 0.102 4
16.99983 0.056 6
20.99979 0.072 6
16.99983 0.087 5
14.99985 0.102 4
18.99981 0.102 5
16.99983 0.102 4
17.99982 0.132 4
16.99983 0.113 8
15.99984 0.128 7
16.99983 0.113 7
19.9998 0.128 6
14.99985 0.113 6
14.99985 0.143 6
20.99979 0.128 6
13.99986 0.143 5
15.99984 0.128 6
18.99981 0.128 5
18.99981 0.128 6
16.99983 0.143 5
18.99981 0.143 5
16.99983 0.128 6
15.99984 0.128 5
13.99986 0.113 6
14.99985 0.128 6
14.99985 0.128 5
12.99987 0.128 5
13.99986 0.143 6
14.99985 0.143 5
12.99987 0.158 5
12.99987 0.143 4
17.99982 0.143 5
13.99986 0.128 5
10.99989 0.158 5
10.99989 0.158 4
17.99982 0.128 5
16.99983 0.143 4
12.99987 0.143 5
9.9999 0.158 4
12.99987 0.174 5
9.9999 0.189 4
9.9999 0.189 3
19.9998 0.113 8
16.99983 0.128 7
18.99981 0.113 7
17.99982 0.128 6
16.99983 0.113 6
18.99981 0.128 7
15.99984 0.143 6
21.99978 0.128 6
20.99979 0.128 5
22.99977 0.128 6
15.99984 0.143 5
16.99983 0.143 6
13.99986 0.158 5
12.99987 0.158 4
19.9998 0.143 5
19.9998 0.128 5
14.99985 0.174 5
11.99988 0.189 4
13.99986 0.189 3
13.99986 0.226 6
12.99987 0.242 5
10.99989 0.257 4
9.9999 0.257 4
7.99992 0.287 3
18.99981 0.072 5
13.99986 0.056 5
15.99984 0.056 5
15.99984 0.072 5
12.99987 0.087 4
17.99982 0.072 5
18.99981 0.087 4
13.99986 0.087 5
11.99988 0.087 4
16.99983 0.128 5
15.99984 0.143 4
12.99987 0.128 4
13.99986 0.128 4
14.99985 0.143 4
11.99988 0.158 3
12.99987 0.242 4
10.99989 0.257 3
13.99986 0.128 6
10.99989 0.128 4
7.99992 0.158 3
17.99982 0.061 6
16.99983 0.076 5
13.99986 0.091 4
10.99989 0.122 3
6.99993 0.287 2
17.99982 0.000 9
17.99982 0.000 8
12.99987 0.015 6
13.99986 0.061 6
12.99987 0.076 5
12.99987 0.030 5
12.99987 0.046 5
11.99988 0.076 4
16.99983 0.000 7
18.99981 0.015 6
15.99984 0.015 5
13.99986 0.015 5
18.99981 0.030 5
19.9998 0.030 5
13.99986 0.046 4
12.99987 0.000 6
11.99988 0.030 5
15.99984 0.030 5
12.99987 0.015 5
14.99985 0.015 5
12.99987 0.046 4
13.99986 0.030 5
14.99985 0.030 5
11.99988 0.046 4
13.99986 0.076 4
10.99989 0.000 5
14.99985 0.000 6
11.99988 0.000 5
9.9999 0.030 4
15.99984 0.030 4
16.99983 0.015 5
16.99983 0.030 4
15.99984 0.046 4
14.99985 0.046 4
9.9999 0.000 5
8.99991 0.030 4
14.99985 0.030 4
10.99989 0.046 4
9.9999 0.061 4
12.99987 0.061 5
9.9999 0.091 4
10.99989 0.091 3
6.99993 0.061 3
8.99991 0.091 3
5.99994 0.061 3
10.99989 0.076 4
7.99992 0.091 3
6.99993 0.122 3
3.99996 0.122 2
8.99991 0.122 2
14.99985 0.226 5
13.99986 0.242 4
7.99992 0.287 2
21.99978 0.113 8
19.9998 0.128 7
19.9998 0.113 7
20.99979 0.113 7
18.99981 0.113 6
17.99982 0.143 6
20.99979 0.128 7
18.99981 0.143 6
23.99976 0.128 6
21.99978 0.128 5
19.9998 0.113 6
16.99983 0.113 5
17.99982 0.113 6
15.99984 0.113 5
19.9998 0.143 4
20.99979 0.143 5
13.99986 0.143 4
23.99976 0.113 8
22.99977 0.128 7
22.99977 0.113 7
25.99974 0.128 6
20.99979 0.143 6
21.99978 0.128 7
22.99977 0.143 5
21.99978 0.113 6
23.99976 0.128 5
23.99976 0.143 5
20.99979 0.113 6
22.99977 0.143 4
19.9998 0.143 6
19.9998 0.169 7
18.99981 0.184 6
19.9998 0.169 6
20.99979 0.184 5
16.99983 0.169 5
21.99978 0.184 5
15.99984 0.200 5
14.99985 0.200 4
18.99981 0.169 6
17.99982 0.184 5
18.99981 0.184 4
17.99982 0.200 4
17.99982 0.184 6
16.99983 0.200 5
16.99983 0.184 5
18.99981 0.184 5
16.99983 0.184 4
20.99979 0.169 7
17.99982 0.169 5
15.99984 0.200 4
17.99982 0.184 4
22.99977 0.169 7
19.9998 0.184 6
21.99978 0.169 6
21.99978 0.184 6
18.99981 0.200 5
24.99975 0.184 5
23.99976 0.184 5
20.99979 0.184 6
17.99982 0.200 5
16.99983 0.283 5
14.99985 0.298 4
17.99982 0.113 5
17.99982 0.128 4
18.99981 0.128 4
18.99981 0.113 5
19.9998 0.113 5
20.99979 0.128 4
19.9998 0.184 5
16.99983 0.200 4
16.99983 0.200 3
15.99984 0.298 3
15.99984 0.184 4
15.99984 0.200 3
19.9998 0.128 4
15.99984 0.128 4
14.99985 0.113 4
12.99987 0.113 4
11.99988 0.143 3
17.99982 0.143 4
17.99982 0.143 3
18.99981 0.143 4
10.99989 0.143 3
24.99975 0.128 5
14.99985 0.184 4
19.9998 0.169 5
21.99978 0.184 4
15.99984 0.113 4
14.99985 0.184 3
11.99988 0.184 3
15.99984 0.113 6
15.99984 0.226 6
14.99985 0.241 5
15.99984 0.226 5
16.99983 0.241 4
12.99987 0.226 4
9.9999 0.256 4
8.99991 0.256 3
18.99981 0.226 6
15.99984 0.241 5
17.99982 0.226 5
16.99983 0.241 5
13.99986 0.256 4
18.99981 0.241 4
12.99987 0.339 4
8.99991 0.354 3
18.99981 0.169 5
19.9998 0.184 4
13.99986 0.241 4
9.9999 0.256 3
13.99986 0.226 5
12.99987 0.241 4
14.99985 0.241 3
9.9999 0.226 3
7.99992 0.256 3
6.99993 0.256 2
21.99978 0.226 6
18.99981 0.241 5
15.99984 0.256 4
13.99986 0.256 3
16.99983 0.226 5
15.99984 0.241 4
13.99986 0.226 4
12.99987 0.256 4
10.99989 0.256 3
14.99985 0.339 4
11.99988 0.354 3
9.9999 0.354 2
10.99989 0.256 2
12.99987 0.241 3
10.99989 0.226 3
7.99992 0.256 2
13.99986 0.339 3
10.99989 0.354 2
4.99995 0.453 2
14.99985 0.298 3
2.99997 0.453 1
