11.99988 0.000 8
11.99988 0.282 7
10.99989 0.247 7
15.99984 0.247 7
11.99988 0.616 6
14.99985 0.494 6
10.99989 0.494 6
11.99988 0.218 7
10.99989 0.500 6
12.99987 0.565 6
8.99991 0.994 5
11.99988 0.000 7
12.99987 0.247 6
8.99991 0.247 6
10.99989 0.218 6
10.99989 0.565 5
13.99986 0.000 7
13.99986 0.247 6
11.99988 0.247 6
12.99987 0.218 6
12.99987 0.565 5
11.99988 0.282 6
9.9999 0.500 5
10.99989 0.000 7
10.99989 0.282 6
10.99989 0.247 6
10.99989 0.616 5
9.9999 0.494 5
14.99985 0.247 6
14.99985 0.494 5
11.99988 0.616 5
12.99987 0.000 7
12.99987 0.616 5
12.99987 0.494 5
8.99991 0.616 5
11.99988 0.218 6
11.99988 0.565 5
8.99991 0.994 4
14.99985 0.000 6
11.99988 0.218 5
13.99986 0.000 6
11.99988 0.247 5
14.99985 0.247 5
13.99986 0.247 5
13.99986 0.218 5
12.99987 0.565 4
10.99989 0.000 6
8.99991 0.218 5
9.9999 0.247 5
12.99987 0.000 6
10.99989 0.247 5
12.99987 0.247 5
10.99989 0.218 5
9.9999 0.565 4
10.99989 0.282 5
12.99987 0.282 5
10.99989 0.500 4
15.99984 0.247 6
11.99988 0.282 5
10.99989 0.616 4
13.99986 0.494 4
8.99991 0.000 6
8.99991 0.282 5
9.9999 0.616 4
10.99989 0.494 4
7.99992 0.494 4
10.99989 0.564 6
10.99989 0.529 6
12.99987 0.529 6
9.9999 0.898 5
11.99988 0.776 5
8.99991 0.776 5
9.9999 0.500 6
8.99991 0.782 5
9.9999 0.847 5
6.99993 1.276 4
12.99987 0.282 6
12.99987 0.529 5
10.99989 0.529 5
8.99991 0.847 4
8.99991 0.564 5
6.99993 0.782 4
9.9999 0.564 5
13.99986 0.529 5
10.99989 0.898 4
11.99988 0.529 5
9.9999 0.776 4
12.99987 0.776 4
8.99991 0.898 4
7.99992 0.500 5
6.99993 1.276 3
12.99987 0.218 5
8.99991 0.247 5
11.99988 0.000 6
10.99989 0.565 4
9.9999 0.218 5
8.99991 0.000 5
11.99988 0.000 5
8.99991 0.218 4
13.99986 0.000 5
12.99987 0.247 4
7.99992 0.000 5
10.99989 0.247 4
8.99991 0.247 4
11.99988 0.218 4
9.9999 0.529 5
8.99991 0.500 5
9.9999 0.847 4
9.9999 0.500 4
8.99991 0.529 4
10.99989 0.529 4
11.99988 0.529 4
6.99993 0.500 4
7.99992 0.847 3
15.99984 0.000 7
13.99986 0.218 6
13.99986 0.565 5
15.99984 0.000 6
14.99985 0.000 5
12.99987 0.218 4
14.99985 0.247 4
12.99987 0.000 5
15.99984 0.247 5
13.99986 0.247 4
13.99986 0.565 4
13.99986 0.282 6
11.99988 0.500 5
11.99988 0.847 4
13.99986 0.282 5
11.99988 0.500 4
12.99987 0.529 4
13.99986 0.529 4
9.9999 0.847 3
10.99989 0.500 5
8.99991 0.500 4
11.99988 0.282 4
8.99991 0.282 4
10.99989 0.564 5
8.99991 0.782 4
8.99991 0.564 4
10.99989 0.564 4
6.99993 0.782 3
9.9999 0.247 6
9.9999 0.000 6
7.99992 0.247 5
7.99992 0.616 4
9.9999 0.282 5
6.99993 0.564 4
9.9999 0.564 4
7.99992 0.898 3
10.99989 0.494 5
12.99987 0.494 4
11.99988 0.247 4
10.99989 0.776 3
15.99984 0.247 4
13.99986 0.776 4
11.99988 0.776 3
12.99987 0.616 4
10.99989 0.898 3
13.99986 0.616 5
12.99987 0.282 4
11.99988 0.616 4
11.99988 0.564 5
11.99988 0.898 4
12.99987 0.564 4
9.9999 0.898 3
14.99985 0.494 4
11.99988 0.776 4
10.99989 0.847 4
9.9999 0.994 4
7.99992 1.276 3
9.9999 0.494 6
13.99986 0.494 6
10.99989 0.863 5
13.99986 0.741 5
8.99991 0.741 5
9.9999 0.863 5
10.99989 0.465 6
8.99991 0.747 5
10.99989 0.812 5
6.99993 1.241 4
11.99988 0.494 5
12.99987 0.465 5
11.99988 0.812 4
7.99992 0.494 5
9.9999 0.465 5
8.99991 0.812 4
8.99991 0.747 4
13.99986 0.494 5
11.99988 0.863 4
10.99989 0.741 4
13.99986 0.741 4
7.99992 0.863 4
8.99991 0.494 5
8.99991 0.863 4
8.99991 0.741 4
10.99989 0.863 4
10.99989 0.465 5
9.9999 0.747 4
10.99989 0.812 4
7.99992 1.241 3
11.99988 0.465 5
9.9999 0.465 4
11.99988 0.494 4
10.99989 0.465 4
10.99989 0.812 3
13.99986 0.465 5
13.99986 0.465 4
15.99984 0.494 4
12.99987 0.465 4
11.99988 0.812 3
10.99989 0.747 4
10.99989 0.747 3
9.9999 0.863 4
9.9999 0.529 4
9.9999 0.863 3
6.99993 0.741 4
6.99993 0.494 4
6.99993 0.741 3
7.99992 0.863 3
15.99984 0.494 5
12.99987 0.863 4
10.99989 0.863 3
12.99987 0.741 3
11.99988 0.863 3
9.9999 0.747 3
9.9999 0.812 4
7.99992 0.812 3
12.99987 0.812 4
12.99987 0.812 3
6.99993 1.241 3
11.99988 0.863 5
11.99988 0.741 5
12.99987 0.863 5
12.99987 0.465 6
11.99988 0.747 5
12.99987 0.812 5
9.9999 1.241 4
11.99988 0.747 4
11.99988 0.741 4
14.99985 0.741 4
12.99987 0.747 4
13.99986 0.812 4
9.9999 1.241 3
11.99988 0.465 4
13.99986 0.863 4
12.99987 0.741 4
9.9999 0.494 4
11.99988 0.741 3
12.99987 0.616 6
10.99989 0.898 5
8.99991 1.231 4
11.99988 1.110 4
8.99991 1.110 4
10.99989 1.231 4
9.9999 0.834 5
8.99991 1.116 4
8.99991 1.181 4
10.99989 1.181 4
6.99993 1.610 3
9.9999 0.834 4
9.9999 1.181 3
10.99989 0.834 4
9.9999 0.898 4
7.99992 1.116 3
9.9999 1.231 3
7.99992 1.110 3
12.99987 1.110 3
6.99993 1.231 3
10.99989 1.231 3
11.99988 1.110 3
10.99989 1.110 3
8.99991 0.834 4
6.99993 1.181 3
6.99993 1.610 2
10.99989 0.218 4
11.99988 0.000 4
9.9999 0.000 4
10.99989 0.282 4
7.99992 0.500 3
12.99987 0.000 4
10.99989 0.529 3
11.99988 0.529 3
16.99983 0.247 5
14.99985 0.000 4
14.99985 0.529 4
12.99987 0.529 3
9.9999 0.500 3
11.99988 0.465 3
11.99988 0.494 3
12.99987 0.494 3
10.99989 0.465 3
14.99985 0.465 4
13.99986 0.494 3
12.99987 0.465 3
11.99988 0.834 4
9.9999 0.834 3
13.99986 0.616 4
12.99987 0.863 3
10.99989 0.000 5
10.99989 0.000 4
5.99994 0.000 4
4.99995 0.500 3
6.99993 0.000 4
9.9999 0.282 4
8.99991 0.529 3
9.9999 0.218 4
6.99993 0.500 3
8.99991 0.465 4
8.99991 0.812 3
8.99991 0.465 3
10.99989 0.494 3
4.99995 0.494 3
7.99992 0.494 3
7.99992 0.834 3
8.99991 0.863 3
4.99995 1.181 2
6.99993 0.564 3
13.99986 0.282 4
11.99988 0.564 4
10.99989 0.564 3
7.99992 0.782 3
6.99993 0.747 3
6.99993 1.116 2
14.99985 0.000 7
8.99991 0.564 3
9.9999 0.494 3
8.99991 1.231 3
10.99989 0.741 3
13.99986 0.741 3
9.9999 1.110 3
10.99989 1.110 2
9.9999 1.110 2
8.99991 1.231 2
4.99995 0.564 3
9.9999 0.529 3
8.99991 0.898 3
8.99991 0.529 5
5.99994 0.494 4
5.99994 0.863 3
7.99992 0.529 3
8.99991 0.494 3
4.99995 1.231 2
8.99991 0.494 4
6.99993 0.776 3
8.99991 1.110 3
6.99993 1.110 2
8.99991 0.747 3
9.9999 0.465 3
6.99993 1.116 3
5.99994 1.181 2
9.9999 0.812 3
13.99986 0.776 5
12.99987 0.988 4
10.99989 0.988 4
11.99988 0.712 5
10.99989 0.994 4
11.99988 1.059 4
8.99991 1.488 3
12.99987 0.712 4
10.99989 1.059 3
13.99986 0.712 4
11.99988 1.059 3
10.99989 0.994 3
11.99988 0.988 3
9.9999 0.988 3
12.99987 1.059 3
11.99988 0.712 3
10.99989 1.059 2
10.99989 0.712 3
9.9999 1.059 2
8.99991 0.994 2
8.99991 0.776 3
5.99994 0.988 2
8.99991 0.988 2
6.99993 0.988 4
8.99991 0.712 5
6.99993 0.994 4
8.99991 1.059 4
4.99995 1.488 3
9.9999 0.712 4
8.99991 1.059 3
11.99988 0.712 4
9.9999 1.059 3
10.99989 0.776 4
8.99991 0.994 3
8.99991 0.776 4
4.99995 0.988 3
8.99991 0.988 3
7.99992 0.994 3
7.99992 1.059 3
4.99995 1.488 2
6.99993 0.712 3
6.99993 1.059 2
9.9999 0.776 3
2.99997 0.988 2
13.99986 0.712 5
10.99989 0.436 6
8.99991 0.718 5
10.99989 0.783 5
6.99993 1.212 4
8.99991 0.465 5
8.99991 0.436 5
9.9999 0.783 4
11.99988 0.436 5
11.99988 0.783 4
8.99991 0.718 4
8.99991 0.712 4
9.9999 0.436 5
10.99989 0.783 4
7.99992 1.212 3
10.99989 0.436 4
12.99987 0.436 4
10.99989 0.783 3
6.99993 0.436 4
9.9999 0.436 4
7.99992 0.783 3
8.99991 0.718 3
8.99991 0.834 3
8.99991 0.712 3
6.99993 1.000 4
8.99991 1.065 4
4.99995 1.494 3
6.99993 1.065 3
4.99995 1.000 3
8.99991 1.116 3
6.99993 0.718 4
7.99992 1.065 3
4.99995 1.494 2
10.99989 0.436 5
11.99988 0.436 4
8.99991 0.436 4
6.99993 0.436 3
13.99986 0.218 4
10.99989 0.436 3
9.9999 0.783 3
7.99992 0.718 3
6.99993 0.718 3
6.99993 1.065 2
8.99991 0.500 3
2.99997 1.000 2
7.99992 0.465 3
8.99991 0.782 3
10.99989 0.712 4
9.9999 0.712 3
8.99991 0.436 3
4.99995 0.436 3
6.99993 1.212 3
11.99988 0.565 6
11.99988 0.812 5
9.9999 0.812 5
9.9999 1.181 4
9.9999 0.783 5
8.99991 1.130 4
10.99989 1.130 4
6.99993 1.559 3
8.99991 1.130 3
8.99991 0.783 4
6.99993 1.130 3
8.99991 1.181 3
8.99991 1.065 3
10.99989 1.130 3
9.9999 1.130 3
6.99993 1.559 2
8.99991 0.783 3
8.99991 1.130 2
8.99991 0.847 3
7.99992 1.181 2
8.99991 0.565 5
7.99992 0.812 4
11.99988 0.565 4
7.99992 0.565 4
5.99994 0.812 3
4.99995 1.130 2
2.99997 1.988 2
0.99999 1.988 1
