13.99986 0.000 8
11.99988 0.241 7
13.99986 0.306 7
12.99987 0.241 7
12.99987 0.627 6
10.99989 0.482 6
12.99987 0.194 7
10.99989 0.500 6
12.99987 0.538 6
9.9999 0.482 6
12.99987 0.360 6
8.99991 0.982 5
11.99988 0.000 7
11.99988 0.241 6
10.99989 0.194 6
10.99989 0.241 6
11.99988 0.360 5
13.99986 0.000 7
11.99988 0.306 6
11.99988 0.627 5
12.99987 0.241 6
10.99989 0.482 5
12.99987 0.000 7
12.99987 0.194 6
12.99987 0.538 5
12.99987 0.306 6
11.99988 0.500 5
14.99985 0.241 6
12.99987 0.482 5
12.99987 0.627 5
11.99988 0.482 5
13.99986 0.194 6
13.99986 0.500 5
11.99988 0.538 5
13.99986 0.538 5
10.99989 0.982 4
11.99988 0.194 6
10.99989 0.000 6
8.99991 0.241 5
11.99988 0.000 6
10.99989 0.194 5
12.99987 0.241 5
9.9999 0.241 5
13.99986 0.194 5
12.99987 0.538 4
10.99989 0.306 6
9.9999 0.000 6
10.99989 0.306 5
9.9999 0.306 5
10.99989 0.241 5
11.99988 0.241 5
10.99989 0.627 4
11.99988 0.482 4
10.99989 0.000 7
9.9999 0.241 6
9.9999 0.194 5
12.99987 0.194 5
9.9999 0.538 4
13.99986 0.306 6
13.99986 0.306 5
12.99987 0.306 5
10.99989 0.500 4
8.99991 0.482 4
10.99989 0.627 5
9.9999 0.627 4
12.99987 0.000 6
11.99988 0.306 5
13.99986 0.241 6
13.99986 0.241 5
12.99987 0.482 4
11.99988 0.194 5
8.99991 0.500 4
10.99989 0.538 4
13.99986 0.627 5
12.99987 0.627 4
10.99989 0.547 6
10.99989 0.868 5
8.99991 0.723 5
11.99988 0.435 6
8.99991 0.741 5
10.99989 0.779 5
7.99992 0.723 5
10.99989 0.601 5
6.99993 1.223 4
11.99988 0.435 5
10.99989 0.601 4
10.99989 0.547 5
10.99989 0.868 4
8.99991 0.482 5
6.99993 0.723 4
11.99988 0.779 4
13.99986 0.547 5
11.99988 0.741 4
9.9999 0.723 4
8.99991 0.868 4
12.99987 0.547 5
11.99988 0.868 4
13.99986 0.435 5
7.99992 0.723 4
6.99993 1.223 3
12.99987 0.360 5
13.99986 0.538 4
8.99991 0.000 5
9.9999 0.000 5
9.9999 0.241 4
11.99988 0.194 4
11.99988 0.000 5
11.99988 0.241 4
10.99989 0.194 4
10.99989 0.241 4
11.99988 0.538 4
9.9999 0.482 5
10.99989 0.435 5
10.99989 0.482 4
11.99988 0.435 4
9.9999 0.482 4
13.99986 0.435 4
7.99992 0.482 4
9.9999 0.779 3
11.99988 0.627 4
10.99989 0.000 5
7.99992 0.000 5
8.99991 0.241 4
10.99989 0.306 4
9.9999 0.547 5
9.9999 0.868 4
11.99988 0.547 4
10.99989 0.547 4
6.99993 0.482 4
9.9999 0.868 3
7.99992 0.723 3
8.99991 0.194 4
9.9999 0.435 5
9.9999 0.779 4
9.9999 0.435 4
12.99987 0.435 4
13.99986 0.500 4
9.9999 0.306 4
11.99988 0.500 4
11.99988 0.547 5
10.99989 0.741 4
12.99987 0.741 3
10.99989 0.723 3
13.99986 0.000 6
12.99987 0.241 4
14.99985 0.306 5
12.99987 0.306 4
12.99987 0.547 4
7.99992 0.868 3
13.99986 0.482 4
10.99989 0.723 4
11.99988 0.723 3
14.99985 0.194 5
12.99987 0.194 4
12.99987 0.435 5
12.99987 0.779 4
11.99988 0.779 3
8.99991 0.723 4
11.99988 0.868 3
10.99989 0.779 3
8.99991 1.223 3
12.99987 0.306 7
10.99989 0.611 6
12.99987 0.547 6
11.99988 0.932 5
11.99988 0.547 6
11.99988 0.788 5
11.99988 0.500 6
10.99989 0.806 5
11.99988 0.844 5
9.9999 0.788 5
12.99987 0.665 5
8.99991 1.288 4
10.99989 0.665 4
8.99991 0.611 5
10.99989 0.932 4
9.9999 0.788 4
9.9999 0.500 5
10.99989 0.844 4
13.99986 0.611 5
10.99989 0.806 4
11.99988 0.788 4
9.9999 0.932 4
10.99989 0.611 5
11.99988 0.932 4
14.99985 0.547 5
12.99987 0.788 4
12.99987 0.500 5
9.9999 0.806 4
11.99988 0.844 4
10.99989 0.788 4
12.99987 0.932 4
9.9999 1.288 3
12.99987 0.665 4
9.9999 0.547 4
11.99988 0.844 3
11.99988 0.611 4
15.99984 0.547 4
11.99988 0.932 3
12.99987 0.788 3
12.99987 0.844 4
13.99986 0.547 4
8.99991 0.806 4
6.99993 0.611 4
8.99991 0.611 4
7.99992 0.806 3
11.99988 0.788 3
9.9999 0.932 3
13.99986 0.932 4
12.99987 0.932 3
10.99989 0.788 3
9.9999 0.500 4
7.99992 0.500 4
8.99991 0.806 3
9.9999 0.844 3
8.99991 0.932 3
8.99991 1.288 3
11.99988 0.482 6
11.99988 0.868 5
9.9999 0.723 5
12.99987 0.435 6
10.99989 0.741 5
12.99987 0.779 5
11.99988 0.601 5
8.99991 1.223 4
10.99989 0.779 4
11.99988 0.723 4
12.99987 0.868 4
9.9999 1.223 3
14.99985 0.435 5
13.99986 0.601 4
15.99984 0.435 4
14.99985 0.779 3
10.99989 0.435 4
8.99991 0.868 3
13.99986 0.868 4
12.99987 0.723 3
11.99988 0.741 3
8.99991 0.779 3
8.99991 1.253 4
12.99987 0.868 5
10.99989 1.109 4
12.99987 0.821 5
9.9999 1.127 4
11.99988 1.165 4
8.99991 1.109 4
11.99988 1.253 4
11.99988 0.986 4
7.99992 1.609 3
11.99988 0.821 4
11.99988 0.986 3
10.99989 1.253 3
9.9999 1.109 3
11.99988 1.165 3
9.9999 1.127 3
8.99991 1.109 3
6.99993 1.253 3
12.99987 1.253 3
10.99989 0.821 4
9.9999 1.165 3
8.99991 1.253 3
7.99992 1.165 3
7.99992 1.609 2
10.99989 0.360 5
9.9999 0.601 4
5.99994 0.000 4
6.99993 0.000 4
4.99995 0.482 3
8.99991 0.000 4
9.9999 0.194 4
7.99992 0.435 4
10.99989 0.435 3
6.99993 0.482 3
9.9999 0.000 4
9.9999 0.482 3
7.99992 0.779 3
7.99992 0.547 4
11.99988 0.306 4
10.99989 0.547 3
9.9999 0.500 3
7.99992 0.547 3
5.99994 0.500 3
8.99991 0.844 3
10.99989 0.482 3
7.99992 0.435 3
9.9999 0.986 3
9.9999 0.821 3
10.99989 0.868 3
8.99991 0.821 3
5.99994 1.165 2
7.99992 0.000 4
5.99994 0.482 3
8.99991 0.482 3
8.99991 0.547 3
10.99989 0.932 3
11.99988 0.547 3
6.99993 0.611 3
12.99987 0.611 4
9.9999 0.611 3
13.99986 0.627 4
6.99993 1.253 2
7.99992 0.482 3
9.9999 0.723 3
9.9999 0.788 3
12.99987 0.868 3
8.99991 1.109 2
11.99988 0.435 3
11.99988 0.482 3
10.99989 0.844 3
13.99986 0.547 3
9.9999 0.547 3
7.99992 0.500 3
13.99986 0.435 3
9.9999 0.435 3
10.99989 0.821 3
7.99992 1.165 2
9.9999 0.741 3
12.99987 0.611 5
10.99989 0.611 4
10.99989 0.806 3
10.99989 0.611 3
12.99987 0.741 4
14.99985 0.547 4
10.99989 1.127 3
9.9999 1.127 2
11.99988 1.109 3
14.99985 0.868 3
13.99986 0.868 3
9.9999 1.253 2
8.99991 0.306 4
8.99991 0.547 4
7.99992 0.932 3
4.99995 0.611 3
7.99992 1.253 3
4.99995 1.253 2
10.99989 1.109 3
8.99991 0.435 3
7.99992 0.741 3
10.99989 0.741 3
12.99987 0.821 4
11.99988 0.821 3
8.99991 1.127 2
9.9999 0.538 5
8.99991 0.538 4
8.99991 0.779 4
6.99993 0.779 3
9.9999 0.844 4
7.99992 0.844 3
7.99992 0.788 3
8.99991 1.253 2
9.9999 1.165 2
9.9999 0.982 4
8.99991 1.609 2
11.99988 0.779 5
12.99987 0.601 5
10.99989 0.788 5
7.99992 0.964 4
11.99988 0.676 5
8.99991 0.982 4
10.99989 1.020 4
10.99989 0.842 4
6.99993 1.464 3
12.99987 0.676 4
11.99988 0.842 3
8.99991 0.964 3
11.99988 0.676 4
10.99989 1.020 3
9.9999 0.982 3
5.99994 0.964 3
10.99989 0.676 4
8.99991 1.020 3
7.99992 1.464 2
11.99988 0.601 4
10.99989 0.842 3
9.9999 0.676 3
10.99989 0.676 3
8.99991 1.020 2
12.99987 0.547 3
9.9999 0.964 2
13.99986 0.482 5
13.99986 0.779 4
11.99988 1.020 3
12.99987 0.676 3
11.99988 0.676 3
8.99991 0.982 2
3.99996 0.964 2
9.9999 1.020 3
13.99986 0.194 7
10.99989 0.676 5
10.99989 0.389 6
9.9999 0.694 5
11.99988 0.732 5
10.99989 0.435 6
9.9999 0.676 5
11.99988 0.821 5
11.99988 0.554 5
8.99991 1.176 4
8.99991 0.389 5
10.99989 0.554 4
10.99989 0.500 5
9.9999 0.676 4
10.99989 0.389 5
11.99988 0.732 4
9.9999 0.694 4
13.99986 0.389 5
10.99989 0.694 4
9.9999 0.732 4
12.99987 0.732 4
8.99991 1.176 3
11.99988 0.554 4
8.99991 0.389 4
12.99987 0.389 4
10.99989 0.732 3
8.99991 0.435 4
10.99989 0.732 4
6.99993 0.389 4
11.99988 0.389 4
7.99992 0.732 3
10.99989 0.694 3
8.99991 0.676 3
9.9999 0.806 5
10.99989 0.694 5
6.99993 1.000 4
9.9999 1.038 4
6.99993 0.982 4
9.9999 0.860 4
4.99995 1.482 3
10.99989 0.860 3
10.99989 0.982 3
10.99989 1.038 3
4.99995 1.000 3
8.99991 1.127 3
9.9999 1.038 3
4.99995 1.482 2
12.99987 0.389 5
13.99986 0.554 4
14.99985 0.435 4
11.99988 0.732 3
10.99989 0.389 4
10.99989 0.389 3
9.9999 0.389 3
8.99991 0.694 3
9.9999 1.038 2
10.99989 0.500 3
10.99989 0.982 2
13.99986 0.732 4
12.99987 0.732 3
12.99987 0.435 3
8.99991 0.741 3
8.99991 1.038 2
8.99991 0.694 4
2.99997 1.000 2
7.99992 0.694 3
6.99993 0.389 3
4.99995 0.389 3
9.9999 0.732 3
8.99991 0.732 3
8.99991 1.038 3
7.99992 1.176 3
8.99991 1.076 4
8.99991 1.020 4
11.99988 0.898 4
7.99992 1.520 3
10.99989 0.898 3
10.99989 1.165 3
7.99992 1.076 3
12.99987 1.076 3
10.99989 1.076 3
8.99991 1.520 2
10.99989 0.538 5
8.99991 1.076 2
12.99987 0.779 3
13.99986 0.779 3
9.9999 1.076 2
5.99994 1.076 2
8.99991 1.165 3
6.99993 1.165 2
8.99991 1.076 3
6.99993 1.076 2
7.99992 1.520 2
5.99994 0.964 4
8.99991 0.842 4
4.99995 1.464 3
8.99991 0.842 3
4.99995 0.964 3
7.99992 1.109 3
4.99995 1.464 2
9.9999 0.842 3
7.99992 0.676 3
8.99991 0.788 3
6.99993 1.109 2
7.99992 1.223 3
5.99994 1.464 2
9.9999 0.627 5
9.9999 0.821 4
8.99991 0.627 4
6.99993 0.868 3
7.99992 0.821 3
11.99988 1.253 3
5.99994 1.253 2
12.99987 0.844 5
11.99988 1.076 4
8.99991 0.898 4
7.99992 0.898 3
11.99988 1.076 3
12.99987 0.898 3
7.99992 1.020 3
6.99993 1.020 2
6.99993 1.076 3
4.99995 1.076 2
7.99992 1.342 3
2.99997 1.964 2
8.99991 1.342 2
9.9999 1.176 3
7.99992 1.288 3
0.99999 1.964 1
