36.99963 2.079 11
39.9996 1.607 12
65.99934 0.193 25
48.99951 1.280 18
56.99943 0.672 22
42.99957 0.718 15
51.99948 1.588 23
30.99969 2.440 9
53.99946 0.822 19
65.99934 0.509 24
56.99943 0.850 19
44.99955 1.578 16
37.99962 0.813 14
53.99946 0.590 19
60.99939 0.952 21
66.99933 0.372 26
65.99934 1.024 21
52.99947 0.832 21
36.99963 1.676 13
59.9994 0.867 23
47.99952 1.568 17
72.99927 0.794 26
59.9994 0.716 23
44.99955 1.069 15
35.99964 1.704 13
61.99938 0.749 20
64.99935 1.052 26
45.99954 0.437 19
53.99946 0.837 22
59.9994 1.317 22
48.99951 2.306 20
57.99942 1.394 21
43.99956 1.922 15
58.99941 0.874 20
57.99942 0.825 23
52.99947 1.398 17
53.99946 1.412 21
38.99961 1.540 13
59.9994 0.655 26
55.99944 0.750 21
68.99931 0.832 22
55.99944 0.816 20
57.99942 0.362 24
59.9994 1.400 24
57.99942 0.522 19
59.9994 0.822 23
19.9998 2.168 6
39.9996 2.100 16
48.99951 0.341 16
67.99932 0.493 27
50.99949 1.186 17
68.99931 1.145 27
50.99949 0.828 21
46.99953 1.961 17
66.99933 0.272 26
51.99948 0.887 18
66.99933 0.497 25
57.99942 0.951 20
33.99966 1.511 13
36.99963 1.346 13
44.99955 1.135 17
57.99942 0.827 18
26.99973 1.303 13
76.99923 0.402 23
24.99975 1.642 8
42.99957 1.129 16
51.99948 1.109 19
62.99937 0.408 22
44.99955 1.566 17
39.9996 0.629 16
46.99953 1.051 19
42.99957 1.397 17
42.99957 1.278 16
37.99962 1.520 14
39.9996 1.017 18
48.99951 1.223 19
48.99951 1.254 18
51.99948 1.166 20
57.99942 1.419 24
67.99932 0.670 21
51.99948 0.502 20
67.99932 0.522 26
46.99953 0.662 19
37.99962 0.607 16
61.99938 0.703 23
37.99962 0.977 10
64.99935 0.726 25
48.99951 1.555 18
45.99954 0.936 18
57.99942 0.932 22
74.99925 0.761 27
63.99936 0.846 24
44.99955 1.649 14
65.99934 0.697 26
62.99937 1.060 21
47.99952 1.223 21
47.99952 0.771 16
51.99948 0.688 26
42.99957 1.501 16
36.99963 1.019 14
32.99967 0.859 10
30.99969 1.991 12
36.99963 1.597 17
53.99946 1.247 25
55.99944 0.980 17
65.99934 1.301 27
50.99949 0.671 17
50.99949 0.661 18
50.99949 0.539 18
60.99939 1.040 23
43.99956 1.015 17
33.99966 2.078 12
43.99956 0.840 16
57.99942 0.473 22
48.99951 1.299 15
63.99936 0.854 25
64.99935 0.488 23
59.9994 0.636 24
50.99949 1.251 19
61.99938 0.494 22
36.99963 1.710 13
43.99956 2.230 15
39.9996 0.650 15
42.99957 1.800 12
35.99964 1.249 13
37.99962 2.397 13
65.99934 0.472 25
58.99941 0.508 20
42.99957 1.544 13
41.99958 0.925 15
46.99953 1.113 19
49.9995 1.234 19
43.99956 0.750 17
49.9995 0.642 19
50.99949 0.600 18
62.99937 0.559 23
64.99935 0.383 23
60.99939 0.936 23
40.99959 1.100 15
66.99933 0.796 22
51.99948 1.364 20
46.99953 0.674 16
56.99943 0.520 20
37.99962 2.233 12
21.99978 2.174 9
52.99947 0.576 18
41.99958 0.631 14
61.99938 0.912 21
50.99949 0.626 18
39.9996 0.549 13
56.99943 0.582 24
40.99959 1.432 15
56.99943 1.015 20
60.99939 0.775 23
16.99983 2.916 5
30.99969 1.706 11
51.99948 0.858 18
58.99941 0.908 22
56.99943 0.507 21
48.99951 0.755 20
60.99939 0.584 26
30.99969 2.038 10
64.99935 0.522 25
49.9995 0.899 17
23.99976 1.467 10
65.99934 0.694 25
56.99943 0.328 24
53.99946 1.061 19
39.9996 1.281 15
5.99994 2.096 3
20.99979 0.811 7
56.99943 0.634 22
54.99945 0.805 22
56.99943 0.772 18
21.99978 2.031 7
52.99947 0.637 17
43.99956 1.836 16
56.99943 0.640 22
53.99946 0.443 19
33.99966 0.564 13
45.99954 1.314 15
39.9996 1.513 14
44.99955 1.089 15
45.99954 0.998 17
53.99946 1.390 19
48.99951 1.558 16
31.99968 1.231 12
58.99941 0.520 23
44.99955 0.812 18
41.99958 2.309 16
52.99947 1.356 16
45.99954 0.425 14
60.99939 0.533 23
44.99955 1.651 19
44.99955 0.845 16
37.99962 1.323 12
60.99939 0.698 22
42.99957 1.403 16
51.99948 1.017 20
35.99964 2.342 14
46.99953 1.440 19
47.99952 0.898 16
36.99963 2.140 11
54.99945 0.469 20
38.99961 0.573 14
52.99947 0.804 23
58.99941 1.038 19
56.99943 0.823 24
44.99955 0.569 18
49.9995 0.923 20
62.99937 0.474 24
44.99955 1.194 15
54.99945 0.886 19
58.99941 0.836 22
58.99941 0.777 19
39.9996 1.086 11
46.99953 0.641 16
44.99955 1.484 17
42.99957 1.180 14
64.99935 1.058 25
49.9995 0.898 17
47.99952 0.981 19
69.9993 0.975 24
46.99953 0.960 18
53.99946 1.416 20
53.99946 1.465 17
67.99932 0.314 26
52.99947 0.956 18
29.9997 0.584 13
68.99931 0.245 21
59.9994 0.452 23
47.99952 0.763 15
31.99968 0.900 12
48.99951 1.293 17
51.99948 1.837 20
50.99949 1.200 17
38.99961 1.013 15
25.99974 2.902 8
71.99928 0.586 26
57.99942 1.352 23
43.99956 0.699 14
47.99952 0.727 19
48.99951 1.139 18
45.99954 1.072 14
59.9994 0.641 24
43.99956 0.533 18
39.9996 1.519 15
47.99952 0.704 19
50.99949 0.822 21
73.99926 0.463 25
56.99943 1.261 21
50.99949 0.465 18
52.99947 0.431 16
45.99954 1.105 15
26.99973 2.423 9
55.99944 0.761 20
46.99953 1.330 15
3.99996 2.000 2
53.99946 0.915 23
54.99945 0.791 21
57.99942 0.941 19
58.99941 1.011 22
48.99951 1.562 19
48.99951 2.480 21
44.99955 1.558 14
26.99973 1.048 10
18.99981 2.829 6
21.99978 2.888 9
27.99972 2.112 11
66.99933 0.373 21
50.99949 0.998 19
59.9994 0.488 25
63.99936 0.271 25
29.9997 1.415 9
55.99944 0.890 20
48.99951 1.480 15
55.99944 0.323 22
54.99945 0.257 29
53.99946 0.670 23
50.99949 1.279 15
51.99948 1.810 18
49.9995 0.363 22
39.9996 1.120 17
53.99946 0.402 21
37.99962 0.582 13
25.99974 1.822 11
54.99945 0.971 20
48.99951 0.898 17
25.99974 2.562 9
49.9995 0.813 19
42.99957 0.779 15
50.99949 0.397 20
48.99951 0.984 19
53.99946 0.891 18
48.99951 0.901 17
52.99947 1.525 15
44.99955 1.867 15
40.99959 1.759 14
58.99941 0.681 21
25.99974 2.575 9
31.99968 1.528 12
61.99938 0.575 22
53.99946 1.018 14
63.99936 0.402 22
52.99947 0.744 16
74.99925 0.459 24
61.99938 0.556 19
58.99941 1.301 24
35.99964 1.677 14
44.99955 1.454 16
50.99949 1.300 23
38.99961 1.515 14
56.99943 0.697 20
51.99948 2.420 20
57.99942 0.563 24
45.99954 0.558 17
50.99949 0.565 23
44.99955 1.535 15
39.9996 1.323 15
60.99939 0.663 21
59.9994 1.462 17
61.99938 0.691 23
58.99941 0.541 24
42.99957 0.570 18
45.99954 1.856 18
55.99944 1.173 21
57.99942 0.743 20
61.99938 0.470 23
40.99959 0.772 16
41.99958 1.110 14
58.99941 0.655 23
49.9995 1.191 19
42.99957 1.277 16
55.99944 0.751 25
72.99927 0.449 27
41.99958 0.699 12
44.99955 0.830 17
56.99943 0.873 22
29.9997 1.373 10
46.99953 2.127 16
25.99974 1.547 9
54.99945 1.151 21
70.99929 0.298 24
47.99952 1.374 18
65.99934 0.587 20
40.99959 0.712 14
52.99947 0.730 18
60.99939 0.258 24
34.99965 1.342 14
42.99957 1.032 15
54.99945 0.705 23
51.99948 0.603 19
42.99957 0.633 15
57.99942 1.375 21
36.99963 2.348 12
37.99962 1.148 12
17.99982 1.937 5
44.99955 0.967 18
64.99935 0.750 26
61.99938 0.547 24
38.99961 1.385 14
37.99962 1.567 15
30.99969 2.552 11
67.99932 0.763 27
58.99941 0.566 17
15.99984 1.888 7
54.99945 1.087 18
46.99953 0.685 18
35.99964 2.049 13
58.99941 1.001 22
63.99936 0.695 24
58.99941 0.402 22
29.9997 1.594 10
61.99938 0.876 23
59.9994 0.757 23
51.99948 1.236 17
52.99947 1.457 18
63.99936 0.751 20
49.9995 1.170 19
43.99956 1.266 15
48.99951 0.724 17
58.99941 0.466 23
41.99958 1.402 13
52.99947 0.689 20
56.99943 1.044 18
45.99954 0.493 20
51.99948 0.922 19
49.9995 1.348 17
56.99943 1.075 24
47.99952 0.866 18
35.99964 1.121 15
36.99963 2.158 14
52.99947 0.627 16
47.99952 1.158 16
60.99939 1.145 25
34.99965 1.624 10
50.99949 0.961 18
48.99951 1.120 17
49.9995 0.659 18
46.99953 0.792 18
56.99943 1.766 23
58.99941 1.667 27
52.99947 0.668 20
47.99952 0.617 18
55.99944 1.270 22
42.99957 0.863 15
52.99947 0.908 19
48.99951 0.605 18
50.99949 0.713 15
36.99963 1.439 12
31.99968 2.102 12
47.99952 0.718 17
49.9995 1.134 16
58.99941 1.205 28
41.99958 0.329 14
30.99969 1.346 12
64.99935 0.919 24
55.99944 0.678 18
47.99952 1.020 18
56.99943 1.024 22
49.9995 0.727 20
53.99946 0.754 19
45.99954 0.840 16
45.99954 1.432 16
48.99951 1.138 18
52.99947 1.073 20
56.99943 1.242 19
61.99938 0.911 21
53.99946 0.757 19
56.99943 0.349 20
56.99943 1.003 20
51.99948 0.652 21
56.99943 1.168 22
46.99953 0.517 20
45.99954 1.601 17
25.99974 1.871 11
48.99951 0.992 18
47.99952 1.263 19
59.9994 1.219 20
62.99937 1.377 23
64.99935 0.965 25
38.99961 1.105 12
39.9996 1.640 17
50.99949 0.978 18
42.99957 2.223 15
45.99954 0.735 16
50.99949 0.651 20
58.99941 0.680 19
65.99934 0.426 22
42.99957 1.319 13
46.99953 1.586 17
63.99936 1.526 26
49.9995 1.386 17
42.99957 0.650 18
58.99941 0.541 25
36.99963 1.173 13
48.99951 2.297 23
61.99938 0.484 21
45.99954 1.454 15
63.99936 1.479 23
54.99945 1.384 24
53.99946 0.652 20
50.99949 0.455 24
62.99937 0.523 23
54.99945 1.112 20
37.99962 2.055 13
24.99975 1.539 8
60.99939 0.810 20
52.99947 0.951 15
51.99948 0.561 18
66.99933 0.466 26
40.99959 2.517 14
58.99941 0.358 21
47.99952 0.674 16
58.99941 1.149 23
63.99936 0.774 20
54.99945 0.564 18
48.99951 0.744 21
57.99942 0.969 19
57.99942 0.676 18
72.99927 1.097 21
53.99946 0.611 17
58.99941 1.176 24
24.99975 2.182 8
56.99943 0.568 21
32.99967 1.058 13
25.99974 2.219 8
35.99964 1.280 13
51.99948 0.386 19
33.99966 1.658 13
47.99952 1.826 19
44.99955 0.604 16
29.9997 2.254 10
67.99932 0.556 23
44.99955 0.607 18
25.99974 2.883 9
47.99952 1.730 17
50.99949 0.572 19
64.99935 0.328 24
47.99952 1.737 21
67.99932 0.782 23
54.99945 0.669 20
61.99938 0.690 24
42.99957 0.941 14
45.99954 1.042 19
44.99955 0.442 19
56.99943 1.219 22
61.99938 0.680 23
50.99949 1.048 19
55.99944 0.551 23
43.99956 1.036 12
59.9994 0.706 20
58.99941 0.851 21
64.99935 1.032 24
49.9995 0.745 17
35.99964 0.623 12
55.99944 1.221 22
55.99944 0.592 19
62.99937 0.591 25
53.99946 0.935 22
44.99955 1.326 17
50.99949 1.583 17
41.99958 0.922 15
58.99941 0.619 22
66.99933 0.499 24
59.9994 1.172 25
55.99944 0.521 19
57.99942 0.811 24
47.99952 0.667 15
41.99958 1.001 14
35.99964 1.696 13
5.99994 2.954 2
61.99938 1.085 19
32.99967 0.906 11
51.99948 1.149 17
54.99945 1.261 22
42.99957 1.241 16
55.99944 0.418 24
38.99961 1.558 15
51.99948 1.665 19
46.99953 0.714 17
55.99944 0.837 18
53.99946 0.629 22
23.99976 1.833 10
23.99976 1.780 11
31.99968 1.330 14
54.99945 0.814 19
49.9995 0.418 20
57.99942 0.855 25
54.99945 0.661 20
61.99938 0.975 21
34.99965 2.408 11
59.9994 1.786 21
41.99958 0.840 15
44.99955 0.856 16
51.99948 1.366 18
51.99948 0.797 17
41.99958 1.382 15
39.9996 1.548 16
68.99931 0.911 25
45.99954 1.065 15
47.99952 0.928 20
55.99944 1.327 18
61.99938 0.665 21
61.99938 0.968 24
33.99966 1.341 13
46.99953 1.151 15
60.99939 1.328 21
67.99932 0.655 23
49.9995 1.148 19
47.99952 0.550 17
54.99945 0.494 16
60.99939 0.904 23
59.9994 1.081 18
63.99936 0.887 23
45.99954 0.871 14
55.99944 0.257 23
63.99936 0.965 23
69.9993 0.806 28
48.99951 0.845 19
33.99966 1.035 11
46.99953 2.023 16
62.99937 0.591 22
47.99952 1.054 18
53.99946 0.550 22
36.99963 1.426 12
49.9995 1.278 19
20.99979 2.466 6
70.99929 0.682 25
56.99943 0.702 23
45.99954 0.753 17
56.99943 0.966 21
31.99968 2.360 10
72.99927 0.639 24
66.99933 0.325 29
49.9995 0.409 16
51.99948 2.394 19
52.99947 1.839 22
60.99939 0.631 21
37.99962 1.242 14
38.99961 0.989 14
69.9993 0.530 22
66.99933 0.567 22
61.99938 1.224 26
55.99944 1.192 18
49.9995 0.985 22
51.99948 1.001 20
57.99942 0.660 20
51.99948 0.843 20
58.99941 1.173 20
52.99947 1.186 19
49.9995 0.475 18
38.99961 1.235 17
54.99945 0.769 19
50.99949 0.972 18
47.99952 0.959 19
45.99954 0.560 17
58.99941 0.393 23
74.99925 0.471 28
51.99948 0.813 17
56.99943 0.951 22
43.99956 0.735 14
38.99961 0.550 16
57.99942 0.564 23
63.99936 0.661 25
55.99944 1.440 17
35.99964 1.330 13
19.9998 2.591 8
44.99955 0.836 17
53.99946 1.346 22
44.99955 1.761 16
44.99955 0.755 15
54.99945 0.917 23
62.99937 1.153 23
57.99942 0.546 23
26.99973 2.878 11
38.99961 0.627 13
61.99938 0.616 23
45.99954 2.172 16
61.99938 1.064 24
37.99962 1.122 13
48.99951 1.213 19
43.99956 1.095 17
51.99948 0.795 19
54.99945 0.931 18
36.99963 1.117 13
56.99943 1.336 23
55.99944 1.142 21
65.99934 0.520 21
52.99947 0.682 18
54.99945 0.512 20
26.99973 2.000 10
57.99942 0.471 19
48.99951 0.582 19
55.99944 0.429 20
65.99934 0.695 24
60.99939 0.523 26
53.99946 1.228 16
62.99937 1.607 25
51.99948 1.331 18
51.99948 0.718 19
56.99943 0.358 20
54.99945 1.254 19
31.99968 2.436 12
67.99932 0.621 20
55.99944 0.770 21
55.99944 0.795 21
70.99929 0.629 23
59.9994 0.779 19
57.99942 0.569 20
47.99952 0.700 17
59.9994 0.672 24
54.99945 0.784 19
49.9995 2.319 20
60.99939 0.408 23
34.99965 2.000 10
54.99945 0.897 22
43.99956 0.651 16
37.99962 1.251 16
52.99947 1.550 19
46.99953 1.637 18
59.9994 1.120 20
61.99938 0.607 18
49.9995 0.517 20
44.99955 1.303 16
63.99936 0.398 23
51.99948 1.676 22
47.99952 0.465 15
37.99962 0.522 16
33.99966 2.572 12
49.9995 0.998 16
63.99936 0.466 22
48.99951 1.319 18
50.99949 1.289 21
34.99965 1.121 13
6.99993 2.955 3
43.99956 0.929 15
58.99941 0.785 27
46.99953 1.165 19
50.99949 0.484 20
64.99935 0.689 20
65.99934 0.894 24
60.99939 1.686 23
56.99943 0.442 22
55.99944 1.376 22
50.99949 0.431 21
44.99955 1.657 15
51.99948 0.692 21
62.99937 0.322 24
60.99939 1.262 23
33.99966 2.501 15
63.99936 0.728 24
46.99953 0.831 20
42.99957 0.799 15
68.99931 0.915 24
48.99951 1.853 20
41.99958 1.539 17
47.99952 0.794 19
57.99942 0.588 20
54.99945 0.841 19
46.99953 2.018 19
61.99938 0.895 23
48.99951 1.296 18
75.99924 0.784 27
66.99933 0.607 20
45.99954 1.138 16
46.99953 2.150 20
55.99944 0.814 22
52.99947 1.102 21
65.99934 0.314 27
60.99939 1.244 23
41.99958 0.638 18
55.99944 0.557 20
61.99938 0.417 22
48.99951 0.603 20
52.99947 1.767 21
55.99944 0.477 17
58.99941 0.965 22
66.99933 1.029 24
53.99946 1.294 18
35.99964 2.481 15
66.99933 1.141 23
47.99952 1.776 14
50.99949 1.422 16
26.99973 2.177 12
50.99949 1.462 16
49.9995 1.776 17
45.99954 1.291 18
58.99941 0.530 21
39.9996 1.403 12
60.99939 0.790 21
57.99942 0.708 18
31.99968 2.143 13
72.99927 0.476 26
72.99927 0.888 27
47.99952 0.529 17
61.99938 0.616 25
54.99945 1.066 21
60.99939 0.884 24
50.99949 1.179 14
49.9995 0.626 17
32.99967 2.416 12
46.99953 0.846 20
32.99967 1.504 10
48.99951 0.709 18
53.99946 1.282 14
42.99957 0.804 14
49.9995 0.458 17
67.99932 0.656 25
50.99949 1.238 17
56.99943 0.658 20
54.99945 1.111 19
35.99964 0.967 11
61.99938 0.540 23
54.99945 0.775 23
44.99955 1.295 16
56.99943 0.666 24
57.99942 1.106 21
42.99957 1.221 14
52.99947 1.318 19
64.99935 0.524 21
54.99945 0.652 22
53.99946 0.543 23
52.99947 0.683 18
48.99951 0.916 18
35.99964 0.881 13
55.99944 0.987 22
72.99927 0.271 27
64.99935 1.365 25
40.99959 0.734 14
39.9996 0.643 15
60.99939 0.512 23
61.99938 0.611 24
37.99962 0.429 13
49.9995 1.240 19
34.99965 1.677 12
48.99951 1.191 19
70.99929 0.528 26
25.99974 2.213 8
3.99996 2.523 2
59.9994 1.437 24
57.99942 0.742 19
51.99948 1.483 17
55.99944 1.521 23
57.99942 1.303 20
34.99965 0.968 13
44.99955 0.633 16
67.99932 0.482 27
29.9997 0.965 11
30.99969 2.147 10
65.99934 0.976 24
43.99956 0.940 13
45.99954 0.857 18
62.99937 0.767 22
47.99952 1.190 19
48.99951 0.996 16
59.9994 1.146 27
60.99939 0.626 19
56.99943 0.731 20
61.99938 0.382 23
52.99947 0.846 24
53.99946 1.887 17
35.99964 0.796 13
34.99965 1.500 13
50.99949 0.763 18
64.99935 0.536 25
73.99926 0.489 27
57.99942 0.681 21
67.99932 0.825 24
52.99947 0.980 20
50.99949 1.535 21
32.99967 1.559 10
41.99958 1.233 14
56.99943 0.970 18
15.99984 2.585 7
60.99939 0.526 19
47.99952 1.116 16
38.99961 1.317 16
50.99949 0.389 16
44.99955 0.782 21
66.99933 0.909 23
30.99969 2.644 9
59.9994 0.354 22
48.99951 0.790 16
42.99957 0.885 16
44.99955 0.707 18
44.99955 0.975 17
55.99944 1.122 20
66.99933 0.565 25
58.99941 1.384 21
65.99934 0.477 23
48.99951 1.091 16
54.99945 0.852 21
37.99962 2.538 13
62.99937 0.735 20
48.99951 1.526 19
54.99945 0.612 26
32.99967 1.124 13
62.99937 0.445 23
41.99958 1.574 18
26.99973 2.887 8
55.99944 0.416 25
48.99951 0.510 19
50.99949 1.249 17
60.99939 0.993 21
48.99951 0.681 21
51.99948 1.643 21
71.99928 0.410 23
52.99947 1.023 18
63.99936 0.548 23
26.99973 1.384 9
41.99958 1.450 14
51.99948 0.704 22
60.99939 0.663 25
46.99953 0.741 18
55.99944 0.990 20
43.99956 1.583 15
43.99956 0.700 16
42.99957 2.520 16
48.99951 0.471 19
51.99948 1.372 18
52.99947 0.658 17
61.99938 0.473 21
49.9995 1.029 17
67.99932 0.448 23
53.99946 1.309 24
39.9996 1.242 16
60.99939 0.645 20
71.99928 0.474 24
59.9994 0.691 19
54.99945 0.597 20
60.99939 0.721 23
31.99968 0.905 13
46.99953 1.448 18
51.99948 0.897 16
53.99946 0.530 21
61.99938 0.812 24
50.99949 0.581 19
57.99942 1.247 20
35.99964 1.293 18
46.99953 0.588 20
55.99944 0.537 21
62.99937 1.672 23
50.99949 0.916 18
45.99954 0.520 18
62.99937 0.401 21
59.9994 0.937 25
54.99945 0.287 22
41.99958 2.148 14
60.99939 0.959 22
44.99955 1.828 15
47.99952 0.572 15
31.99968 0.987 10
54.99945 0.597 22
51.99948 0.562 21
57.99942 0.646 21
47.99952 0.777 21
64.99935 0.385 26
62.99937 0.997 21
62.99937 0.426 20
17.99982 2.365 7
64.99935 0.481 24
70.99929 0.738 25
57.99942 0.595 20
56.99943 1.054 18
57.99942 0.939 19
44.99955 0.924 16
56.99943 0.565 23
59.9994 0.845 18
58.99941 0.690 17
45.99954 0.614 16
55.99944 0.731 21
53.99946 1.778 21
48.99951 1.477 17
41.99958 1.486 17
58.99941 1.240 23
43.99956 1.070 19
62.99937 0.357 20
54.99945 0.636 21
49.9995 0.783 18
47.99952 0.901 17
43.99956 0.733 19
45.99954 2.350 17
55.99944 0.523 21
72.99927 0.567 23
52.99947 1.052 18
52.99947 0.701 18
72.99927 0.676 26
50.99949 1.062 18
44.99955 1.240 19
59.9994 0.615 23
52.99947 1.569 18
49.9995 0.503 18
63.99936 0.792 22
46.99953 0.804 16
53.99946 0.640 19
44.99955 0.968 17
37.99962 2.103 14
44.99955 1.034 17
50.99949 0.580 21
40.99959 1.352 12
51.99948 0.772 16
36.99963 2.155 11
69.9993 1.073 26
57.99942 0.724 21
30.99969 2.521 13
60.99939 0.686 23
34.99965 1.566 15
50.99949 0.939 20
42.99957 1.357 17
39.9996 1.807 14
66.99933 0.690 26
54.99945 0.408 22
72.99927 0.486 26
51.99948 1.386 22
57.99942 1.025 26
48.99951 0.606 16
47.99952 1.047 19
42.99957 1.599 18
61.99938 1.016 22
23.99976 2.426 7
64.99935 0.656 23
44.99955 1.188 17
48.99951 1.315 18
53.99946 0.895 21
66.99933 0.677 25
52.99947 0.563 22
44.99955 1.861 15
54.99945 1.276 19
29.9997 2.128 9
30.99969 0.923 10
52.99947 0.719 21
28.99971 1.013 11
52.99947 1.314 20
53.99946 1.598 22
7.99992 2.796 3
34.99965 1.072 13
42.99957 0.706 16
48.99951 1.512 17
38.99961 2.203 14
34.99965 1.140 15
47.99952 2.417 21
61.99938 0.787 18
61.99938 0.650 23
