17.99982 0.000 10
16.99983 0.010 9
16.99983 0.000 9
18.99981 0.010 8
13.99986 0.000 8
14.99985 0.021 8
12.99987 0.021 7
15.99984 0.010 8
15.99984 0.021 8
17.99982 0.021 7
15.99984 0.000 8
17.99982 0.010 7
17.99982 0.010 8
14.99985 0.010 7
16.99983 0.010 8
15.99984 0.021 7
13.99986 0.031 7
18.99981 0.021 7
12.99987 0.010 7
11.99988 0.031 6
13.99986 0.042 7
12.99987 0.052 6
19.9998 0.010 8
18.99981 0.010 7
18.99981 0.021 6
14.99985 0.000 8
15.99984 0.010 7
13.99986 0.010 7
12.99987 0.021 6
13.99986 0.021 7
12.99987 0.031 6
11.99988 0.052 5
13.99986 0.000 7
14.99985 0.021 7
16.99983 0.021 6
16.99983 0.010 6
13.99986 0.010 6
15.99984 0.010 6
15.99984 0.031 6
17.99982 0.021 6
13.99986 0.031 5
12.99987 0.000 7
11.99988 0.021 6
16.99983 0.000 8
14.99985 0.000 7
16.99983 0.010 7
16.99983 0.021 7
14.99985 0.031 6
19.9998 0.021 6
13.99986 0.031 6
14.99985 0.031 7
16.99983 0.031 6
17.99982 0.031 6
14.99985 0.021 6
13.99986 0.021 6
11.99988 0.031 5
14.99985 0.052 5
19.9998 0.010 7
17.99982 0.010 6
11.99988 0.000 6
15.99984 0.000 7
13.99986 0.000 6
14.99985 0.010 6
10.99989 0.021 5
16.99983 0.021 5
17.99982 0.021 5
17.99982 0.031 5
15.99984 0.031 5
15.99984 0.021 6
11.99988 0.042 6
10.99989 0.042 5
12.99987 0.042 6
10.99989 0.063 5
12.99987 0.063 4
8.99991 0.042 4
10.99989 0.042 6
8.99991 0.042 5
9.9999 0.063 5
16.99983 0.031 5
9.9999 0.042 5
8.99991 0.063 4
20.99979 0.021 6
14.99985 0.031 5
7.99992 0.042 4
13.99986 0.052 5
10.99989 0.063 4
7.99992 0.083 4
5.99994 0.083 3
20.99979 0.042 9
19.9998 0.052 8
19.9998 0.042 8
22.99977 0.052 7
16.99983 0.042 7
17.99982 0.062 7
15.99984 0.062 6
18.99981 0.042 7
18.99981 0.052 7
20.99979 0.052 6
20.99979 0.062 6
18.99981 0.062 7
20.99979 0.052 7
17.99982 0.052 6
17.99982 0.042 7
19.9998 0.052 7
18.99981 0.052 6
16.99983 0.052 6
21.99978 0.062 6
22.99977 0.062 6
18.99981 0.062 6
16.99983 0.073 6
15.99984 0.062 5
15.99984 0.052 6
15.99984 0.073 6
13.99986 0.073 5
23.99976 0.052 7
22.99977 0.052 6
21.99978 0.062 5
16.99983 0.062 6
14.99985 0.073 5
16.99983 0.083 6
14.99985 0.094 5
13.99986 0.094 4
18.99981 0.052 8
17.99982 0.052 7
17.99982 0.062 6
19.9998 0.062 6
15.99984 0.073 5
17.99982 0.073 5
19.9998 0.073 5
21.99978 0.052 6
16.99983 0.042 6
20.99979 0.052 5
18.99981 0.062 5
19.9998 0.062 5
16.99983 0.052 5
17.99982 0.062 5
16.99983 0.062 5
22.99977 0.062 5
19.9998 0.052 5
18.99981 0.073 5
20.99979 0.062 5
16.99983 0.073 4
15.99984 0.042 6
14.99985 0.062 5
19.9998 0.042 7
17.99982 0.042 6
19.9998 0.052 6
16.99983 0.073 5
14.99985 0.073 4
15.99984 0.073 4
17.99982 0.094 4
19.9998 0.083 8
16.99983 0.094 7
18.99981 0.083 7
17.99982 0.094 6
18.99981 0.094 7
15.99984 0.104 6
18.99981 0.094 6
14.99985 0.104 5
16.99983 0.104 5
20.99979 0.094 6
18.99981 0.094 5
21.99978 0.094 6
19.9998 0.094 5
16.99983 0.094 6
15.99984 0.104 5
15.99984 0.094 5
16.99983 0.104 6
13.99986 0.114 5
12.99987 0.114 4
18.99981 0.104 5
19.9998 0.104 5
22.99977 0.094 6
20.99979 0.094 5
16.99983 0.104 4
14.99985 0.125 5
11.99988 0.135 4
13.99986 0.135 3
16.99983 0.083 8
15.99984 0.094 7
16.99983 0.083 7
13.99986 0.083 6
13.99986 0.104 6
12.99987 0.104 5
15.99984 0.083 6
15.99984 0.094 6
17.99982 0.094 5
19.9998 0.094 6
17.99982 0.104 5
14.99985 0.104 6
14.99985 0.094 6
14.99985 0.083 6
13.99986 0.094 5
12.99987 0.114 5
12.99987 0.104 4
12.99987 0.094 5
10.99989 0.114 5
9.9999 0.114 4
17.99982 0.104 4
13.99986 0.104 5
10.99989 0.114 4
12.99987 0.125 5
9.9999 0.135 4
9.9999 0.135 3
13.99986 0.167 6
12.99987 0.177 5
10.99989 0.188 4
9.9999 0.188 4
7.99992 0.208 3
18.99981 0.052 5
15.99984 0.052 5
13.99986 0.042 5
15.99984 0.042 5
12.99987 0.062 4
17.99982 0.052 5
18.99981 0.062 4
13.99986 0.062 5
11.99988 0.062 4
13.99986 0.094 6
14.99985 0.104 4
10.99989 0.094 4
15.99984 0.104 4
7.99992 0.114 3
12.99987 0.094 4
16.99983 0.094 5
11.99988 0.114 3
12.99987 0.177 4
10.99989 0.188 3
13.99986 0.063 4
10.99989 0.083 3
6.99993 0.208 2
17.99982 0.000 9
17.99982 0.000 8
12.99987 0.010 6
13.99986 0.042 6
12.99987 0.052 5
11.99988 0.021 5
12.99987 0.031 5
10.99989 0.052 4
16.99983 0.000 7
18.99981 0.010 6
12.99987 0.021 5
14.99985 0.000 6
16.99983 0.010 5
13.99986 0.010 5
15.99984 0.010 5
18.99981 0.021 5
19.9998 0.021 5
13.99986 0.031 4
12.99987 0.000 6
15.99984 0.021 5
12.99987 0.010 5
14.99985 0.010 5
12.99987 0.031 4
14.99985 0.021 5
13.99986 0.021 5
10.99989 0.031 4
13.99986 0.052 4
10.99989 0.000 5
11.99988 0.000 5
9.9999 0.021 4
15.99984 0.021 4
15.99984 0.031 4
14.99985 0.031 4
9.9999 0.000 5
8.99991 0.021 4
14.99985 0.021 4
11.99988 0.031 4
9.9999 0.042 4
12.99987 0.042 5
9.9999 0.063 4
10.99989 0.063 3
6.99993 0.042 3
7.99992 0.063 3
16.99983 0.021 4
5.99994 0.042 3
11.99988 0.052 4
8.99991 0.063 3
6.99993 0.083 3
3.99996 0.083 2
8.99991 0.083 2
14.99985 0.167 5
13.99986 0.177 4
7.99992 0.208 2
21.99978 0.083 8
19.9998 0.094 7
20.99979 0.083 7
18.99981 0.083 6
19.9998 0.083 7
17.99982 0.104 6
20.99979 0.094 7
18.99981 0.104 6
23.99976 0.094 6
21.99978 0.094 5
17.99982 0.083 6
19.9998 0.083 6
16.99983 0.083 5
15.99984 0.083 5
19.9998 0.104 4
20.99979 0.104 5
13.99986 0.104 4
20.99979 0.125 7
17.99982 0.135 6
19.9998 0.125 6
18.99981 0.135 5
18.99981 0.125 6
17.99982 0.125 5
17.99982 0.135 5
18.99981 0.135 6
15.99984 0.146 5
14.99985 0.146 4
16.99983 0.135 5
15.99984 0.146 4
20.99979 0.135 5
18.99981 0.135 4
23.99976 0.083 8
22.99977 0.094 7
22.99977 0.083 7
25.99974 0.094 6
20.99979 0.104 6
21.99978 0.094 7
22.99977 0.104 5
20.99979 0.083 6
23.99976 0.094 5
23.99976 0.104 5
21.99978 0.083 6
22.99977 0.104 4
19.9998 0.104 6
22.99977 0.125 7
19.9998 0.135 6
21.99978 0.125 6
21.99978 0.135 6
18.99981 0.146 5
23.99976 0.135 5
24.99975 0.135 5
20.99979 0.135 6
17.99982 0.146 5
17.99982 0.146 4
19.9998 0.125 7
16.99983 0.125 5
21.99978 0.135 5
16.99983 0.146 5
16.99983 0.135 4
16.99983 0.208 5
14.99985 0.219 4
17.99982 0.083 5
18.99981 0.094 4
24.99975 0.094 5
19.9998 0.083 5
18.99981 0.083 5
20.99979 0.094 4
15.99984 0.135 4
15.99984 0.146 3
19.9998 0.135 5
16.99983 0.146 4
17.99982 0.135 4
16.99983 0.146 3
14.99985 0.219 3
19.9998 0.125 5
21.99978 0.135 4
18.99981 0.125 5
14.99985 0.135 4
19.9998 0.135 4
15.99984 0.094 4
12.99987 0.083 4
14.99985 0.083 4
11.99988 0.104 3
15.99984 0.083 4
11.99988 0.135 3
14.99985 0.135 3
19.9998 0.094 4
17.99982 0.104 3
18.99981 0.104 4
10.99989 0.104 3
18.99981 0.166 6
15.99984 0.177 5
16.99983 0.166 5
15.99984 0.177 4
13.99986 0.166 4
12.99987 0.187 4
10.99989 0.187 3
21.99978 0.166 6
18.99981 0.177 5
15.99984 0.187 4
17.99982 0.166 5
16.99983 0.177 4
16.99983 0.177 5
13.99986 0.187 4
18.99981 0.177 4
14.99985 0.250 4
11.99988 0.260 3
13.99986 0.187 3
9.9999 0.260 2
10.99989 0.187 2
12.99987 0.177 3
10.99989 0.166 3
7.99992 0.187 2
13.99986 0.250 3
10.99989 0.260 2
15.99984 0.166 6
14.99985 0.177 5
15.99984 0.166 5
12.99987 0.166 4
9.9999 0.187 4
8.99991 0.187 3
12.99987 0.250 4
8.99991 0.260 3
9.9999 0.187 3
6.99993 0.187 2
13.99986 0.166 5
14.99985 0.177 3
9.9999 0.166 3
7.99992 0.187 3
4.99995 0.333 2
15.99984 0.219 3
2.99997 0.333 1
