15.99984 0.000 10
14.99985 0.008 9
15.99984 0.008 9
15.99984 0.020 8
12.99987 0.017 8
13.99986 0.017 8
11.99988 0.034 7
13.99986 0.016 8
14.99985 0.028 7
15.99984 0.019 8
14.99985 0.027 7
14.99985 0.016 8
13.99986 0.027 7
15.99984 0.032 7
14.99985 0.047 6
14.99985 0.007 9
11.99988 0.015 8
13.99986 0.015 8
11.99988 0.024 7
10.99989 0.024 7
10.99989 0.041 6
15.99984 0.018 8
14.99985 0.026 7
15.99984 0.038 6
12.99987 0.024 7
14.99985 0.040 6
15.99984 0.012 8
14.99985 0.020 7
15.99984 0.032 6
10.99989 0.031 7
9.9999 0.039 6
13.99986 0.026 7
13.99986 0.038 6
13.99986 0.045 6
12.99987 0.015 8
11.99988 0.038 6
11.99988 0.031 7
10.99989 0.039 6
10.99989 0.061 5
13.99986 0.025 7
14.99985 0.015 8
11.99988 0.023 7
14.99985 0.025 7
12.99987 0.023 7
10.99989 0.038 6
12.99987 0.034 6
14.99985 0.019 7
13.99986 0.028 6
13.99986 0.023 7
11.99988 0.034 6
13.99986 0.035 6
15.99984 0.007 9
12.99987 0.035 6
13.99986 0.034 6
14.99985 0.039 6
12.99987 0.054 5
14.99985 0.037 6
14.99985 0.038 6
14.99985 0.050 5
10.99989 0.037 6
12.99987 0.037 6
9.9999 0.050 5
15.99984 0.017 8
11.99988 0.033 6
13.99986 0.037 6
13.99986 0.044 6
11.99988 0.052 5
10.99989 0.023 7
9.9999 0.038 6
12.99987 0.053 5
15.99984 0.031 6
15.99984 0.037 6
10.99989 0.050 5
13.99986 0.039 6
12.99987 0.050 5
15.99984 0.029 7
12.99987 0.049 5
9.9999 0.060 5
11.99988 0.061 5
10.99989 0.077 4
11.99988 0.022 7
12.99987 0.022 7
12.99987 0.033 6
13.99986 0.033 6
14.99985 0.024 7
8.99991 0.031 6
10.99989 0.031 6
7.99992 0.046 5
11.99988 0.044 5
9.9999 0.031 6
13.99986 0.044 5
11.99988 0.045 5
10.99989 0.044 5
9.9999 0.044 5
12.99987 0.048 5
12.99987 0.045 5
12.99987 0.014 8
7.99992 0.048 5
8.99991 0.068 4
14.99985 0.035 6
15.99984 0.035 6
12.99987 0.044 5
10.99989 0.064 4
11.99988 0.035 6
10.99989 0.048 5
14.99985 0.044 5
12.99987 0.051 5
12.99987 0.063 4
13.99986 0.014 8
10.99989 0.022 7
7.99992 0.031 6
12.99987 0.047 5
13.99986 0.027 6
11.99988 0.027 6
12.99987 0.039 5
6.99993 0.046 5
10.99989 0.045 5
7.99992 0.068 4
9.9999 0.048 5
15.99984 0.030 6
12.99987 0.038 5
14.99985 0.048 5
11.99988 0.062 4
4.99995 0.061 4
11.99988 0.028 7
10.99989 0.036 6
7.99992 0.045 5
4.99995 0.062 4
14.99985 0.042 6
10.99989 0.062 4
10.99989 0.058 5
7.99992 0.066 4
14.99985 0.030 6
11.99988 0.058 5
8.99991 0.066 4
10.99989 0.075 4
13.99986 0.040 6
11.99988 0.047 5
9.9999 0.046 5
13.99986 0.038 5
8.99991 0.046 5
8.99991 0.067 4
9.9999 0.045 5
13.99986 0.048 5
13.99986 0.050 5
9.9999 0.062 4
10.99989 0.035 6
6.99993 0.061 4
14.99985 0.031 6
13.99986 0.030 6
10.99989 0.043 5
5.99994 0.061 4
11.99988 0.053 5
11.99988 0.057 4
11.99988 0.051 5
11.99988 0.063 4
9.9999 0.061 5
6.99993 0.068 4
9.9999 0.058 5
6.99993 0.066 4
3.99996 0.092 3
15.99984 0.070 8
12.99987 0.077 7
14.99985 0.077 7
13.99986 0.087 6
11.99988 0.084 6
14.99985 0.087 6
10.99989 0.098 5
15.99984 0.078 7
13.99986 0.085 6
14.99985 0.085 6
13.99986 0.095 5
14.99985 0.088 6
12.99987 0.095 5
14.99985 0.078 7
11.99988 0.085 6
13.99986 0.100 5
15.99984 0.088 6
12.99987 0.113 4
12.99987 0.086 6
13.99986 0.086 6
13.99986 0.096 5
11.99988 0.093 5
14.99985 0.096 5
12.99987 0.106 4
14.99985 0.079 7
11.99988 0.086 6
11.99988 0.096 5
10.99989 0.093 5
8.99991 0.093 5
12.99987 0.096 5
7.99992 0.107 4
15.99984 0.089 6
10.99989 0.106 4
11.99988 0.101 5
8.99991 0.108 4
11.99988 0.107 4
9.9999 0.106 4
10.99989 0.101 5
7.99992 0.108 4
12.99987 0.114 4
6.99993 0.128 3
11.99988 0.131 6
10.99989 0.139 5
10.99989 0.140 5
11.99988 0.150 4
10.99989 0.138 5
7.99992 0.147 4
11.99988 0.149 4
9.9999 0.146 4
6.99993 0.162 3
14.99985 0.106 7
12.99987 0.113 6
11.99988 0.122 5
13.99986 0.113 6
10.99989 0.120 5
12.99987 0.122 5
13.99986 0.122 5
8.99991 0.134 4
14.99985 0.113 6
11.99988 0.120 5
13.99986 0.120 5
11.99988 0.130 4
13.99986 0.123 5
10.99989 0.130 4
14.99985 0.123 5
13.99986 0.135 4
15.99984 0.123 5
12.99987 0.130 4
9.9999 0.148 3
14.99985 0.101 7
12.99987 0.108 6
11.99988 0.119 5
13.99986 0.108 6
10.99989 0.116 5
12.99987 0.119 5
13.99986 0.109 6
12.99987 0.120 5
8.99991 0.132 4
14.99985 0.108 6
11.99988 0.115 5
13.99986 0.116 5
11.99988 0.127 4
13.99986 0.117 5
11.99988 0.126 4
11.99988 0.116 5
10.99989 0.126 4
14.99985 0.119 5
13.99986 0.130 4
15.99984 0.120 5
12.99987 0.127 4
14.99985 0.131 6
13.99986 0.139 5
13.99986 0.140 5
13.99986 0.150 4
10.99989 0.146 4
13.99986 0.138 5
10.99989 0.147 4
13.99986 0.149 4
12.99987 0.146 4
12.99987 0.149 4
9.9999 0.162 3
15.99984 0.118 5
12.99987 0.125 4
12.99987 0.141 6
10.99989 0.148 5
11.99988 0.148 5
10.99989 0.158 4
8.99991 0.155 4
7.99992 0.155 4
5.99994 0.169 3
14.99985 0.172 5
12.99987 0.179 4
10.99989 0.188 3
12.99987 0.131 6
11.99988 0.140 5
11.99988 0.139 5
10.99989 0.150 4
8.99991 0.146 4
11.99988 0.138 5
10.99989 0.149 4
5.99994 0.162 3
10.99989 0.202 4
7.99992 0.209 3
11.99988 0.202 4
8.99991 0.209 3
9.9999 0.232 3
14.99985 0.096 7
13.99986 0.103 6
12.99987 0.103 6
12.99987 0.114 5
10.99989 0.111 5
13.99986 0.114 5
12.99987 0.104 6
12.99987 0.115 5
8.99991 0.127 4
11.99988 0.111 5
11.99988 0.112 5
10.99989 0.122 4
15.99984 0.108 5
12.99987 0.116 4
14.99985 0.104 6
13.99986 0.111 5
11.99988 0.122 4
14.99985 0.115 5
11.99988 0.123 4
13.99986 0.128 4
15.99984 0.114 5
12.99987 0.122 4
12.99987 0.121 6
11.99988 0.130 5
10.99989 0.141 4
8.99991 0.138 4
5.99994 0.155 3
11.99988 0.143 4
10.99989 0.232 3
4.99995 0.263 2
15.99984 0.059 8
12.99987 0.068 7
14.99985 0.068 7
13.99986 0.079 6
11.99988 0.076 6
14.99985 0.079 6
15.99984 0.067 7
13.99986 0.076 6
14.99985 0.076 6
13.99986 0.087 5
14.99985 0.078 6
12.99987 0.087 5
14.99985 0.067 7
13.99986 0.092 5
15.99984 0.078 6
12.99987 0.107 4
12.99987 0.075 6
14.99985 0.075 6
13.99986 0.086 5
11.99988 0.083 5
15.99984 0.086 5
13.99986 0.097 4
14.99985 0.066 7
11.99988 0.075 6
13.99986 0.075 6
11.99988 0.086 5
10.99989 0.083 5
8.99991 0.083 5
12.99987 0.086 5
7.99992 0.100 4
15.99984 0.077 6
10.99989 0.097 4
11.99988 0.090 5
8.99991 0.099 4
14.99985 0.086 5
12.99987 0.097 4
12.99987 0.099 4
10.99989 0.090 5
7.99992 0.099 4
12.99987 0.105 4
7.99992 0.121 3
12.99987 0.130 6
11.99988 0.137 5
8.99991 0.145 4
12.99987 0.148 4
10.99989 0.145 4
7.99992 0.161 3
12.99987 0.165 5
10.99989 0.172 4
11.99988 0.173 4
12.99987 0.183 3
13.99986 0.160 5
11.99988 0.169 4
12.99987 0.168 4
13.99986 0.179 3
13.99986 0.165 5
13.99986 0.173 4
11.99988 0.172 4
10.99989 0.201 4
7.99992 0.208 3
12.99987 0.231 3
14.99985 0.155 5
13.99986 0.164 4
12.99987 0.164 4
12.99987 0.175 3
11.99988 0.191 4
8.99991 0.199 3
8.99991 0.261 2
11.99988 0.129 6
10.99989 0.136 5
10.99989 0.137 5
11.99988 0.148 4
7.99992 0.144 4
11.99988 0.147 4
9.9999 0.144 4
6.99993 0.160 3
7.99992 0.260 2
15.99984 0.967 9
14.99985 0.976 8
15.99984 0.976 8
15.99984 0.987 7
12.99987 0.984 7
13.99986 0.984 7
11.99988 1.001 6
14.99985 0.975 8
13.99986 0.983 7
14.99985 0.995 6
15.99984 0.986 7
14.99985 0.994 6
14.99985 0.983 7
13.99986 0.994 6
15.99984 0.999 6
13.99986 1.014 5
14.99985 0.974 8
11.99988 0.983 7
11.99988 0.991 6
10.99989 0.991 6
10.99989 1.008 5
15.99984 0.985 7
14.99985 0.993 6
15.99984 1.005 5
12.99987 0.982 7
13.99986 0.982 7
13.99986 1.007 5
15.99984 0.979 7
14.99985 0.987 6
15.99984 0.999 5
10.99989 0.998 6
9.9999 1.006 5
13.99986 0.993 6
13.99986 1.005 5
13.99986 1.013 5
10.99989 1.005 5
11.99988 0.998 6
10.99989 1.006 5
9.9999 1.029 4
14.99985 0.982 7
11.99988 0.990 6
12.99987 0.990 6
12.99987 0.991 6
12.99987 1.001 5
13.99986 0.995 5
13.99986 0.990 6
11.99988 1.001 5
13.99986 1.002 5
14.99985 1.007 5
15.99984 0.974 8
12.99987 0.983 7
12.99987 1.002 5
13.99986 1.001 5
14.99985 1.006 5
11.99988 1.021 4
13.99986 1.004 5
14.99985 1.005 5
14.99985 1.004 5
13.99986 1.017 4
10.99989 1.004 5
12.99987 1.004 5
9.9999 1.017 4
15.99984 0.984 7
13.99986 0.992 6
14.99985 0.992 6
13.99986 1.011 5
11.99988 1.019 4
10.99989 0.990 6
11.99988 1.020 4
15.99984 0.998 5
15.99984 1.004 5
13.99986 1.006 5
12.99987 1.017 4
15.99984 0.997 6
9.9999 1.027 4
10.99989 1.017 4
10.99989 1.029 4
9.9999 1.044 3
15.99984 0.975 8
11.99988 0.989 6
12.99987 0.989 6
13.99986 1.000 5
11.99988 1.000 5
14.99985 0.991 6
12.99987 1.000 5
8.99991 0.998 5
10.99989 0.998 5
7.99992 1.013 4
11.99988 1.011 4
9.9999 0.998 5
12.99987 1.011 4
11.99988 1.012 4
13.99986 1.003 5
10.99989 1.011 4
9.9999 1.011 4
12.99987 1.015 4
12.99987 1.012 4
12.99987 0.981 7
7.99992 1.015 4
7.99992 1.036 3
14.99985 1.003 5
12.99987 1.016 4
15.99984 1.003 5
9.9999 1.031 3
10.99989 1.003 5
9.9999 1.016 4
10.99989 1.030 3
13.99986 0.981 7
7.99992 0.998 5
11.99988 1.014 4
14.99985 0.986 6
13.99986 0.994 5
11.99988 0.994 5
12.99987 1.006 4
9.9999 1.005 5
6.99993 1.013 4
10.99989 1.012 4
9.9999 1.012 4
6.99993 1.036 3
15.99984 0.997 5
12.99987 1.005 4
13.99986 1.015 4
11.99988 1.013 4
9.9999 1.029 3
4.99995 1.029 3
11.99988 0.995 6
9.9999 1.015 4
7.99992 1.012 4
3.99996 1.029 3
13.99986 1.009 5
11.99988 1.018 4
9.9999 1.025 4
6.99993 1.033 3
14.99985 0.997 5
10.99989 1.016 4
10.99989 1.025 4
7.99992 1.033 3
9.9999 1.042 3
12.99987 0.994 5
6.99993 1.034 3
14.99985 0.998 5
13.99986 0.997 5
11.99988 1.005 4
10.99989 1.010 4
10.99989 1.024 3
1.99998 1.059 2
14.99985 1.040 7
13.99986 1.047 6
14.99985 1.048 6
14.99985 1.047 6
15.99984 1.059 5
13.99986 1.055 5
15.99984 1.057 5
12.99987 1.055 5
12.99987 1.071 4
13.99986 1.048 6
12.99987 1.056 5
13.99986 1.056 5
14.99985 1.066 4
15.99984 1.060 5
14.99985 1.067 4
15.99984 1.072 4
14.99985 1.059 5
13.99986 1.066 4
12.99987 1.063 4
13.99986 1.054 5
13.99986 1.065 4
10.99989 1.063 4
9.9999 1.078 3
13.99986 1.076 3
12.99987 1.054 5
10.99989 1.055 5
9.9999 1.063 4
12.99987 1.067 4
12.99987 1.066 4
12.99987 1.079 3
14.99985 1.065 4
10.99989 1.076 3
15.99984 1.056 5
12.99987 1.065 4
15.99984 1.069 4
12.99987 1.078 3
14.99985 1.057 5
9.9999 1.071 4
7.99992 1.078 3
11.99988 1.085 3
11.99988 1.084 3
7.99992 1.099 2
10.99989 1.112 5
9.9999 1.120 4
9.9999 1.121 4
10.99989 1.131 3
9.9999 1.119 4
6.99993 1.128 3
10.99989 1.130 3
8.99991 1.128 3
5.99994 1.143 2
14.99985 0.094 7
12.99987 0.102 6
11.99988 0.113 5
13.99986 0.102 6
10.99989 0.109 5
12.99987 0.113 5
13.99986 0.101 6
10.99989 0.110 5
12.99987 0.112 5
13.99986 0.112 5
8.99991 0.125 4
10.99989 0.195 4
11.99988 0.195 4
11.99988 0.190 4
12.99987 0.190 4
9.9999 0.225 3
14.99985 0.103 6
11.99988 0.110 5
13.99986 0.110 5
11.99988 0.120 4
11.99988 0.198 3
11.99988 0.121 4
12.99987 0.200 4
11.99988 0.207 3
11.99988 0.109 5
10.99989 0.121 4
12.99987 0.172 4
9.9999 0.203 3
14.99985 0.113 5
13.99986 0.126 4
15.99984 0.112 5
12.99987 0.120 4
12.99987 0.182 3
14.99985 0.089 7
12.99987 0.098 6
13.99986 0.098 6
10.99989 0.106 5
12.99987 0.109 5
13.99986 0.109 5
8.99991 0.123 4
14.99985 0.097 6
11.99988 0.105 5
13.99986 0.105 5
11.99988 0.117 4
13.99986 0.108 5
11.99988 0.116 4
13.99986 0.097 6
10.99989 0.117 4
14.99985 0.108 5
13.99986 0.121 4
9.9999 0.136 3
12.99987 0.160 5
10.99989 0.168 4
11.99988 0.167 4
12.99987 0.179 3
8.99991 0.203 3
10.99989 0.203 3
12.99987 0.195 4
9.9999 0.230 3
10.99989 0.261 2
14.99985 0.129 6
13.99986 0.136 5
13.99986 0.137 5
13.99986 0.148 4
10.99989 0.144 4
13.99986 0.147 4
12.99987 0.144 4
9.9999 0.160 3
9.9999 0.260 2
14.99985 1.112 5
13.99986 1.120 4
13.99986 1.121 4
12.99987 1.131 3
10.99989 1.128 3
13.99986 1.119 4
12.99987 1.130 3
7.99992 1.143 2
8.99991 1.185 3
5.99994 1.193 2
14.99985 0.099 7
13.99986 0.107 6
12.99987 0.107 6
12.99987 0.118 5
10.99989 0.114 5
13.99986 0.118 5
12.99987 0.106 6
11.99988 0.117 5
12.99987 0.117 5
8.99991 0.130 4
11.99988 0.114 5
10.99989 0.124 4
14.99985 0.106 6
11.99988 0.125 4
14.99985 0.117 5
11.99988 0.124 4
14.99985 0.169 5
13.99986 0.176 4
12.99987 0.176 4
12.99987 0.186 3
11.99988 0.200 4
9.9999 0.202 3
12.99987 0.139 6
11.99988 0.146 5
10.99989 0.155 4
8.99991 0.153 4
5.99994 0.167 3
6.99993 0.260 2
12.99987 0.129 6
11.99988 0.136 5
10.99989 0.148 4
8.99991 0.144 4
5.99994 0.160 3
11.99988 0.199 4
8.99991 0.206 3
5.99994 0.260 2
12.99987 1.124 5
11.99988 1.131 4
10.99989 1.140 3
8.99991 1.138 3
4.99995 1.152 2
12.99987 1.112 5
11.99988 1.121 4
11.99988 1.120 4
11.99988 1.119 4
7.99992 1.128 3
11.99988 1.191 3
8.99991 1.198 2
12.99987 1.191 3
9.9999 1.198 2
13.99986 0.167 4
11.99988 0.168 4
12.99987 0.119 6
10.99989 0.128 5
11.99988 0.128 5
10.99989 0.139 4
8.99991 0.136 4
7.99992 0.136 4
5.99994 0.153 3
10.99989 0.190 4
7.99992 0.198 3
3.99996 0.260 2
14.99985 0.154 5
12.99987 0.162 4
10.99989 0.174 3
10.99989 0.260 2
11.99988 0.189 4
8.99991 0.197 3
12.99987 1.101 5
11.99988 1.110 4
10.99989 1.121 3
8.99991 1.118 3
4.99995 1.135 2
12.99987 1.180 3
9.9999 1.188 2
12.99987 0.224 3
10.99989 0.223 3
18.99981 1.040 7
17.99982 1.047 6
17.99982 1.048 6
18.99981 1.059 5
15.99984 1.055 5
18.99981 1.057 5
16.99983 1.055 5
17.99982 1.059 5
17.99982 1.057 5
14.99985 1.071 4
16.99983 1.056 5
16.99983 1.066 4
17.99982 1.066 4
18.99981 1.060 5
16.99983 1.067 4
17.99982 1.072 4
16.99983 1.054 5
14.99985 1.055 5
13.99986 1.063 4
14.99985 1.079 3
17.99982 1.065 4
14.99985 1.063 4
16.99983 1.065 4
15.99984 1.066 4
15.99984 1.065 4
11.99988 1.078 3
15.99984 1.076 3
18.99981 1.052 5
17.99982 1.060 4
17.99982 1.059 4
16.99983 1.059 4
15.99984 1.070 3
13.99986 1.071 4
12.99987 1.076 3
15.99984 1.085 3
18.99981 1.056 5
15.99984 1.084 3
17.99982 1.069 4
14.99985 1.078 3
9.9999 1.099 2
11.99988 0.141 4
10.99989 0.189 4
7.99992 0.197 3
7.99992 0.259 2
9.9999 0.223 3
4.99995 0.258 2
11.99988 1.112 5
10.99989 1.120 4
10.99989 1.121 4
11.99988 1.131 3
10.99989 1.119 4
11.99988 1.130 3
11.99988 1.124 3
11.99988 1.180 3
8.99991 1.188 2
1.99998 1.258 1
