39 4
33 3
36 4
30 3
33 3
36 5
30 4
36 4
33 4
33 3
33 4
30 3
33 4
33 3
24 3
36 4
33 3
30 3
36 3
27 2
39 6
36 5
33 5
39 5
36 4
36 5
33 4
36 5
30 4
42 4
36 5
33 4
33 4
39 4
33 3
36 5
33 4
33 4
33 4
33 3
33 5
27 4
30 4
30 4
27 3
27 4
24 3
36 5
30 4
33 4
33 4
36 3
36 4
30 3
36 4
30 3
24 3
39 5
36 4
33 4
33 4
33 3
42 4
36 3
36 4
30 3
36 3
39 4
33 3
36 3
36 3
27 2
30 5
30 4
27 4
27 4
30 3
27 4
21 3
30 4
24 3
30 3
30 4
24 3
30 3
30 3
24 2
39 6
33 5
33 5
39 5
36 4
36 5
30 4
33 5
27 4
30 4
33 5
27 4
36 4
36 4
24 3
36 5
33 4
30 4
33 4
30 3
36 5
33 4
36 4
33 4
33 3
36 4
30 3
36 5
30 4
30 4
30 4
24 3
33 4
27 3
42 4
36 3
33 3
33 5
30 4
30 4
33 4
30 3
39 4
36 3
36 4
30 3
33 3
33 4
27 3
33 3
33 3
27 2
33 5
33 4
30 4
30 4
33 3
30 4
24 3
30 4
24 3
36 3
30 4
30 3
33 3
33 3
27 2
39 5
33 4
36 4
33 4
33 3
33 4
27 3
36 4
33 3
36 3
33 4
27 3
36 3
36 3
30 2
30 4
27 3
