63 5
66 6
57 5
75 5
66 6
57 5
60 5
60 5
57 4
72 5
63 4
63 7
57 6
60 6
54 6
57 5
60 6
51 5
60 6
54 5
60 5
60 6
51 5
60 5
57 5
48 4
57 6
51 5
54 5
48 5
51 4
63 5
54 4
63 5
57 4
60 6
51 5
54 5
54 5
54 4
54 5
45 4
57 4
66 6
60 5
63 5
66 4
60 5
54 4
66 6
57 5
57 5
48 4
54 4
45 3
57 6
51 5
51 5
48 5
48 4
48 5
39 4
51 5
45 4
48 4
51 5
45 4
48 4
48 4
36 3
45 4
36 3
51 8
48 7
51 7
63 6
51 7
45 6
63 6
48 7
45 6
60 6
60 6
42 5
48 7
48 6
45 6
57 5
51 7
48 6
48 6
60 5
51 6
48 5
57 6
51 5
48 7
42 6
48 6
45 6
45 5
45 6
39 5
57 5
51 5
48 7
45 6
48 6
57 5
48 6
42 5
57 5
42 6
33 5
54 5
54 5
33 4
39 5
30 4
57 6
51 5
54 5
54 4
51 7
45 6
48 6
42 6
45 5
48 6
39 5
60 5
51 6
45 5
48 5
45 5
39 4
57 6
51 5
54 5
54 4
57 6
51 5
51 5
39 5
30 4
30 3
60 7
57 6
60 6
63 5
60 6
51 5
66 5
57 6
48 5
63 5
66 5
45 4
54 6
51 5
51 5
54 4
57 6
54 5
54 5
57 4
57 5
51 4
66 5
54 4
60 7
57 6
60 6
