27 3
12 2
54 6
51 5
51 5
51 5
42 4
51 5
42 4
33 3
27 2
45 5
42 4
42 4
42 4
33 3
42 4
33 3
24 2
63 9
60 8
60 8
69 7
60 8
51 7
69 7
60 8
54 7
69 7
69 7
48 6
60 8
57 7
57 7
63 6
60 8
57 7
57 7
66 6
63 7
54 6
69 7
63 6
60 8
54 7
57 7
60 7
57 6
57 7
51 6
63 6
69 6
60 8
57 7
57 7
63 6
57 7
48 6
66 6
57 7
48 6
63 6
66 6
42 5
51 6
45 5
72 7
66 6
69 6
66 5
60 8
60 7
57 7
54 7
57 6
57 7
51 6
66 6
63 7
57 6
54 6
57 6
48 5
72 7
69 6
69 6
66 5
69 7
66 6
69 6
51 6
45 5
42 4
60 8
57 7
57 7
69 6
57 7
51 6
69 6
57 7
54 6
66 6
66 6
48 5
54 7
54 6
51 6
63 5
57 7
54 6
51 6
63 5
57 6
51 5
63 6
57 5
69 7
66 6
66 6
66 5
66 6
60 5
63 5
66 6
57 5
66 5
66 5
51 4
60 8
57 7
57 7
66 6
57 7
48 6
66 6
57 7
51 6
66 6
66 6
45 5
57 7
54 6
54 6
60 5
60 7
57 6
54 6
63 5
60 6
51 5
69 6
63 5
60 7
54 6
57 6
60 6
57 5
57 6
51 5
63 5
69 5
69 7
66 6
69 6
66 5
69 6
60 5
63 5
66 6
51 5
69 5
69 5
