57 6
57 7
51 6
57 6
54 6
45 5
57 7
48 6
54 6
54 6
51 5
66 6
63 5
69 6
60 5
57 7
54 6
54 6
48 6
51 5
51 6
42 5
51 6
48 5
51 5
51 6
48 5
51 5
48 5
39 4
66 6
57 5
60 5
60 5
57 4
57 7
54 6
54 6
48 6
51 5
51 6
42 5
60 5
63 6
60 5
60 5
54 5
57 4
66 6
57 5
45 5
36 4
66 6
60 5
60 5
57 4
63 7
57 6
60 6
54 6
57 5
60 6
51 5
60 6
54 5
60 5
60 6
51 5
60 5
57 5
48 4
57 6
51 5
54 5
48 5
51 4
63 5
54 4
63 5
57 4
69 7
60 6
66 6
66 6
63 5
66 6
57 5
75 5
66 6
57 5
60 5
60 5
57 4
72 5
63 4
60 6
51 5
54 5
54 5
54 4
54 5
45 4
57 4
66 6
60 5
63 5
66 4
60 5
54 4
57 6
51 5
51 5
48 5
48 4
48 5
39 4
51 5
45 4
48 4
51 5
45 4
48 4
48 4
36 3
66 6
57 5
57 5
48 4
54 4
45 3
45 4
36 3
63 9
60 8
60 8
72 7
60 8
54 7
72 7
60 8
57 7
69 7
69 7
51 6
60 8
60 7
57 7
69 6
60 8
57 7
57 7
69 6
63 7
57 6
69 7
66 6
60 8
54 7
60 7
57 7
57 6
57 7
51 6
69 6
63 6
60 8
57 7
57 7
69 6
57 7
51 6
66 6
54 7
