39 3
42 5
42 4
36 4
39 3
33 4
24 3
39 3
42 5
39 4
36 4
42 3
45 5
42 4
39 4
39 3
45 5
42 4
39 4
39 3
36 4
27 3
39 3
36 4
27 3
27 2
36 6
33 5
33 5
36 4
33 5
24 4
36 4
33 5
30 4
36 4
36 4
21 3
24 2
48 9
45 8
48 8
48 7
48 8
39 7
48 7
45 8
42 7
48 7
48 7
36 6
45 8
42 7
42 7
45 6
48 7
45 6
45 8
42 7
45 7
45 6
48 7
42 6
48 7
45 6
48 6
42 5
45 8
36 7
42 7
42 6
45 7
36 6
42 6
42 7
33 6
45 6
45 6
33 5
48 7
45 6
45 6
48 5
45 8
39 7
45 7
42 7
42 6
42 7
36 6
45 6
45 6
42 5
48 7
45 6
45 6
48 5
48 7
45 6
45 6
48 5
33 6
30 5
48 7
42 6
45 6
42 5
42 5
45 8
42 7
45 7
39 7
42 6
42 7
36 6
45 6
45 6
48 7
42 6
45 6
42 5
48 7
42 6
42 6
42 6
33 5
42 5
48 7
45 6
45 6
48 5
36 6
33 5
48 6
42 5
42 5
30 4
45 8
42 7
39 7
42 6
45 7
36 6
45 6
45 7
39 6
42 6
45 6
33 5
42 7
