57 6
57 6
48 5
60 8
57 7
57 7
66 6
57 7
48 6
63 6
57 7
48 6
66 6
63 6
42 5
72 7
69 6
69 6
66 5
72 7
69 6
66 6
66 5
51 6
45 5
51 6
45 5
42 4
57 8
54 7
54 7
54 7
54 6
54 7
51 6
60 6
54 7
48 6
51 6
48 6
48 5
54 7
51 6
51 6
54 5
66 6
60 5
45 5
60 8
57 7
57 7
66 6
57 7
51 6
66 6
57 7
54 6
69 6
69 6
48 5
54 7
51 6
51 6
63 5
63 6
57 5
54 7
51 6
51 6
60 5
57 6
51 5
60 7
54 6
57 6
54 6
54 5
57 6
51 5
69 5
69 7
66 6
66 6
66 5
66 6
60 5
66 5
66 6
57 5
63 5
66 5
51 4
60 8
57 7
57 7
66 6
57 7
48 6
66 6
57 7
51 6
66 6
66 6
45 5
60 7
54 6
57 6
63 5
69 6
63 5
57 7
54 6
54 6
60 5
60 6
51 5
60 7
57 6
57 6
57 6
57 5
57 6
54 5
63 5
60 7
57 6
60 6
54 6
57 5
57 6
51 5
63 5
69 5
51 6
45 5
48 5
45 5
45 4
69 7
66 6
69 6
69 5
69 6
60 5
69 5
66 6
51 5
63 5
66 5
48 4
54 4
60 8
51 7
57 7
57 7
54 6
57 7
51 6
57 7
51 6
54 6
57 7
48 6
57 6
57 6
45 5
57 7
48 6
54 6
54 6
51 5
63 6
57 5
