39 5
33 5
30 5
27 4
39 6
33 5
39 5
30 5
27 4
27 5
21 4
36 6
33 5
42 5
33 5
33 4
36 5
30 4
39 5
39 4
30 4
36 6
33 5
33 5
42 5
33 4
39 5
39 4
36 5
30 4
27 4
24 5
21 4
27 4
27 4
21 3
36 7
42 6
33 6
33 6
36 5
42 6
39 5
33 6
27 5
39 5
36 6
42 5
36 5
33 5
33 4
33 6
30 5
27 5
36 5
27 4
36 6
36 5
42 5
36 5
39 4
36 5
39 4
33 6
36 5
36 5
24 5
33 4
33 5
27 4
33 5
36 4
33 4
33 6
39 5
30 5
27 5
30 4
36 5
30 4
33 5
27 4
33 4
33 5
36 4
33 4
21 4
24 3
48 7
42 6
48 6
42 6
42 5
42 6
39 5
42 6
42 5
42 5
42 6
42 5
45 5
39 5
39 4
48 6
42 5
42 5
45 5
39 4
42 6
45 5
42 5
42 5
45 4
45 5
45 4
42 6
39 5
39 5
36 5
39 4
48 5
42 4
39 5
36 4
42 4
42 6
36 5
42 5
36 5
36 4
42 5
36 4
39 5
39 4
39 4
39 5
36 4
42 4
30 4
30 3
36 6
33 5
33 5
36 5
27 4
36 5
36 4
33 5
27 4
33 4
33 5
27 4
27 4
33 4
21 3
33 7
33 6
42 6
30 6
33 5
30 6
24 5
42 6
36 5
33 5
39 6
36 5
