30 6
30 5
24 5
27 5
30 4
33 5
33 4
33 6
30 5
30 5
33 5
30 4
39 5
36 4
33 5
27 4
33 4
33 6
27 5
30 5
30 5
30 4
33 5
30 4
33 5
33 4
21 4
36 5
30 4
33 4
39 4
30 3
39 6
36 5
36 5
36 5
42 4
33 5
30 4
36 5
33 4
36 4
36 5
33 4
33 4
33 4
39 3
39 6
36 5
36 5
33 5
30 4
39 5
33 4
36 5
30 4
39 4
36 5
30 4
36 4
27 4
33 3
39 5
36 4
39 4
33 4
30 3
42 7
36 6
39 6
39 6
36 5
36 6
33 5
36 6
33 5
36 5
39 6
33 5
36 5
42 5
36 4
42 6
36 5
33 5
36 5
39 4
36 6
33 5
30 5
33 5
30 4
39 5
33 4
36 6
33 5
33 5
36 5
33 4
45 5
39 4
39 5
33 4
36 4
36 6
30 5
33 5
33 5
30 4
39 5
33 4
36 5
33 4
27 4
39 5
33 4
39 4
36 4
24 3
42 6
39 5
42 5
39 5
42 4
39 5
33 4
39 5
36 4
39 4
39 5
33 4
39 4
39 4
36 3
42 6
42 5
42 5
42 5
42 4
45 5
39 4
39 5
36 4
42 4
39 5
36 4
42 4
39 4
39 3
42 5
42 4
39 4
39 4
36 3
39 6
33 5
33 5
36 5
30 4
39 5
30 4
33 5
27 4
36 4
33 5
27 4
36 4
36 4
24 3
39 5
36 4
