45 5
60 7
54 6
57 6
63 5
69 6
63 5
57 7
54 6
54 6
60 5
60 6
51 5
60 7
57 6
57 6
57 6
57 5
57 6
54 5
63 5
69 7
66 6
69 6
69 5
69 6
60 5
69 5
66 6
51 5
63 5
66 5
48 4
60 8
57 7
57 7
66 6
57 7
51 6
66 6
57 7
54 6
69 6
69 6
48 5
57 7
51 6
54 6
63 5
63 6
57 5
54 7
51 6
54 6
63 5
57 6
51 5
60 7
57 6
54 6
54 6
54 5
57 6
51 5
69 5
60 7
60 6
57 6
54 6
57 5
57 6
51 5
69 5
63 5
51 6
48 5
45 5
45 5
45 4
69 7
66 6
66 6
66 5
66 6
60 5
66 5
66 6
57 5
63 5
66 5
51 4
54 4
51 8
48 7
51 7
60 6
51 7
45 6
60 6
48 7
45 6
63 6
63 6
42 5
51 7
45 6
48 6
57 5
57 6
51 5
48 7
45 6
48 6
57 5
51 6
48 5
51 7
45 6
42 6
45 6
45 5
48 6
39 5
57 5
57 6
51 5
51 5
48 7
48 6
45 6
42 6
45 5
45 6
39 5
57 5
51 5
51 6
48 5
45 5
45 5
39 4
48 7
42 6
48 6
54 5
48 6
42 5
54 5
45 6
33 5
57 5
57 5
33 4
57 6
54 5
51 5
51 4
57 6
54 5
51 5
51 4
39 5
30 4
39 5
30 4
30 3
60 8
51 7
57 7
57 7
54 6
57 7
51 6
