57 7
54 6
54 8
51 7
51 7
51 7
54 6
51 7
48 6
57 6
54 8
48 7
51 7
48 7
51 6
51 7
45 6
60 6
45 7
39 6
42 6
39 6
42 5
45 5
51 9
51 8
51 8
48 8
51 7
45 8
42 7
48 8
45 7
48 7
48 8
45 7
48 7
48 7
39 6
48 8
48 7
42 7
45 7
45 6
54 7
48 6
54 7
51 6
48 8
45 7
48 7
42 7
45 6
42 7
36 6
42 7
42 6
42 6
45 7
42 6
45 6
42 6
33 5
54 7
54 6
48 6
51 6
51 5
48 8
48 7
42 7
45 7
45 6
45 7
39 6
51 6
60 7
57 6
54 6
54 5
57 7
51 6
57 7
54 6
51 6
51 6
51 5
39 6
33 5
60 8
57 7
57 7
57 6
57 7
51 6
51 6
57 7
51 6
63 6
60 6
45 5
57 7
51 6
54 6
54 5
57 6
51 5
57 7
54 6
54 6
48 5
57 6
51 5
51 9
48 8
48 8
48 8
48 7
48 8
42 7
42 8
39 7
45 7
48 8
42 7
48 7
45 7
36 6
48 8
45 7
39 7
45 7
42 6
57 7
48 6
57 7
51 6
48 8
45 7
45 7
45 7
45 6
45 7
42 6
39 7
36 6
42 6
45 7
42 6
45 6
42 6
33 5
57 7
54 6
48 6
54 6
51 5
48 8
45 7
45 7
39 7
42 6
45 7
36 6
54 6
57 7
48 6
57 7
54 6
54 6
48 6
51 5
42 6
