54 6
48 5
54 6
48 5
57 5
54 6
51 5
54 5
54 5
45 4
54 6
51 5
51 5
51 5
51 4
57 5
54 4
57 5
51 4
57 5
51 4
54 4
54 6
51 5
51 5
51 5
51 4
45 5
42 4
51 4
51 4
45 3
57 5
54 4
54 6
51 5
51 5
51 5
51 4
51 5
45 4
51 5
45 4
51 4
51 5
42 4
48 4
48 4
36 3
57 5
54 4
54 4
51 4
48 3
57 5
54 4
54 4
51 4
48 3
42 4
36 3
57 5
51 4
51 4
39 3
48 3
57 5
51 4
51 4
39 3
48 3
54 4
45 3
30 2
45 5
42 4
42 4
42 4
39 3
42 4
33 3
42 4
33 3
39 3
42 4
33 3
39 3
39 3
24 2
27 3
18 2
39 3
30 2
45 5
39 4
39 4
33 3
39 3
33 2
36 4
27 3
33 3
39 3
30 2
36 6
33 5
33 5
36 4
33 5
24 4
36 4
33 5
30 4
36 4
36 4
21 3
36 4
27 3
24 2
33 4
24 3
24 2
30 3
30 3
15 2
36 5
33 4
33 4
36 3
33 4
24 3
36 3
33 4
27 3
36 3
36 3
18 2
27 3
18 2
39 3
30 2
36 3
27 2
27 3
18 2
6 1
