54 5
51 5
57 4
57 5
51 4
66 5
54 4
57 6
48 5
54 5
54 5
51 4
51 5
42 4
57 4
57 4
60 7
57 6
60 6
66 5
60 6
51 5
63 5
57 6
48 5
66 5
63 5
45 4
54 6
51 5
51 5
54 4
57 6
54 5
51 5
57 4
57 5
51 4
66 5
54 4
57 6
48 5
54 5
54 5
51 4
51 5
42 4
57 4
57 4
48 6
45 5
48 5
51 4
48 5
39 4
51 4
45 5
30 4
51 4
51 4
27 3
39 4
27 3
60 6
54 5
54 5
51 5
54 4
54 5
45 4
57 4
60 6
54 5
54 5
51 5
54 4
54 5
45 4
57 4
42 4
30 3
42 6
39 5
39 5
48 4
39 5
33 4
48 4
39 5
30 4
45 4
45 4
24 3
51 5
48 4
45 4
48 3
51 5
48 4
45 4
48 3
42 4
30 3
45 4
36 3
45 4
36 3
21 2
42 5
39 4
39 4
45 3
39 4
30 3
45 3
39 4
24 3
45 3
45 3
21 2
42 6
51 5
51 5
39 5
39 4
39 5
45 4
45 4
39 5
45 4
45 4
30 4
27 3
39 5
33 4
45 4
36 3
45 4
36 3
24 3
15 2
45 5
42 4
42 4
42 4
33 3
42 4
33 3
24 2
39 4
33 3
48 3
30 2
42 3
33 2
39 4
33 3
48 3
30 2
42 3
33 2
21 2
9 1
