66 6
66 6
72 5
69 6
63 5
78 6
72 5
69 7
60 6
63 6
63 6
63 5
66 6
57 5
72 5
72 5
78 6
72 5
72 5
69 4
66 7
60 6
60 6
63 6
60 5
63 6
57 5
69 5
69 6
60 5
63 5
63 5
60 4
66 8
60 7
60 7
63 7
60 6
63 7
57 6
63 7
57 6
63 6
60 7
54 6
60 6
63 6
51 5
63 7
57 6
60 6
57 6
57 5
72 6
66 5
72 6
66 5
63 7
57 6
57 6
57 6
57 5
60 6
51 5
54 6
48 5
57 5
57 6
48 5
57 5
57 5
45 4
69 6
63 5
63 5
60 5
60 4
63 7
57 6
57 6
60 6
57 5
54 6
48 5
63 5
72 6
63 5
66 5
60 4
72 6
66 5
69 6
60 5
63 5
63 5
60 4
48 5
42 4
60 7
57 6
60 6
66 5
60 6
51 5
63 5
57 6
48 5
66 5
63 5
45 4
57 6
51 5
54 5
57 4
66 5
54 4
54 6
51 5
51 5
54 4
57 5
51 4
69 7
60 6
66 6
66 6
63 5
66 6
57 5
75 5
72 5
63 6
54 5
57 5
57 5
54 4
63 7
54 6
57 6
57 6
54 5
60 6
51 5
60 6
54 5
57 5
57 6
48 5
57 5
57 5
45 4
57 6
48 5
51 5
51 5
48 4
63 5
54 4
63 5
57 4
51 5
45 4
45 4
69 7
66 6
60 6
66 6
63 5
66 6
57 5
72 5
66 6
57 5
