33 4
42 4
39 4
36 3
39 5
33 4
36 4
36 4
33 3
42 5
39 4
36 4
36 4
36 3
36 4
30 3
39 5
36 4
33 4
39 4
33 3
36 4
33 3
36 4
30 3
30 3
42 5
39 4
39 4
36 4
33 3
39 4
33 3
45 4
42 3
39 3
42 4
33 3
36 3
39 3
30 2
42 6
36 5
42 5
39 5
39 4
42 5
36 4
39 5
36 4
39 4
39 5
33 4
39 4
39 4
36 3
39 5
33 4
36 4
33 4
33 3
42 5
39 4
39 4
36 4
36 3
39 4
33 3
45 5
39 4
42 4
39 4
39 3
42 4
36 3
48 4
42 3
36 3
39 5
36 4
36 4
33 4
33 3
39 4
33 3
39 4
36 3
39 3
42 4
36 3
36 3
36 3
36 5
30 4
33 4
30 4
33 3
36 4
30 3
36 4
30 3
39 3
30 4
24 3
36 3
36 3
27 2
36 7
33 6
36 6
36 6
36 5
30 6
30 5
36 6
30 5
33 5
36 6
30 5
33 5
39 5
33 4
36 6
33 5
27 5
33 5
36 4
30 6
30 5
24 5
30 5
27 4
33 5
30 4
30 6
27 5
27 5
33 5
30 4
39 5
36 4
33 5
30 4
30 4
33 6
27 5
30 5
30 5
30 4
33 5
30 4
33 5
30 4
21 4
33 5
30 4
30 4
33 4
24 3
33 6
33 5
33 5
30 5
36 4
30 5
24 4
30 5
27 4
33 4
30 5
27 4
