36 5
27 4
45 5
39 4
51 9
48 8
48 8
57 7
48 8
45 7
57 7
48 8
45 7
57 7
57 7
42 6
48 8
48 7
45 7
54 6
48 8
45 7
48 7
57 6
51 7
48 6
57 7
51 6
48 8
42 7
48 7
45 7
45 6
45 7
39 6
54 6
54 6
45 8
42 7
45 7
48 6
45 7
42 6
48 6
42 7
33 6
48 6
48 6
30 5
39 6
30 5
54 7
48 6
54 6
54 5
48 8
45 7
48 7
42 7
45 6
45 7
39 6
57 6
51 7
45 6
48 6
45 6
42 5
54 7
48 6
54 6
54 5
57 7
51 6
54 6
39 6
30 5
33 4
57 8
54 7
54 7
54 6
54 7
48 6
57 6
54 7
48 6
51 6
57 6
42 5
57 7
51 6
54 6
48 5
57 7
54 6
54 6
54 5
57 6
51 5
60 6
54 5
57 8
54 7
54 7
57 6
54 7
48 6
54 6
54 7
48 6
57 6
51 6
42 5
57 7
51 6
54 6
48 5
57 7
54 6
54 6
54 5
57 6
51 5
60 6
54 5
42 7
39 6
39 6
42 5
39 6
33 5
42 5
39 6
30 5
45 5
45 5
24 4
57 8
54 7
54 7
57 6
54 7
51 6
60 6
54 7
48 6
51 6
57 6
45 5
54 7
51 6
51 6
48 5
54 7
51 6
51 6
54 5
54 6
51 5
57 6
51 5
57 8
54 7
54 7
60 6
54 7
51 6
57 6
54 7
48 6
57 6
51 6
