36 4
33 4
30 3
48 8
42 7
45 7
45 7
45 6
39 7
36 6
45 7
39 6
42 6
42 7
39 6
42 6
45 6
33 5
42 7
42 6
36 6
39 6
39 5
45 6
42 5
45 6
36 5
45 6
39 5
45 5
39 7
36 6
39 6
36 6
36 5
36 6
27 5
39 6
33 5
36 5
36 6
33 5
36 5
36 5
24 4
42 6
39 5
36 5
39 5
36 4
45 7
39 6
36 6
42 6
39 5
39 6
30 5
42 5
42 5
45 6
42 5
39 5
36 4
45 6
36 5
45 5
42 6
39 5
36 5
39 5
36 4
33 5
24 4
45 6
42 5
42 5
39 4
48 7
42 6
45 6
39 5
42 6
36 5
33 5
45 6
36 5
45 5
42 5
30 4
45 6
39 5
42 5
36 4
42 5
33 4
45 6
39 5
39 5
30 4
45 5
36 4
39 4
48 5
39 4
48 8
45 7
45 7
45 7
45 6
45 7
39 6
39 7
36 6
42 6
45 7
39 6
45 6
42 6
33 5
45 7
42 6
36 6
39 6
39 5
45 6
42 5
45 6
36 5
45 6
39 5
45 5
39 7
36 6
36 6
39 6
36 5
39 6
33 5
36 6
27 5
36 5
36 6
33 5
36 5
36 5
24 4
42 6
39 5
36 5
39 5
