36 3
48 6
42 5
42 5
42 5
39 4
48 5
45 4
42 5
39 4
45 4
45 5
45 4
45 4
39 4
39 3
45 5
39 4
39 4
45 4
36 3
45 5
39 4
45 4
45 4
39 3
36 4
36 3
48 5
45 4
45 4
42 4
42 3
42 4
39 3
36 3
42 5
39 4
36 4
36 4
30 3
33 4
30 3
39 4
33 3
36 3
42 4
39 3
36 3
30 3
36 7
33 6
42 6
33 6
36 5
33 6
30 5
33 6
36 5
33 5
36 6
36 5
36 5
33 5
33 4
42 6
39 5
36 5
42 5
36 4
36 6
42 5
36 5
36 5
39 4
36 5
39 4
33 6
27 5
27 5
24 5
27 4
39 5
33 4
33 5
27 4
33 4
33 6
30 5
39 5
27 5
30 4
36 5
30 4
33 5
36 4
33 4
33 5
27 4
33 4
21 4
24 3
27 6
27 5
24 5
33 5
27 4
33 5
33 4
27 5
21 4
27 4
27 5
21 4
27 4
27 4
15 3
33 6
39 5
27 5
36 5
33 4
36 5
39 4
27 5
21 4
36 4
30 5
33 4
30 4
27 4
27 3
30 5
36 4
27 4
30 4
27 3
42 6
39 5
36 5
36 5
36 4
36 5
33 4
42 5
39 4
42 4
39 5
33 4
36 4
36 4
36 3
39 5
33 4
42 4
33 4
33 3
36 5
30 4
36 4
30 4
21 3
30 4
24 3
33 6
27 5
36 5
