39 6
33 5
36 5
33 5
33 4
27 5
21 4
36 6
33 5
36 5
36 5
36 4
42 5
36 4
36 5
30 4
27 4
39 6
36 5
39 5
36 5
36 4
36 5
30 4
42 5
36 4
36 4
27 5
24 4
36 4
36 4
21 3
39 7
36 6
36 6
36 6
39 5
36 6
33 5
33 6
36 5
39 5
33 6
30 5
42 5
36 5
42 4
33 6
30 5
27 5
30 5
30 4
33 6
36 5
30 5
27 5
36 4
36 5
30 4
36 6
36 5
36 5
30 5
36 4
39 5
33 4
36 5
33 4
36 4
36 6
30 5
33 5
30 5
33 4
36 5
33 4
36 5
36 4
30 4
36 5
33 4
42 4
24 4
30 3
36 7
36 6
33 6
33 6
36 5
33 6
30 5
33 6
30 5
36 5
30 6
33 5
33 5
33 5
36 4
36 6
33 5
30 5
33 5
33 4
30 6
27 5
27 5
24 5
27 4
39 5
33 4
33 6
36 5
33 5
27 5
33 4
39 5
33 4
33 5
30 4
39 4
33 6
30 5
30 5
27 5
30 4
36 5
33 4
33 5
30 4
36 4
33 5
33 4
33 4
21 4
30 3
36 6
36 5
36 5
33 5
30 4
33 5
27 4
36 5
30 4
36 4
33 5
30 4
27 4
36 4
24 3
36 7
33 6
36 6
36 6
36 5
30 6
30 5
36 6
33 5
33 5
33 6
30 5
36 5
39 5
33 4
36 6
33 5
27 5
33 5
36 4
