33 5
33 5
30 4
39 5
36 4
33 5
27 4
39 4
36 5
42 4
33 4
27 4
33 3
33 5
27 4
27 4
36 4
21 3
36 5
36 4
42 4
36 4
36 3
33 4
36 3
33 5
36 4
36 4
27 4
33 3
33 4
27 3
33 4
33 3
30 3
33 5
36 4
27 4
27 4
24 3
30 4
24 3
27 4
21 3
33 3
33 4
33 3
30 3
21 3
21 2
36 6
33 5
39 5
33 5
30 4
33 5
27 4
33 5
36 4
33 4
36 5
36 4
33 4
33 4
30 3
39 5
36 4
36 4
42 4
33 3
36 5
42 4
36 4
36 4
36 3
33 4
36 3
33 5
27 4
27 4
27 4
27 3
39 4
33 3
27 4
21 3
33 3
33 5
27 4
36 4
27 4
24 3
30 4
24 3
33 4
33 3
30 3
27 4
21 3
33 3
21 3
21 2
24 5
21 4
21 4
27 4
21 3
27 4
27 3
21 4
15 3
21 3
21 4
15 3
21 3
21 3
9 2
36 6
30 5
42 5
33 5
30 4
33 5
27 4
39 5
36 4
27 4
39 5
36 4
39 4
42 4
27 3
36 5
33 4
36 4
39 4
36 3
30 5
36 4
27 4
36 4
33 3
30 4
30 3
33 5
30 4
27 4
36 4
21 3
36 4
33 3
30 4
24 3
30 3
30 5
27 4
36 4
27 4
24 3
27 4
21 3
33 4
27 3
21 3
33 4
27 3
33 3
