51 4
57 8
54 7
54 7
54 7
54 6
54 7
51 6
66 6
54 7
48 6
51 6
48 6
48 5
54 7
51 6
51 6
60 5
45 5
60 6
54 5
60 7
57 6
57 6
57 6
57 5
57 6
54 5
63 5
60 7
54 6
57 6
54 6
54 5
57 6
51 5
69 5
51 6
45 5
48 5
45 5
45 4
54 4
66 8
60 7
60 7
63 7
60 6
63 7
57 6
63 7
57 6
63 6
60 7
54 6
60 6
63 6
51 5
63 7
57 6
60 6
57 6
57 5
72 6
66 5
72 6
66 5
63 7
57 6
57 6
57 6
57 5
60 6
51 5
54 6
48 5
57 5
57 6
48 5
57 5
57 5
45 4
69 6
63 5
63 5
60 5
60 4
63 7
57 6
57 6
60 6
57 5
54 6
48 5
63 5
72 6
63 5
66 5
60 4
69 6
60 5
63 5
63 5
60 4
72 6
66 5
48 5
42 4
72 8
69 7
69 7
78 6
69 7
60 6
78 6
69 7
63 6
78 6
78 6
57 5
66 7
63 6
63 6
69 5
69 7
66 6
66 6
72 5
69 6
63 5
78 6
72 5
69 7
60 6
63 6
63 6
63 5
66 6
57 5
72 5
72 5
78 6
72 5
72 5
69 4
66 7
60 6
60 6
63 6
60 5
63 6
57 5
69 5
69 6
60 5
63 5
63 5
60 4
60 7
57 6
60 6
63 5
60 6
51 5
66 5
57 6
48 5
63 5
66 5
45 4
57 6
51 5
54 5
