45 6
36 5
42 5
48 7
45 6
45 6
42 6
42 5
42 6
36 5
39 5
39 5
30 4
48 8
45 7
45 7
42 7
42 6
45 7
36 6
42 7
36 6
42 6
42 7
36 6
42 6
33 6
30 5
45 7
39 6
39 6
39 6
30 5
48 6
42 5
45 6
36 5
45 6
36 5
42 5
48 7
45 6
45 6
42 6
42 5
42 6
36 5
39 5
39 5
30 4
36 7
33 6
33 6
33 6
33 5
33 6
24 5
33 6
24 5
33 5
33 6
30 5
30 5
30 5
21 4
30 5
27 4
48 8
45 7
45 7
45 6
45 7
36 6
48 6
45 7
42 6
42 6
45 6
33 5
45 7
42 6
42 6
42 5
45 7
42 6
42 6
39 5
48 6
45 5
48 6
39 5
48 6
39 5
39 4
45 6
39 5
39 5
33 4
36 5
27 4
33 4
48 8
45 7
45 7
48 6
45 7
36 6
45 6
45 7
42 6
45 6
42 6
33 5
45 7
42 6
42 6
39 5
45 7
42 6
42 6
42 5
48 6
45 5
48 6
39 5
48 6
39 5
39 4
45 6
39 5
39 5
33 4
36 5
27 4
33 4
33 7
30 6
30 6
33 5
30 6
21 5
33 5
30 6
27 5
33 5
33 5
18 4
42 6
36 5
36 5
