60 5
57 5
57 4
69 6
60 5
45 5
36 4
66 6
60 5
63 5
57 4
60 8
57 7
57 7
51 7
54 6
57 7
48 6
57 7
51 6
57 6
57 7
51 6
57 6
54 6
45 5
57 7
48 6
54 6
54 6
51 5
66 6
60 5
66 6
57 5
57 7
51 6
51 6
48 6
48 5
51 6
42 5
54 6
48 5
51 5
54 6
48 5
51 5
51 5
39 4
63 6
54 5
60 5
60 5
57 4
57 7
54 6
54 6
48 6
51 5
51 6
42 5
60 5
69 6
60 5
66 6
60 5
60 5
57 5
57 4
45 5
36 4
66 6
60 5
63 5
57 4
42 6
39 5
39 5
45 4
39 5
33 4
45 4
39 5
30 4
48 4
48 4
24 3
54 6
45 5
48 5
45 5
45 4
48 5
39 4
51 5
42 4
48 4
48 5
39 4
48 4
48 4
36 3
39 4
33 3
54 6
45 5
48 5
45 5
45 4
48 5
39 4
51 5
42 4
48 4
48 5
39 4
48 4
48 4
36 3
39 4
33 3
54 6
51 5
51 5
51 5
42 4
51 5
42 4
33 3
21 2
54 9
51 8
51 8
57 7
51 8
42 7
57 7
51 8
48 7
57 7
57 7
39 6
54 8
48 7
51 7
54 6
54 8
51 7
48 7
54 6
54 7
45 6
60 7
57 6
54 8
45 7
48 7
48 7
48 6
51 7
42 6
54 6
54 6
51 8
48 7
48 7
54 6
48 7
39 6
54 6
48 7
45 6
