57 5
60 6
51 5
57 5
60 5
48 4
57 6
51 5
48 5
54 5
51 4
63 5
57 4
63 5
54 4
69 7
66 6
60 6
66 6
63 5
66 6
57 5
72 5
66 6
60 5
57 5
57 5
57 4
72 5
63 4
66 6
60 5
63 5
66 4
60 5
54 4
60 6
57 5
51 5
54 5
54 4
54 5
45 4
60 4
57 6
51 5
51 5
48 5
48 4
48 5
39 4
51 5
45 4
48 4
51 5
45 4
48 4
48 4
36 3
66 6
57 5
57 5
48 4
45 4
36 3
54 4
45 3
60 7
54 6
57 6
57 6
57 5
57 6
51 5
51 6
48 5
54 5
54 6
48 5
57 5
54 5
45 4
57 6
54 5
48 5
51 5
51 4
66 5
57 4
66 5
60 4
57 6
51 5
48 5
51 5
48 4
51 5
45 4
48 5
39 4
48 4
51 5
42 4
48 4
48 4
36 3
63 5
57 4
54 4
54 4
54 3
57 6
51 5
54 5
48 5
51 4
48 5
42 4
57 4
63 5
54 4
57 4
54 4
54 3
66 5
57 4
42 4
33 3
66 5
57 4
60 4
54 3
60 8
57 7
57 7
57 7
57 6
57 7
51 6
57 7
51 6
57 6
51 7
48 6
54 6
54 6
45 5
57 7
54 6
54 6
48 6
51 5
63 6
60 5
66 6
60 5
57 7
51 6
51 6
54 6
51 5
51 6
48 5
54 6
48 5
51 5
48 6
42 5
48 5
51 5
39 4
57 7
54 6
