60 5
63 6
57 5
69 5
69 6
60 5
63 5
63 5
60 4
69 7
60 6
66 6
66 6
63 5
66 6
57 5
72 5
75 5
63 6
54 5
57 5
57 5
54 4
60 7
57 6
60 6
63 5
60 6
51 5
66 5
57 6
48 5
63 5
66 5
45 4
57 6
54 5
54 5
57 4
66 5
54 4
54 6
51 5
51 5
54 4
57 5
51 4
51 5
45 4
45 4
63 7
60 6
60 6
54 6
57 5
60 6
51 5
60 6
54 5
60 5
57 6
51 5
60 5
57 5
48 4
57 6
48 5
54 5
51 5
51 4
63 5
57 4
63 5
54 4
69 7
66 6
66 6
60 6
63 5
66 6
57 5
75 5
66 6
60 5
60 5
57 5
57 4
72 5
63 4
51 5
45 4
48 4
48 3
60 5
51 4
54 4
54 4
51 3
45 3
60 8
57 7
57 7
57 7
57 6
51 7
48 6
57 7
51 6
54 6
57 7
51 6
54 6
57 6
45 5
57 7
54 6
48 6
54 6
51 5
69 6
60 5
66 6
63 5
57 7
54 6
51 6
51 6
51 5
48 6
42 5
54 6
48 5
51 5
51 6
48 5
48 5
51 5
39 4
66 6
60 5
57 5
60 5
57 4
57 7
54 6
48 6
54 6
51 5
51 6
42 5
60 5
63 6
57 5
60 5
57 4
63 6
60 5
54 5
60 5
57 4
66 6
57 5
45 5
36 4
63 7
57 6
60 6
60 6
60 5
54 6
51 5
60 6
54 5
