33 6
30 5
36 5
36 5
27 4
36 6
30 5
36 5
30 5
33 4
39 6
33 5
36 5
33 5
33 4
36 5
30 4
33 6
30 5
36 5
36 5
33 4
36 5
36 4
39 5
36 4
33 4
33 6
33 5
36 5
27 5
33 4
36 5
30 4
42 5
36 4
36 4
36 5
30 4
39 4
39 4
30 3
42 6
39 5
45 5
39 5
42 4
42 5
36 4
39 5
39 4
39 4
39 5
33 4
48 4
39 4
45 3
39 6
39 5
36 5
36 5
33 4
36 5
30 4
36 5
33 4
36 4
33 5
33 4
36 4
27 4
30 3
36 5
33 4
30 4
33 4
33 3
36 6
33 5
36 5
36 5
39 4
33 5
33 4
39 5
33 4
36 4
33 5
30 4
36 4
39 4
33 3
36 5
36 4
33 4
30 4
39 3
27 5
24 4
24 4
21 4
24 3
30 4
27 3
45 6
39 5
42 5
39 5
42 4
39 5
33 4
42 5
39 4
42 4
39 5
33 4
42 4
39 4
36 3
39 5
33 4
39 4
33 4
39 3
36 5
36 4
36 4
30 4
36 3
36 5
33 4
33 4
36 4
33 3
33 4
27 3
30 3
39 6
33 5
36 5
36 5
27 4
39 5
33 4
39 5
30 4
36 4
33 5
27 4
36 4
36 4
24 3
39 5
33 4
36 4
33 4
36 3
36 5
30 4
33 4
30 4
33 3
36 4
30 3
39 5
33 4
36 4
36 4
36 3
33 4
30 3
