51 5
54 6
48 5
51 6
48 5
51 5
48 6
42 5
51 5
48 5
39 4
63 6
57 5
57 5
54 5
54 4
57 5
48 4
60 5
54 4
42 3
57 6
48 5
51 5
51 5
48 4
51 5
42 4
51 5
42 4
48 4
48 5
39 4
48 4
48 4
33 3
57 7
51 6
66 6
57 6
51 5
54 6
51 5
60 5
63 5
54 6
51 5
60 5
48 6
42 5
57 5
48 5
42 4
51 5
48 4
45 5
36 4
45 4
36 3
66 6
60 5
75 5
63 5
57 4
60 5
57 4
51 4
66 4
63 6
57 5
72 5
63 5
57 4
57 5
57 4
51 4
42 3
30 2
54 6
48 5
51 5
45 5
48 4
48 5
39 4
48 5
42 4
48 4
45 5
39 4
48 4
45 4
36 3
60 5
54 4
54 4
51 4
51 3
51 4
42 3
54 4
45 3
33 2
51 5
42 4
42 4
42 4
39 3
42 4
33 3
42 4
33 3
39 3
42 4
33 3
39 3
39 3
24 2
42 3
33 2
42 6
39 5
51 5
51 5
39 4
39 5
45 4
45 4
39 5
45 4
33 4
36 3
45 4
36 3
39 5
30 4
45 4
45 4
27 3
24 3
15 2
45 5
42 4
42 4
42 4
33 3
42 4
33 3
24 2
39 4
45 3
33 3
30 2
42 3
33 2
39 4
45 3
33 3
30 2
42 3
33 2
21 2
9 1
