54 10
51 9
51 9
60 8
51 9
48 8
60 8
51 9
48 8
60 8
60 8
45 7
51 9
51 8
48 8
57 7
51 9
48 8
51 8
60 7
54 8
51 7
60 8
57 7
51 9
45 8
51 8
48 8
48 7
48 8
42 7
57 7
57 7
51 9
48 8
48 8
57 7
48 8
45 7
57 7
48 8
45 7
57 7
57 7
42 6
42 7
39 6
57 8
54 7
57 7
60 6
51 9
48 8
51 8
45 8
48 7
48 8
42 7
60 7
54 8
48 7
51 7
48 7
45 6
57 8
54 7
57 7
60 6
60 8
57 7
57 7
42 7
39 6
42 5
51 9
48 8
48 8
54 7
48 8
42 7
54 7
48 8
45 7
57 7
57 7
39 6
51 8
45 7
48 7
54 6
51 8
48 7
48 7
54 6
51 7
45 6
60 7
57 6
60 8
57 7
57 7
51 6
57 7
51 6
57 6
57 7
51 6
60 6
63 6
45 5
51 9
48 8
48 8
57 7
48 8
45 7
57 7
48 8
45 7
57 7
57 7
42 6
48 8
45 7
45 7
54 6
48 8
45 7
45 7
54 6
48 7
45 6
57 7
54 6
54 8
48 7
51 7
48 7
51 6
51 7
45 6
60 6
57 6
57 8
54 7
54 7
51 6
54 7
51 6
57 6
54 7
48 6
57 6
60 6
45 5
51 9
48 8
51 8
51 8
51 7
48 8
48 7
57 7
48 8
42 7
48 7
45 7
45 6
48 8
45 7
48 7
54 6
39 6
57 7
54 6
54 8
51 7
51 7
51 7
54 6
51 7
48 6
57 6
54 8
48 7
51 7
48 7
51 6
51 7
45 6
60 6
45 7
39 6
42 6
39 6
42 5
45 5
51 9
51 8
51 8
48 8
51 7
45 8
42 7
48 8
45 7
48 7
48 8
45 7
48 7
48 7
39 6
48 8
48 7
42 7
45 7
45 6
54 7
48 6
54 7
51 6
48 8
45 7
48 7
42 7
45 6
42 7
36 6
42 7
42 6
42 6
45 7
42 6
45 6
42 6
33 5
54 7
54 6
48 6
51 6
51 5
48 8
48 7
42 7
45 7
45 6
45 7
39 6
51 6
60 7
57 6
54 6
54 5
57 7
51 6
57 7
54 6
51 6
51 6
51 5
39 6
33 5
60 8
57 7
57 7
57 6
57 7
51 6
51 6
57 7
51 6
63 6
60 6
45 5
57 7
51 6
54 6
54 5
57 6
51 5
57 7
54 6
54 6
48 5
57 6
51 5
51 9
48 8
48 8
48 8
48 7
48 8
42 7
42 8
39 7
45 7
48 8
42 7
48 7
45 7
36 6
48 8
45 7
39 7
45 7
42 6
57 7
48 6
57 7
51 6
48 8
45 7
45 7
45 7
45 6
45 7
42 6
39 7
36 6
42 6
45 7
42 6
45 6
42 6
33 5
57 7
54 6
48 6
54 6
51 5
48 8
45 7
45 7
39 7
42 6
45 7
36 6
54 6
57 7
48 6
57 7
54 6
54 6
48 6
51 5
42 6
33 5
57 7
54 6
51 6
54 5
54 8
48 7
51 7
48 7
51 6
48 7
42 6
45 7
42 6
39 6
48 7
42 6
51 6
45 6
36 5
51 7
45 6
45 6
42 6
36 5
60 6
51 5
57 6
51 5
57 8
54 7
54 7
57 6
54 7
51 6
51 6
54 7
48 6
60 6
57 6
45 5
54 7
51 6
51 6
54 5
57 6
51 5
54 7
51 6
51 6
48 5
54 6
51 5
51 9
48 8
51 8
51 8
51 7
48 8
45 7
48 8
45 7
48 7
45 8
42 7
48 7
48 7
39 6
48 8
48 7
45 7
42 7
45 6
57 7
54 6
57 7
54 6
48 8
42 7
48 7
45 7
45 6
45 7
42 6
42 7
42 6
42 6
42 7
36 6
45 6
42 6
33 5
48 8
48 7
45 7
42 7
45 6
45 7
39 6
54 6
54 6
39 6
33 5
57 7
54 6
51 6
48 5
54 7
51 6
51 6
48 5
39 4
54 8
51 7
51 7
51 7
54 6
48 7
45 6
48 7
45 6
51 6
48 7
45 6
45 6
51 6
42 5
51 7
48 6
45 6
45 6
42 5
57 6
51 5
54 6
51 5
54 8
48 7
51 7
48 7
51 6
48 7
42 6
45 7
42 6
45 6
48 7
42 6
51 6
39 6
36 5
51 7
45 6
42 6
45 6
36 5
60 6
51 5
57 6
51 5
45 7
39 6
42 6
39 6
42 5
39 6
33 5
36 6
33 5
36 5
39 6
33 5
42 5
36 5
27 4
45 5
39 4
51 9
48 8
48 8
57 7
48 8
45 7
57 7
48 8
45 7
57 7
57 7
42 6
48 8
48 7
45 7
54 6
48 8
45 7
48 7
57 6
51 7
48 6
57 7
51 6
48 8
42 7
48 7
45 7
45 6
45 7
39 6
54 6
54 6
45 8
42 7
45 7
48 6
45 7
42 6
48 6
42 7
33 6
48 6
48 6
30 5
39 6
30 5
54 7
48 6
54 6
54 5
48 8
45 7
48 7
42 7
45 6
45 7
39 6
57 6
51 7
45 6
48 6
45 6
42 5
54 7
48 6
54 6
54 5
57 7
51 6
54 6
39 6
30 5
33 4
57 8
54 7
54 7
54 6
54 7
48 6
57 6
54 7
48 6
51 6
57 6
42 5
57 7
51 6
54 6
48 5
57 7
54 6
54 6
54 5
57 6
51 5
60 6
54 5
57 8
54 7
54 7
57 6
54 7
48 6
54 6
54 7
48 6
57 6
51 6
42 5
57 7
51 6
54 6
48 5
57 7
54 6
54 6
54 5
57 6
51 5
60 6
54 5
42 7
39 6
39 6
42 5
39 6
33 5
42 5
39 6
30 5
45 5
45 5
24 4
57 8
54 7
54 7
57 6
54 7
51 6
60 6
54 7
48 6
51 6
57 6
45 5
54 7
51 6
51 6
48 5
54 7
51 6
51 6
54 5
54 6
51 5
57 6
51 5
57 8
54 7
54 7
60 6
54 7
51 6
57 6
54 7
48 6
57 6
51 6
45 5
54 7
51 6
51 6
48 5
54 7
51 6
51 6
54 5
54 6
51 5
57 6
51 5
39 7
36 6
36 6
42 5
36 6
33 5
42 5
36 6
27 5
42 5
42 5
24 4
36 5
27 4
42 7
39 6
39 6
39 6
33 5
39 6
30 5
24 4
42 5
33 4
45 5
39 4
45 5
39 4
36 5
27 4
18 3
63 9
60 8
60 8
69 7
60 8
54 7
69 7
60 8
57 7
72 7
72 7
51 6
60 8
57 7
57 7
69 6
69 7
63 6
60 8
57 7
60 7
69 6
63 7
57 6
60 8
57 7
51 7
57 7
54 6
57 7
48 6
69 6
69 7
66 6
63 6
60 8
60 7
57 7
54 7
57 6
57 7
51 6
69 6
63 6
63 7
57 6
54 6
57 6
48 5
60 8
54 7
57 7
63 6
57 7
51 6
66 6
57 7
48 6
66 6
69 6
45 5
69 7
66 6
63 6
66 5
69 7
66 6
66 6
66 5
48 6
42 5
51 6
45 5
42 4
57 8
54 7
54 7
54 7
54 6
54 7
51 6
66 6
54 7
51 6
48 6
48 6
48 5
54 7
51 6
51 6
60 5
60 6
54 5
45 5
60 8
57 7
57 7
66 6
57 7
48 6
66 6
57 7
51 6
66 6
66 6
45 5
60 7
54 6
57 6
63 5
69 6
63 5
57 7
54 6
54 6
60 5
60 6
51 5
60 7
57 6
57 6
57 6
57 5
57 6
54 5
63 5
69 7
66 6
69 6
69 5
69 6
60 5
69 5
66 6
51 5
66 5
63 5
48 4
60 8
57 7
57 7
66 6
57 7
51 6
66 6
57 7
54 6
69 6
69 6
48 5
57 7
51 6
54 6
63 5
63 6
57 5
54 7
51 6
54 6
63 5
57 6
51 5
60 7
57 6
54 6
54 6
54 5
57 6
51 5
69 5
60 7
60 6
57 6
54 6
57 5
57 6
51 5
69 5
63 5
51 6
48 5
45 5
45 5
45 4
69 7
66 6
66 6
66 5
66 6
60 5
66 5
66 6
57 5
66 5
63 5
51 4
54 4
63 9
60 8
60 8
69 7
60 8
54 7
69 7
60 8
57 7
72 7
72 7
51 6
60 8
57 7
57 7
69 6
69 7
66 6
60 8
57 7
60 7
69 6
63 7
57 6
60 8
57 7
51 7
57 7
54 6
57 7
48 6
69 6
69 7
63 6
63 6
60 8
60 7
57 7
54 7
57 6
57 7
51 6
69 6
63 6
63 7
57 6
54 6
57 6
48 5
60 8
54 7
57 7
66 6
57 7
51 6
63 6
57 7
48 6
69 6
66 6
45 5
69 7
66 6
66 6
66 5
69 7
66 6
63 6
66 5
48 6
42 5
51 6
45 5
42 4
57 8
54 7
54 7
54 7
54 6
54 7
51 6
66 6
54 7
51 6
48 6
48 6
48 5
54 7
51 6
51 6
60 5
60 6
54 5
45 5
60 8
57 7
57 7
66 6
57 7
48 6
66 6
57 7
51 6
66 6
66 6
45 5
60 7
54 6
57 6
63 5
69 6
63 5
57 7
54 6
54 6
60 5
60 6
51 5
60 7
57 6
57 6
57 6
57 5
57 6
54 5
63 5
69 7
66 6
69 6
69 5
69 6
60 5
69 5
66 6
51 5
63 5
66 5
48 4
60 8
57 7
57 7
66 6
57 7
51 6
66 6
57 7
54 6
69 6
69 6
48 5
57 7
51 6
54 6
63 5
63 6
57 5
54 7
51 6
54 6
63 5
57 6
51 5
60 7
57 6
54 6
54 6
54 5
57 6
51 5
69 5
60 7
60 6
57 6
54 6
57 5
57 6
51 5
69 5
63 5
51 6
48 5
45 5
45 5
45 4
69 7
66 6
66 6
66 5
66 6
60 5
66 5
66 6
57 5
63 5
66 5
51 4
54 4
51 8
48 7
51 7
60 6
51 7
45 6
60 6
48 7
45 6
63 6
63 6
42 5
51 7
45 6
48 6
57 5
57 6
51 5
48 7
45 6
48 6
57 5
51 6
48 5
51 7
45 6
42 6
45 6
45 5
48 6
39 5
57 5
57 6
51 5
51 5
48 7
48 6
45 6
42 6
45 5
45 6
39 5
57 5
51 5
51 6
48 5
45 5
45 5
39 4
48 7
42 6
48 6
54 5
48 6
42 5
54 5
45 6
33 5
57 5
57 5
33 4
57 6
54 5
51 5
51 4
57 6
54 5
51 5
51 4
39 5
30 4
39 5
30 4
30 3
60 8
51 7
57 7
57 7
54 6
57 7
51 6
57 7
51 6
54 6
57 7
48 6
57 6
57 6
45 5
57 7
48 6
54 6
54 6
51 5
66 6
63 5
69 6
63 5
57 7
48 6
54 6
54 6
51 5
51 6
48 5
51 6
48 5
48 5
51 6
42 5
51 5
51 5
39 4
57 7
48 6
54 6
54 6
51 5
51 6
42 5
60 5
60 5
66 6
60 5
60 5
51 4
63 6
60 5
57 5
51 4
45 5
36 4
42 3
60 8
51 7
57 7
57 7
54 6
57 7
51 6
57 7
51 6
54 6
57 7
48 6
57 6
57 6
45 5
57 7
48 6
54 6
54 6
51 5
66 6
63 5
69 6
63 5
57 7
48 6
54 6
54 6
51 5
51 6
48 5
51 6
48 5
48 5
51 6
42 5
51 5
51 5
39 4
57 7
48 6
54 6
54 6
51 5
51 6
42 5
60 5
60 5
66 6
60 5
60 5
51 4
63 6
60 5
57 5
51 4
45 5
36 4
42 3
42 6
39 5
39 5
39 5
33 4
39 5
30 4
24 3
60 8
57 7
57 7
57 7
57 6
51 7
48 6
57 7
51 6
54 6
57 7
51 6
54 6
57 6
45 5
57 7
54 6
48 6
54 6
51 5
66 6
57 5
63 6
60 5
57 7
51 6
54 6
51 6
51 5
48 6
42 5
51 6
48 5
48 5
54 6
48 5
51 5
51 5
39 4
63 6
60 5
54 5
60 5
57 4
57 7
54 6
48 6
54 6
51 5
51 6
42 5
57 5
66 6
60 5
63 5
57 4
66 6
60 5
57 5
60 5
57 4
69 6
60 5
45 5
36 4
54 6
45 5
51 5
48 5
48 4
45 5
39 4
48 5
42 4
45 4
48 5
39 4
48 4
48 4
36 3
39 4
33 3
60 8
57 7
57 7
57 7
57 6
51 7
48 6
57 7
51 6
54 6
57 7
51 6
54 6
57 6
45 5
57 7
54 6
48 6
54 6
51 5
66 6
57 5
63 6
60 5
57 7
51 6
54 6
51 6
51 5
48 6
42 5
51 6
48 5
48 5
54 6
48 5
51 5
51 5
39 4
63 6
60 5
54 5
60 5
57 4
57 7
54 6
48 6
54 6
51 5
51 6
42 5
57 5
66 6
60 5
63 5
57 4
69 6
60 5
66 6
60 5
57 5
60 5
57 4
45 5
36 4
54 6
45 5
51 5
48 5
48 4
45 5
39 4
48 5
42 4
45 4
48 5
39 4
48 4
48 4
36 3
39 4
33 3
42 6
39 5
39 5
45 4
39 5
33 4
45 4
39 5
30 4
48 4
48 4
24 3
54 6
51 5
51 5
51 5
42 4
51 5
42 4
33 3
21 2
54 9
51 8
51 8
57 7
51 8
42 7
57 7
51 8
48 7
57 7
57 7
39 6
54 8
48 7
51 7
54 6
54 8
51 7
48 7
54 6
54 7
45 6
60 7
57 6
54 8
45 7
48 7
51 7
48 6
51 7
42 6
54 6
57 6
51 8
48 7
48 7
54 6
48 7
39 6
54 6
48 7
45 6
54 6
54 6
36 5
42 6
39 5
60 7
57 6
54 6
54 5
54 8
51 7
48 7
45 7
48 6
51 7
42 6
54 6
54 7
48 6
45 6
48 6
39 5
60 7
57 6
54 6
54 5
60 7
57 6
57 6
42 6
39 5
36 4
54 8
51 7
51 7
57 6
51 7
42 6
57 6
51 7
48 6
57 6
57 6
39 5
48 7
45 6
45 6
51 5
48 7
45 6
42 6
48 5
51 6
42 5
54 6
51 5
60 7
57 6
57 6
51 5
57 6
48 5
57 5
57 6
51 5
57 5
60 5
42 4
51 8
48 7
48 7
54 6
48 7
39 6
54 6
48 7
45 6
54 6
54 6
36 5
48 7
42 6
45 6
48 5
48 7
45 6
42 6
48 5
48 6
39 5
54 6
51 5
54 7
48 6
48 6
51 6
48 5
51 6
45 5
54 5
57 5
57 7
54 6
54 6
48 5
54 6
45 5
54 5
54 6
48 5
54 5
57 5
39 4
54 8
51 7
48 7
48 7
51 6
51 7
45 6
54 6
51 7
42 6
42 6
45 6
42 5
51 7
48 6
45 6
51 5
39 5
54 6
51 5
54 7
51 6
45 6
51 6
48 5
51 6
42 5
57 5
54 7
51 6
48 6
48 6
48 5
51 6
45 5
54 5
45 6
39 5
36 5
39 5
36 4
42 4
54 8
48 7
48 7
51 7
51 6
45 7
42 6
48 7
42 6
48 6
51 7
45 6
48 6
51 6
39 5
51 7
45 6
42 6
48 6
45 5
57 6
48 5
54 6
48 5
51 7
45 6
42 6
42 6
42 5
42 6
33 5
45 6
36 5
42 5
45 6
39 5
42 5
42 5
30 4
57 6
48 5
48 5
51 5
48 4
51 7
45 6
42 6
45 6
45 5
48 6
39 5
51 5
54 6
51 5
48 5
48 4
57 6
48 5
57 6
51 5
48 5
51 5
48 4
39 5
30 4
60 7
57 6
57 6
57 5
57 6
48 5
51 5
57 6
51 5
60 5
57 5
42 4
54 6
51 5
51 5
51 4
54 5
48 4
57 6
54 5
51 5
45 4
57 5
48 4
51 8
48 7
48 7
48 7
48 6
48 7
45 6
42 7
39 6
45 6
48 7
45 6
48 6
45 6
36 5
48 7
45 6
39 6
45 6
42 5
54 6
45 5
54 6
51 5
48 7
42 6
39 6
42 6
39 5
42 6
36 5
39 6
30 5
39 5
42 6
36 5
39 5
39 5
27 4
54 6
48 5
45 5
48 5
45 4
48 7
45 6
45 6
39 6
42 5
45 6
36 5
51 5
54 6
45 5
54 6
48 5
48 5
45 5
45 4
36 5
27 4
54 6
51 5
51 5
51 4
54 7
48 6
48 6
51 6
48 5
48 6
42 5
45 6
39 5
36 5
51 6
42 5
48 5
45 5
33 4
51 6
45 5
45 5
42 5
33 4
54 5
45 4
57 5
48 4
57 7
54 6
54 6
54 5
54 6
45 5
48 5
54 6
48 5
57 5
54 5
39 4
54 6
48 5
51 5
48 4
54 5
48 4
54 6
51 5
48 5
42 4
54 5
45 4
54 8
51 7
48 7
48 7
51 6
51 7
45 6
48 7
42 6
51 6
45 7
42 6
48 6
48 6
39 5
51 7
45 6
45 6
42 6
45 5
54 6
48 5
57 6
51 5
51 7
42 6
42 6
45 6
42 5
45 6
39 5
45 6
36 5
42 5
42 6
33 5
42 5
42 5
30 4
51 7
45 6
48 6
42 6
45 5
48 6
39 5
51 5
54 5
39 5
30 4
54 6
51 5
51 5
45 4
54 6
51 5
48 5
42 4
33 3
54 7
51 6
45 6
51 6
48 5
48 6
42 5
48 6
39 5
48 5
48 6
42 5
39 5
48 5
36 4
51 6
42 5
45 5
45 5
36 4
57 5
48 4
54 5
45 4
54 7
51 6
48 6
48 6
48 5
51 6
42 5
45 6
39 5
45 5
48 6
42 5
48 5
36 5
33 4
51 6
45 5
42 5
45 5
33 4
54 5
45 4
57 5
48 4
45 6
39 5
36 5
39 5
36 4
39 5
30 4
36 5
27 4
33 4
39 5
30 4
36 4
33 4
21 3
42 4
33 3
51 8
48 7
48 7
54 6
48 7
39 6
54 6
48 7
45 6
54 6
54 6
36 5
51 7
45 6
48 6
51 5
51 7
48 6
45 6
51 5
51 6
42 5
57 6
51 5
51 7
42 6
45 6
48 6
45 5
48 6
39 5
51 5
54 5
48 7
45 6
45 6
48 5
45 6
36 5
48 5
45 6
30 5
48 5
48 5
27 4
39 5
30 4
57 6
51 5
51 5
48 4
51 7
48 6
45 6
42 6
45 5
48 6
39 5
51 5
51 6
45 5
42 5
45 5
36 4
57 6
51 5
51 5
48 4
57 6
51 5
54 5
39 5
30 4
27 3
60 7
57 6
57 6
57 5
57 6
48 5
60 5
57 6
51 5
51 5
57 5
42 4
54 6
51 5
51 5
45 4
54 6
51 5
48 5
48 4
57 5
48 4
54 5
48 4
60 7
57 6
57 6
60 5
57 6
48 5
57 5
57 6
51 5
57 5
51 5
42 4
54 6
51 5
51 5
45 4
54 6
51 5
48 5
48 4
57 5
48 4
54 5
48 4
42 6
39 5
39 5
42 4
39 5
30 4
42 4
39 5
30 4
42 4
42 4
21 3
57 7
54 6
54 6
54 5
54 6
45 5
57 5
54 6
48 5
48 5
54 5
39 4
54 6
48 5
51 5
42 4
54 6
51 5
48 5
48 4
54 5
45 4
54 5
48 4
57 7
54 6
54 6
57 5
54 6
45 5
54 5
54 6
48 5
54 5
48 5
39 4
54 6
48 5
51 5
42 4
54 6
51 5
48 5
48 4
54 5
45 4
54 5
48 4
39 6
36 5
36 5
39 4
36 5
27 4
39 4
36 5
27 4
39 4
39 4
18 3
33 4
24 3
42 6
39 5
39 5
39 5
30 4
39 5
30 4
21 3
36 4
27 3
42 4
33 3
42 4
33 3
33 4
24 3
12 2
54 6
51 5
51 5
51 5
42 4
51 5
42 4
33 3
27 2
45 5
42 4
42 4
42 4
33 3
42 4
33 3
24 2
63 9
60 8
60 8
72 7
60 8
54 7
72 7
60 8
57 7
69 7
69 7
51 6
60 8
60 7
57 7
69 6
60 8
57 7
57 7
69 6
63 7
57 6
69 7
63 6
60 8
54 7
60 7
57 7
57 6
57 7
51 6
69 6
63 6
60 8
57 7
57 7
66 6
57 7
51 6
69 6
54 7
48 6
63 6
66 6
45 5
51 6
45 5
69 7
63 6
63 6
66 5
60 8
57 7
57 7
51 7
54 6
57 7
48 6
69 6
63 7
57 6
57 6
54 6
48 5
69 7
66 6
63 6
66 5
69 7
66 6
63 6
48 6
42 5
42 4
60 8
57 7
57 7
66 6
57 7
48 6
66 6
57 7
51 6
66 6
66 6
45 5
57 7
54 6
54 6
60 5
60 7
57 6
54 6
63 5
60 6
51 5
69 6
63 5
69 7
66 6
69 6
66 5
69 6
60 5
63 5
66 6
51 5
69 5
69 5
48 4
60 8
57 7
57 7
69 6
57 7
51 6
69 6
57 7
54 6
66 6
66 6
48 5
54 7
51 6
51 6
60 5
54 7
51 6
51 6
63 5
57 6
51 5
63 6
57 5
60 7
54 6
60 6
57 6
57 5
57 6
51 5
69 5
63 5
69 7
66 6
66 6
66 5
66 6
60 5
63 5
66 6
57 5
66 5
66 5
51 4
57 8
54 7
54 7
54 7
54 6
54 7
51 6
66 6
54 7
48 6
51 6
48 6
48 5
54 7
51 6
51 6
60 5
45 5
60 6
54 5
60 7
57 6
57 6
57 6
57 5
57 6
54 5
63 5
60 7
54 6
57 6
54 6
54 5
57 6
51 5
69 5
51 6
45 5
48 5
45 5
45 4
54 4
66 8
60 7
60 7
63 7
60 6
63 7
57 6
63 7
57 6
63 6
60 7
54 6
60 6
63 6
51 5
63 7
57 6
60 6
57 6
57 5
72 6
66 5
72 6
66 5
63 7
57 6
57 6
57 6
57 5
60 6
51 5
54 6
48 5
57 5
57 6
48 5
57 5
57 5
45 4
69 6
63 5
63 5
60 5
60 4
63 7
57 6
57 6
60 6
57 5
54 6
48 5
63 5
72 6
63 5
66 5
60 4
69 6
60 5
63 5
63 5
60 4
72 6
66 5
48 5
42 4
72 8
69 7
69 7
78 6
69 7
60 6
78 6
69 7
63 6
78 6
78 6
57 5
66 7
63 6
63 6
69 5
69 7
66 6
66 6
72 5
69 6
63 5
78 6
72 5
69 7
60 6
63 6
63 6
63 5
66 6
57 5
72 5
72 5
78 6
72 5
72 5
69 4
66 7
60 6
60 6
63 6
60 5
63 6
57 5
69 5
69 6
60 5
63 5
63 5
60 4
60 7
57 6
60 6
63 5
60 6
51 5
66 5
57 6
48 5
63 5
66 5
45 4
57 6
51 5
54 5
57 4
66 5
54 4
54 6
51 5
51 5
54 4
57 5
51 4
63 7
54 6
57 6
57 6
54 5
60 6
51 5
60 6
54 5
57 5
57 6
48 5
57 5
57 5
45 4
57 6
48 5
51 5
51 5
48 4
63 5
54 4
63 5
57 4
69 7
60 6
66 6
66 6
63 5
66 6
57 5
75 5
72 5
63 6
54 5
57 5
57 5
54 4
51 5
45 4
45 4
63 7
60 6
60 6
60 6
60 5
54 6
51 5
60 6
54 5
57 5
57 6
51 5
57 5
60 5
48 4
57 6
54 5
48 5
51 5
51 4
63 5
54 4
63 5
57 4
69 7
66 6
60 6
66 6
63 5
66 6
57 5
72 5
66 6
57 5
57 5
60 5
57 4
72 5
63 4
60 5
51 4
54 4
54 4
51 3
48 3
51 5
45 4
48 4
48 3
60 7
54 6
51 6
57 6
54 5
57 6
51 5
57 6
48 5
57 5
54 6
48 5
54 5
57 5
45 4
57 6
48 5
54 5
51 5
51 4
66 5
60 4
66 5
57 4
57 6
51 5
48 5
51 5
48 4
51 5
45 4
48 5
39 4
48 4
51 5
42 4
48 4
48 4
36 3
63 5
54 4
57 4
54 4
54 3
57 6
51 5
48 5
54 5
51 4
48 5
42 4
57 4
66 5
57 4
60 4
54 3
63 5
54 4
54 4
57 4
54 3
66 5
57 4
42 4
33 3
60 8
57 7
57 7
51 7
54 6
57 7
48 6
57 7
51 6
57 6
57 7
51 6
57 6
54 6
45 5
57 7
48 6
54 6
54 6
51 5
66 6
63 5
69 6
60 5
57 7
54 6
54 6
48 6
51 5
51 6
42 5
51 6
48 5
51 5
51 6
48 5
51 5
48 5
39 4
66 6
57 5
60 5
60 5
57 4
57 7
54 6
54 6
48 6
51 5
51 6
42 5
60 5
63 6
60 5
60 5
54 5
57 4
66 6
57 5
45 5
36 4
66 6
60 5
60 5
57 4
63 7
57 6
60 6
54 6
57 5
60 6
51 5
60 6
54 5
60 5
60 6
51 5
60 5
57 5
48 4
57 6
51 5
54 5
48 5
51 4
63 5
54 4
63 5
57 4
69 7
60 6
66 6
66 6
63 5
66 6
57 5
75 5
66 6
57 5
60 5
60 5
57 4
72 5
63 4
60 6
51 5
54 5
54 5
54 4
54 5
45 4
57 4
66 6
60 5
63 5
66 4
60 5
54 4
57 6
51 5
51 5
48 5
48 4
48 5
39 4
51 5
45 4
48 4
51 5
45 4
48 4
48 4
36 3
66 6
57 5
57 5
48 4
54 4
45 3
45 4
36 3
63 9
60 8
60 8
72 7
60 8
54 7
72 7
60 8
57 7
69 7
69 7
51 6
60 8
60 7
57 7
69 6
60 8
57 7
57 7
69 6
63 7
57 6
69 7
66 6
60 8
54 7
60 7
57 7
57 6
57 7
51 6
69 6
63 6
60 8
57 7
57 7
69 6
57 7
51 6
66 6
54 7
48 6
66 6
63 6
45 5
51 6
45 5
69 7
66 6
63 6
66 5
60 8
57 7
57 7
51 7
54 6
57 7
48 6
69 6
63 7
57 6
57 6
54 6
48 5
69 7
63 6
63 6
66 5
69 7
63 6
63 6
48 6
42 5
42 4
60 8
57 7
57 7
66 6
57 7
48 6
66 6
57 7
51 6
66 6
66 6
45 5
57 7
54 6
54 6
60 5
60 7
57 6
54 6
63 5
60 6
51 5
69 6
63 5
69 7
66 6
69 6
63 5
69 6
60 5
66 5
66 6
51 5
69 5
69 5
48 4
60 8
57 7
57 7
69 6
57 7
51 6
69 6
57 7
54 6
66 6
66 6
48 5
54 7
51 6
51 6
60 5
54 7
51 6
51 6
63 5
57 6
51 5
63 6
57 5
60 7
54 6
60 6
57 6
57 5
57 6
51 5
69 5
63 5
69 7
66 6
66 6
63 5
66 6
60 5
66 5
66 6
57 5
66 5
66 5
51 4
57 8
54 7
54 7
54 7
54 6
54 7
51 6
66 6
54 7
48 6
51 6
48 6
48 5
54 7
51 6
51 6
60 5
45 5
60 6
54 5
60 7
57 6
57 6
57 6
57 5
57 6
54 5
63 5
60 7
54 6
57 6
54 6
54 5
57 6
51 5
69 5
51 6
45 5
48 5
45 5
45 4
54 4
72 8
69 7
69 7
78 6
69 7
60 6
78 6
69 7
63 6
78 6
78 6
57 5
66 7
63 6
63 6
69 5
69 7
66 6
66 6
72 5
69 6
63 5
78 6
72 5
69 7
60 6
63 6
63 6
63 5
66 6
57 5
72 5
72 5
78 6
72 5
72 5
69 4
66 7
60 6
60 6
63 6
60 5
63 6
57 5
69 5
69 6
60 5
63 5
63 5
60 4
66 8
60 7
60 7
63 7
60 6
63 7
57 6
63 7
57 6
63 6
60 7
54 6
60 6
63 6
51 5
63 7
57 6
60 6
57 6
57 5
72 6
66 5
72 6
66 5
63 7
57 6
57 6
57 6
57 5
60 6
51 5
54 6
48 5
57 5
57 6
48 5
57 5
57 5
45 4
69 6
63 5
63 5
60 5
60 4
63 7
57 6
57 6
60 6
57 5
54 6
48 5
63 5
72 6
63 5
66 5
60 4
72 6
66 5
69 6
60 5
63 5
63 5
60 4
48 5
42 4
60 7
57 6
60 6
66 5
60 6
51 5
63 5
57 6
48 5
66 5
63 5
45 4
57 6
51 5
54 5
57 4
66 5
54 4
54 6
51 5
51 5
54 4
57 5
51 4
69 7
60 6
66 6
66 6
63 5
66 6
57 5
75 5
72 5
63 6
54 5
57 5
57 5
54 4
63 7
54 6
57 6
57 6
54 5
60 6
51 5
60 6
54 5
57 5
57 6
48 5
57 5
57 5
45 4
57 6
48 5
51 5
51 5
48 4
63 5
54 4
63 5
57 4
51 5
45 4
45 4
69 7
66 6
60 6
66 6
63 5
66 6
57 5
72 5
66 6
57 5
57 5
60 5
57 4
72 5
63 4
60 5
51 4
54 4
54 4
51 3
48 3
63 7
60 6
60 6
60 6
60 5
54 6
51 5
60 6
54 5
57 5
57 6
51 5
57 5
60 5
48 4
57 6
54 5
48 5
51 5
51 4
63 5
54 4
63 5
57 4
51 5
45 4
48 4
48 3
60 7
54 6
51 6
57 6
54 5
57 6
51 5
57 6
48 5
57 5
54 6
48 5
54 5
57 5
45 4
57 6
48 5
54 5
51 5
51 4
66 5
60 4
66 5
57 4
57 6
51 5
48 5
51 5
48 4
51 5
45 4
48 5
39 4
48 4
51 5
42 4
48 4
48 4
36 3
63 5
54 4
57 4
54 4
54 3
57 6
51 5
48 5
54 5
51 4
48 5
42 4
57 4
66 5
57 4
60 4
54 3
66 5
57 4
63 5
54 4
54 4
57 4
54 3
42 4
33 3
60 8
57 7
57 7
51 7
54 6
57 7
48 6
57 7
51 6
57 6
57 7
51 6
57 6
54 6
45 5
57 7
48 6
54 6
54 6
51 5
66 6
63 5
69 6
60 5
57 7
54 6
54 6
48 6
51 5
51 6
42 5
51 6
48 5
51 5
51 6
48 5
51 5
48 5
39 4
66 6
57 5
60 5
60 5
57 4
57 7
54 6
54 6
48 6
51 5
51 6
42 5
60 5
66 6
57 5
63 6
60 5
60 5
54 5
57 4
45 5
36 4
66 6
60 5
60 5
57 4
69 7
60 6
66 6
66 6
63 5
66 6
57 5
75 5
66 6
57 5
60 5
60 5
57 4
72 5
63 4
63 7
57 6
60 6
54 6
57 5
60 6
51 5
60 6
54 5
60 5
60 6
51 5
60 5
57 5
48 4
57 6
51 5
54 5
48 5
51 4
63 5
54 4
63 5
57 4
60 6
51 5
54 5
54 5
54 4
54 5
45 4
57 4
66 6
60 5
63 5
66 4
60 5
54 4
66 6
57 5
57 5
48 4
54 4
45 3
57 6
51 5
51 5
48 5
48 4
48 5
39 4
51 5
45 4
48 4
51 5
45 4
48 4
48 4
36 3
45 4
36 3
51 8
48 7
51 7
63 6
51 7
45 6
63 6
48 7
45 6
60 6
60 6
42 5
48 7
48 6
45 6
57 5
51 7
48 6
48 6
60 5
51 6
48 5
57 6
51 5
48 7
42 6
48 6
45 6
45 5
45 6
39 5
57 5
51 5
48 7
45 6
48 6
57 5
48 6
42 5
57 5
42 6
33 5
54 5
54 5
33 4
39 5
30 4
57 6
51 5
54 5
54 4
51 7
45 6
48 6
42 6
45 5
48 6
39 5
60 5
51 6
45 5
48 5
45 5
39 4
57 6
51 5
54 5
54 4
57 6
51 5
51 5
39 5
30 4
30 3
60 7
57 6
60 6
63 5
60 6
51 5
66 5
57 6
48 5
63 5
66 5
45 4
54 6
51 5
51 5
54 4
57 6
54 5
54 5
57 4
57 5
51 4
66 5
54 4
60 7
57 6
60 6
66 5
60 6
51 5
63 5
57 6
48 5
66 5
63 5
45 4
54 6
51 5
51 5
54 4
57 6
54 5
54 5
57 4
57 5
51 4
66 5
54 4
48 6
45 5
48 5
51 4
48 5
39 4
51 4
45 5
30 4
51 4
51 4
27 3
57 6
48 5
54 5
54 5
51 4
51 5
42 4
57 4
57 4
57 6
48 5
54 5
54 5
51 4
51 5
42 4
57 4
57 4
39 4
27 3
60 6
54 5
51 5
57 5
54 4
54 5
45 4
60 4
60 6
54 5
51 5
57 5
54 4
54 5
45 4
60 4
42 4
30 3
42 5
39 4
39 4
45 3
39 4
30 3
45 3
39 4
24 3
45 3
45 3
21 2
42 6
39 5
39 5
48 4
39 5
33 4
48 4
39 5
30 4
45 4
45 4
24 3
51 5
48 4
45 4
48 3
51 5
48 4
45 4
48 3
42 4
30 3
45 4
36 3
45 4
36 3
21 2
60 8
57 7
57 7
57 7
57 6
57 7
51 6
57 7
51 6
57 6
51 7
48 6
54 6
54 6
45 5
69 7
66 6
66 6
60 6
63 5
66 6
57 5
66 6
60 5
51 4
57 7
54 6
54 6
48 6
51 5
63 7
57 6
57 6
60 6
57 5
57 6
54 5
60 6
54 5
57 5
54 6
48 5
54 5
57 5
45 4
57 6
54 5
54 5
48 5
51 4
66 6
63 5
69 6
63 5
57 7
51 6
54 6
51 6
51 5
54 6
48 5
51 6
48 5
51 5
48 6
42 5
51 5
48 5
39 4
63 6
57 5
57 5
54 5
54 4
57 5
48 4
60 5
54 4
42 3
57 6
48 5
51 5
51 5
48 4
51 5
42 4
51 5
42 4
48 4
48 5
39 4
48 4
48 4
33 3
57 7
51 6
57 6
66 6
51 5
54 6
51 5
60 5
63 5
54 6
51 5
60 5
48 6
42 5
48 5
57 5
42 4
51 5
48 4
45 5
36 4
45 4
36 3
66 6
60 5
63 5
75 5
57 4
60 5
57 4
51 4
66 4
63 6
57 5
63 5
72 5
57 4
57 5
57 4
51 4
42 3
30 2
54 6
48 5
51 5
45 5
48 4
48 5
39 4
48 5
42 4
48 4
45 5
39 4
48 4
45 4
36 3
60 5
54 4
54 4
51 4
51 3
51 4
42 3
54 4
45 3
33 2
51 5
42 4
42 4
42 4
39 3
42 4
33 3
42 4
33 3
39 3
42 4
33 3
39 3
39 3
24 2
42 3
33 2
60 8
57 7
57 7
57 7
57 6
57 7
51 6
57 7
51 6
57 6
51 7
48 6
54 6
54 6
45 5
69 7
66 6
66 6
60 6
63 5
66 6
57 5
66 6
60 5
51 4
57 7
54 6
54 6
48 6
51 5
63 7
57 6
57 6
60 6
57 5
57 6
54 5
60 6
54 5
57 5
54 6
48 5
54 5
57 5
45 4
57 6
54 5
54 5
48 5
51 4
66 6
63 5
69 6
63 5
57 7
51 6
54 6
51 6
51 5
54 6
48 5
51 6
48 5
51 5
48 6
42 5
51 5
48 5
39 4
63 6
57 5
57 5
54 5
54 4
57 5
48 4
60 5
54 4
42 3
57 6
48 5
51 5
51 5
48 4
51 5
42 4
51 5
42 4
48 4
48 5
39 4
48 4
48 4
33 3
57 7
51 6
66 6
57 6
51 5
54 6
51 5
60 5
63 5
54 6
51 5
60 5
48 6
42 5
57 5
48 5
42 4
51 5
48 4
45 5
36 4
45 4
36 3
66 6
60 5
75 5
63 5
57 4
60 5
57 4
51 4
66 4
63 6
57 5
72 5
63 5
57 4
57 5
57 4
51 4
42 3
30 2
54 6
48 5
51 5
45 5
48 4
48 5
39 4
48 5
42 4
48 4
45 5
39 4
48 4
45 4
36 3
60 5
54 4
54 4
51 4
51 3
51 4
42 3
54 4
45 3
33 2
51 5
42 4
42 4
42 4
39 3
42 4
33 3
42 4
33 3
39 3
42 4
33 3
39 3
39 3
24 2
42 3
33 2
42 6
39 5
51 5
51 5
39 4
39 5
45 4
45 4
39 5
45 4
33 4
36 3
45 4
36 3
39 5
30 4
45 4
45 4
27 3
24 3
15 2
45 5
42 4
42 4
42 4
33 3
42 4
33 3
24 2
39 4
45 3
33 3
30 2
42 3
33 2
39 4
45 3
33 3
30 2
42 3
33 2
21 2
9 1
