42 5
33 4
45 6
42 5
42 5
36 4
45 6
42 5
42 5
39 4
48 5
39 4
48 5
39 4
48 5
39 4
33 3
42 5
36 4
36 4
30 3
33 4
24 3
30 3
33 6
30 5
30 5
33 4
30 5
21 4
33 4
30 5
24 4
33 4
33 4
15 3
42 5
36 4
36 4
33 3
42 5
36 4
36 4
33 3
30 4
21 3
42 5
36 4
36 4
33 3
30 4
21 3
30 3
42 5
36 4
36 4
33 3
30 4
21 3
30 3
30 4
21 3
30 3
30 3
6 2
45 7
42 6
48 6
45 6
48 5
45 6
42 5
45 6
42 5
48 5
42 6
39 5
48 5
48 5
39 4
42 6
39 5
42 5
42 5
45 4
48 5
45 4
48 5
45 4
48 4
45 5
42 4
42 6
39 5
42 5
42 5
42 4
42 5
39 4
42 5
39 4
42 4
39 5
33 4
42 4
42 4
30 3
45 5
42 4
45 4
45 4
42 3
42 6
39 5
42 5
42 5
45 4
33 5
30 4
39 4
39 4
39 3
48 5
45 4
39 4
33 3
48 5
45 4
39 4
33 3
48 4
39 3
45 5
42 4
45 4
45 4
42 3
45 5
42 4
30 4
24 3
36 3
36 3
24 2
45 7
42 6
48 6
45 6
48 5
45 6
