45 7
42 7
42 6
45 7
36 6
45 6
42 7
36 6
33 6
39 6
30 5
45 7
39 6
39 6
30 5
48 6
39 5
45 7
42 6
39 6
36 5
45 6
36 5
42 6
33 5
39 5
48 8
45 7
42 7
42 6
45 7
36 6
45 6
42 7
36 6
33 6
39 6
30 5
45 7
39 6
39 6
30 5
48 6
39 5
45 7
42 6
39 6
36 5
45 6
36 5
42 6
33 5
39 5
33 4
48 7
45 6
45 6
45 6
45 5
42 6
39 5
39 5
39 5
36 4
48 8
45 7
45 7
45 6
42 7
36 6
42 6
42 7
36 6
39 6
33 6
30 5
45 7
39 6
39 6
30 5
48 6
39 5
45 7
42 6
39 6
36 5
45 6
36 5
42 6
33 5
39 5
36 7
33 6
33 6
30 5
33 6
24 5
30 5
33 6
21 5
30 5
30 5
15 4
48 8
45 7
45 7
45 6
42 7
36 6
42 6
42 7
36 6
39 6
33 6
30 5
45 7
39 6
39 6
30 5
48 6
39 5
45 7
42 6
39 6
36 5
45 6
36 5
42 6
33 5
39 5
33 4
36 7
33 6
33 6
30 5
33 6
24 5
30 5
33 6
24 5
30 5
30 5
15 4
45 6
39 5
39 5
33 4
48 7
45 6
45 6
