36 4
42 6
36 5
36 5
36 4
30 5
27 4
42 6
36 5
36 5
36 4
30 5
21 4
33 4
42 6
36 5
36 5
36 4
30 5
21 4
33 4
30 5
27 4
33 4
33 4
12 3
48 8
39 7
45 7
42 6
45 7
36 6
42 6
45 7
36 6
45 6
45 6
33 5
48 7
42 6
45 6
42 5
45 6
39 5
45 7
36 6
42 6
39 5
45 6
39 5
42 5
48 6
39 5
39 4
48 7
39 6
42 6
42 6
42 5
45 6
36 5
42 5
45 5
45 6
42 5
39 5
39 4
45 7
36 6
42 6
36 5
42 6
33 5
36 5
36 6
27 5
39 5
39 5
24 4
48 6
42 5
42 5
33 4
48 6
42 5
42 5
33 4
36 5
27 4
48 6
39 5
45 5
39 4
45 7
42 6
42 6
39 6
42 5
36 6
33 5
42 5
39 5
36 4
45 6
42 5
39 5
42 5
30 4
42 5
36 4
48 6
39 5
45 5
39 4
48 6
39 5
45 5
39 4
39 4
33 5
24 4
39 4
39 4
21 3
36 6
33 5
33 5
36 4
33 5
24 4
36 4
33 5
30 4
36 4
36 4
21 3
45 7
39 6
39 6
36 5
42 6
33 5
39 5
42 6
33 5
39 5
42 5
27 4
45 6
36 5
