30 5
30 4
39 5
33 4
36 5
39 4
33 4
27 5
21 4
36 4
27 4
27 3
30 5
30 4
36 4
27 4
27 3
33 5
36 4
36 4
27 4
33 3
21 4
15 3
36 5
33 4
42 4
39 4
33 3
33 4
36 3
24 3
42 6
36 5
39 5
39 5
36 4
39 5
33 4
36 5
33 4
36 4
42 5
39 4
42 4
36 4
36 3
39 5
33 4
33 4
42 4
33 3
36 5
42 4
33 4
39 4
33 3
39 5
36 4
36 4
33 4
33 3
30 4
24 3
33 4
27 3
33 3
36 5
30 4
36 4
30 4
21 3
30 4
24 3
33 4
36 3
24 3
33 4
27 3
33 3
24 3
15 2
36 6
33 5
33 5
36 5
33 4
36 5
36 4
33 5
27 4
27 4
33 5
27 4
33 4
27 4
21 3
33 5
36 4
27 4
27 4
21 3
39 5
36 4
42 4
36 4
33 3
30 4
24 3
33 5
27 4
36 4
27 4
21 3
33 4
27 3
33 4
36 3
30 3
39 5
36 4
36 4
42 4
33 3
33 4
36 3
39 4
33 3
33 3
30 4
24 3
30 3
33 3
21 2
45 7
39 6
48 6
42 6
42 5
42 6
36 5
42 6
39 5
39 5
48 6
42 5
48 5
45 5
36 4
42 6
39 5
42 5
45 5
45 4
39 6
39 5
36 5
42 5
42 4
36 5
39 4
42 6
39 5
39 5
36 5
36 4
45 5
