45 4
39 5
36 4
39 4
39 6
36 5
39 5
39 5
36 4
39 5
36 4
39 5
36 4
30 4
42 5
39 4
42 4
39 4
30 3
42 6
39 5
36 5
42 5
42 4
36 5
39 4
36 5
33 4
36 4
39 5
33 4
36 4
36 4
36 3
48 6
51 5
42 5
45 5
45 4
42 5
45 4
42 5
39 4
45 4
42 5
45 4
39 4
39 4
39 3
39 5
42 4
36 4
36 4
33 3
45 6
42 5
39 5
42 5
36 4
42 5
39 4
39 5
33 4
36 4
36 5
33 4
36 4
36 4
27 3
45 5
42 4
39 4
39 4
33 3
45 5
42 4
45 4
42 4
36 3
39 4
33 3
42 6
36 5
42 5
36 5
36 4
39 5
36 4
36 5
36 4
33 4
39 5
33 4
42 4
36 4
33 3
42 5
39 4
39 4
39 4
36 3
45 5
45 4
45 4
42 4
39 3
42 4
36 3
45 5
42 4
45 4
42 4
36 3
39 4
36 3
39 3
39 6
33 5
39 5
36 5
33 4
36 5
30 4
42 5
30 4
36 4
42 5
39 4
39 4
39 4
30 3
45 5
42 4
42 4
48 4
39 3
45 5
45 4
42 4
48 4
42 3
33 4
36 3
45 5
39 4
42 4
45 4
33 3
33 4
30 3
36 3
39 5
36 4
36 4
36 4
27 3
42 4
33 3
42 4
39 3
30 3
39 4
33 3
36 3
39 3
45 6
39 5
