42 6
45 6
39 5
48 8
45 7
45 7
45 7
45 6
45 7
42 6
45 6
45 6
45 5
48 8
42 7
42 7
33 6
45 7
36 6
39 6
45 7
36 6
42 6
45 6
30 5
48 8
42 7
42 7
33 6
45 7
36 6
39 6
45 7
36 6
42 6
45 6
30 5
42 6
36 5
45 9
42 8
42 8
45 7
42 8
33 7
45 7
42 8
39 7
45 7
45 7
30 6
42 8
39 7
39 7
42 6
45 7
39 6
42 8
39 7
39 7
42 6
45 7
39 6
45 7
42 6
39 5
48 8
45 7
42 7
45 7
42 6
45 7
39 6
48 6
45 6
48 8
45 7
45 7
42 7
42 6
45 7
39 6
48 6
45 6
36 7
33 6
33 6
33 6
33 5
48 7
42 6
45 6
39 5
48 7
42 6
45 6
39 5
30 5
48 8
45 7
45 7
42 6
45 7
36 6
45 6
45 7
42 6
45 6
48 6
33 5
45 6
39 5
36 5
33 4
48 9
45 8
45 8
45 8
45 7
39 8
36 7
45 8
39 7
42 7
42 8
39 7
42 7
45 7
33 6
42 8
42 7
36 7
39 7
39 6
45 7
42 6
45 7
36 6
45 7
39 6
45 6
39 8
36 7
39 7
36 7
36 6
36 7
27 6
39 7
33 6
