36 4
36 5
27 4
39 4
36 4
33 3
36 5
33 4
33 4
33 4
33 3
39 5
33 4
33 4
33 4
36 3
27 4
21 3
42 5
39 4
39 4
36 4
30 3
30 4
24 3
42 4
36 3
30 3
36 6
36 5
33 5
30 5
36 4
33 5
27 4
36 5
30 4
36 4
30 5
30 4
33 4
33 4
33 3
39 5
33 4
36 4
33 4
33 3
36 5
33 4
33 4
30 4
30 3
30 4
24 3
39 5
39 4
36 4
36 4
36 3
33 4
27 3
30 4
27 3
39 5
36 4
33 4
33 4
33 3
33 4
27 3
36 4
30 3
30 3
42 4
33 3
30 3
21 2
36 6
33 5
36 5
30 5
33 4
33 5
27 4
33 5
30 4
30 4
33 5
30 4
33 4
27 4
24 3
33 5
27 4
30 4
30 4
24 3
36 5
36 4
33 4
33 4
33 3
36 4
30 3
36 5
33 4
33 4
36 4
30 3
36 4
33 3
39 4
33 3
39 3
36 5
30 4
33 4
30 4
30 3
33 4
27 3
39 4
33 3
33 3
36 4
30 3
36 3
39 3
27 2
42 7
36 6
36 6
36 6
36 5
36 6
33 5
42 6
36 5
39 5
36 6
33 5
39 5
45 5
36 4
36 6
30 5
33 5
36 5
39 4
36 6
33 5
30 5
33 5
33 4
36 5
36 4
36 6
33 5
33 5
36 5
33 4
42 5
39 4
36 5
30 4
36 4
36 6
30 5
33 5
33 5
