54 6
48 6
51 5
51 6
42 5
57 5
60 5
45 5
36 4
69 6
60 5
63 5
51 4
66 6
60 5
63 5
51 4
42 3
63 7
57 6
60 6
57 6
57 5
60 6
51 5
57 6
54 5
57 5
54 6
48 5
57 5
54 5
45 4
57 6
51 5
51 5
48 5
48 4
63 5
57 4
63 5
54 4
57 6
48 5
51 5
51 5
48 4
51 5
42 4
51 5
42 4
48 4
48 5
39 4
48 4
48 4
33 3
69 7
66 6
66 6
60 6
63 5
66 6
57 5
72 5
75 5
63 6
57 5
57 5
54 5
54 4
66 6
57 5
57 5
48 4
57 6
54 5
54 5
48 5
51 4
51 5
42 4
57 4
57 4
45 4
36 3
66 6
63 5
60 5
66 4
60 5
54 4
51 4
42 3
30 2
54 6
48 5
48 5
48 5
48 4
45 5
39 4
51 5
42 4
48 4
45 5
39 4
45 4
48 4
36 3
60 5
54 4
54 4
51 4
51 3
51 4
42 3
54 4
45 3
33 2
51 5
42 4
42 4
42 4
39 3
42 4
33 3
42 4
33 3
39 3
42 4
33 3
39 3
39 3
24 2
42 3
33 2
63 9
60 8
60 8
69 7
60 8
51 7
69 7
60 8
54 7
69 7
69 7
48 6
60 8
57 7
57 7
63 6
60 8
57 7
57 7
66 6
63 7
54 6
69 7
66 6
60 8
54 7
57 7
60 7
57 6
57 7
51 6
63 6
69 6
60 8
57 7
57 7
