36 8
36 7
36 7
48 7
36 6
48 7
45 6
33 7
33 6
36 6
36 7
33 6
39 6
39 6
27 5
36 7
39 6
30 6
33 6
33 5
45 7
42 6
36 6
39 6
39 5
36 6
30 5
36 7
33 6
42 6
33 6
33 5
36 6
30 5
45 6
45 5
36 5
39 7
36 6
39 6
45 6
39 5
42 6
45 5
42 6
39 5
27 5
36 6
30 5
36 5
39 5
30 4
42 7
36 6
42 6
39 6
39 5
45 6
36 5
42 6
39 5
45 5
45 6
42 5
45 5
42 5
39 4
33 7
27 6
39 6
33 6
33 5
33 6
27 5
33 6
36 5
30 5
39 6
33 5
39 5
33 5
30 4
36 6
30 5
33 5
39 5
33 4
39 7
36 6
48 6
39 6
39 5
39 6
33 5
48 6
42 5
39 5
39 6
36 5
42 5
42 5
33 4
42 6
39 5
45 5
42 5
42 4
42 6
45 5
39 5
42 5
42 4
27 5
33 4
36 7
33 6
33 6
42 6
33 5
33 6
36 5
42 6
36 5
33 5
30 6
27 5
30 5
39 5
30 4
45 6
45 5
45 5
39 5
33 4
36 6
30 5
30 5
30 5
27 4
36 5
30 4
36 6
33 5
33 5
42 5
33 4
39 5
39 4
36 5
30 4
27 4
36 7
33 6
33 6
42 6
33 5
39 6
36 5
33 6
27 5
33 5
30 6
27 5
30 5
30 5
21 4
39 6
