36 5
48 5
45 6
30 5
48 5
48 5
27 4
39 5
30 4
57 6
51 5
51 5
48 4
51 7
45 6
45 6
42 6
45 5
48 6
39 5
51 5
51 6
45 5
42 5
45 5
33 4
57 6
51 5
51 5
48 4
57 6
51 5
51 5
39 5
30 4
24 3
60 7
57 6
57 6
57 5
57 6
48 5
60 5
57 6
51 5
51 5
57 5
42 4
57 6
51 5
54 5
45 4
54 6
51 5
51 5
51 4
57 5
48 4
54 5
48 4
60 7
57 6
57 6
60 5
57 6
48 5
57 5
57 6
51 5
57 5
51 5
42 4
57 6
51 5
54 5
45 4
54 6
51 5
51 5
51 4
57 5
48 4
54 5
48 4
42 6
39 5
39 5
42 4
39 5
30 4
42 4
39 5
30 4
42 4
42 4
21 3
57 7
54 6
54 6
54 5
54 6
45 5
57 5
54 6
48 5
48 5
54 5
39 4
54 6
48 5
51 5
42 4
54 6
51 5
48 5
48 4
54 5
45 4
54 5
48 4
57 7
54 6
54 6
57 5
54 6
45 5
54 5
54 6
48 5
54 5
48 5
39 4
54 6
48 5
51 5
42 4
54 6
51 5
48 5
48 4
54 5
45 4
54 5
48 4
39 6
36 5
36 5
39 4
36 5
27 4
39 4
36 5
27 4
39 4
39 4
18 3
36 4
27 3
42 6
39 5
39 5
39 5
30 4
39 5
30 4
21 3
33 4
24 3
42 4
33 3
42 4
33 3
36 4
