42 8
36 7
42 7
39 7
39 6
39 7
33 6
39 7
33 6
39 6
36 7
30 6
39 6
39 6
27 5
36 7
36 6
33 6
33 6
36 5
42 7
36 6
36 6
36 6
36 5
39 6
33 5
39 7
36 6
36 6
39 6
39 5
39 6
36 5
45 6
39 5
39 5
36 7
33 6
36 6
33 6
36 5
36 6
36 5
42 6
42 5
36 5
39 6
36 5
39 5
42 5
33 4
42 7
36 6
36 6
36 6
36 5
33 6
27 5
36 6
33 5
39 5
36 6
30 5
42 5
39 5
39 4
36 7
33 6
36 6
33 6
36 5
30 6
27 5
33 6
30 5
33 5
33 6
30 5
33 5
36 5
33 4
39 6
33 5
33 5
36 5
36 4
33 7
30 6
33 6
33 6
36 5
30 6
30 5
36 6
30 5
33 5
30 6
27 5
33 5
39 5
30 4
42 6
42 5
42 5
39 5
33 4
36 6
36 5
33 5
33 5
27 4
33 5
30 4
39 7
36 6
36 6
33 6
36 5
36 6
30 5
39 6
33 5
36 5
33 6
30 5
36 5
39 5
33 4
42 6
39 5
42 5
39 5
39 4
39 6
36 5
33 5
36 5
27 4
39 5
33 4
36 6
33 5
33 5
39 5
36 4
42 5
39 4
39 5
33 4
33 4
36 7
30 6
33 6
33 6
33 5
33 6
27 5
36 6
27 5
33 5
30 6
24 5
33 5
33 5
21 4
39 6
33 5
36 5
33 5
33 4
