36 6
36 6
36 6
39 5
36 6
33 5
33 6
30 5
36 5
33 6
30 5
36 5
36 5
27 4
36 6
33 5
27 5
30 5
33 4
39 6
33 5
33 5
33 5
33 4
36 5
30 4
36 6
33 5
36 5
33 5
36 4
39 5
30 4
42 5
39 4
36 4
36 6
33 5
30 5
36 5
36 4
39 5
36 4
42 5
36 4
30 4
39 5
33 4
39 4
36 4
27 3
36 6
36 5
33 5
33 5
36 4
33 5
30 4
33 5
27 4
39 4
33 5
30 4
39 4
36 4
30 3
36 6
30 5
33 5
30 5
36 4
33 5
27 4
36 5
30 4
36 4
33 5
24 4
33 4
33 4
33 3
39 5
33 4
36 4
33 4
30 3
33 6
30 5
33 5
27 5
33 4
30 5
21 4
33 5
30 4
30 4
30 5
27 4
33 4
36 4
24 3
36 5
30 4
33 4
36 4
33 3
39 5
36 4
33 4
33 4
30 3
39 4
33 3
36 6
30 5
33 5
33 5
33 4
30 5
30 4
33 5
30 4
33 4
33 5
30 4
33 4
39 4
33 3
42 5
39 4
39 4
39 4
39 3
42 5
36 4
36 4
36 4
36 3
36 4
30 3
33 5
30 4
30 4
33 4
27 3
36 4
33 3
30 4
24 3
27 3
33 6
27 5
30 5
33 5
30 4
33 5
27 4
33 5
21 4
30 4
27 5
21 4
30 4
30 4
15 3
36 5
36 4
30 4
33 4
33 3
42 5
