48 10
45 9
48 9
48 8
48 9
39 8
48 8
45 9
42 8
48 8
48 8
36 7
45 9
45 8
42 8
45 7
48 8
45 7
48 9
42 8
45 8
45 7
48 8
42 7
48 8
45 7
48 7
45 6
45 9
36 8
45 8
42 7
42 8
36 7
42 7
42 8
33 7
45 7
45 7
33 6
48 8
45 7
45 7
48 6
45 9
42 8
42 8
42 8
45 7
42 8
39 7
45 7
45 7
45 6
48 8
45 7
45 7
48 6
48 8
45 7
45 7
48 6
33 7
30 6
48 8
42 7
45 7
42 6
42 6
48 9
42 8
45 8
39 8
42 7
42 8
36 7
45 7
45 7
48 8
42 7
45 7
42 6
48 8
45 7
42 7
42 7
36 6
42 6
48 8
45 7
45 7
48 6
36 7
33 6
48 7
45 6
45 6
33 5
48 9
42 8
39 8
42 7
45 8
36 7
45 7
42 8
39 7
42 7
45 7
33 6
42 8
36 7
39 7
39 6
45 7
42 6
45 8
42 7
39 7
39 6
45 7
36 6
45 7
42 6
45 6
48 9
45 8
39 8
42 7
45 8
36 7
45 7
45 8
39 7
42 7
45 7
33 6
42 8
36 7
39 7
39 6
45 7
42 6
45 8
42 7
39 7
39 6
45 7
36 6
45 7
