48 5
51 5
48 4
54 5
48 4
54 6
51 5
48 5
42 4
54 5
45 4
54 8
51 7
48 7
48 7
51 6
51 7
45 6
48 7
42 6
51 6
45 7
42 6
48 6
48 6
39 5
51 7
45 6
45 6
42 6
45 5
54 6
48 5
57 6
51 5
51 7
42 6
42 6
45 6
42 5
45 6
39 5
45 6
36 5
42 5
42 6
33 5
42 5
42 5
30 4
51 7
45 6
48 6
42 6
45 5
48 6
39 5
51 5
54 5
39 5
30 4
54 6
51 5
51 5
45 4
54 6
51 5
48 5
42 4
33 3
54 7
51 6
45 6
51 6
48 5
48 6
42 5
48 6
39 5
48 5
48 6
42 5
39 5
48 5
36 4
51 6
42 5
45 5
45 5
36 4
57 5
48 4
54 5
45 4
54 7
51 6
48 6
48 6
48 5
51 6
42 5
45 6
39 5
45 5
48 6
42 5
48 5
36 5
33 4
51 6
45 5
42 5
45 5
33 4
54 5
45 4
57 5
48 4
45 6
39 5
36 5
39 5
36 4
39 5
30 4
36 5
27 4
33 4
39 5
30 4
36 4
33 4
21 3
42 4
33 3
51 8
48 7
48 7
54 6
48 7
39 6
54 6
48 7
45 6
54 6
54 6
36 5
51 7
45 6
48 6
51 5
51 7
48 6
45 6
51 5
51 6
42 5
57 6
51 5
51 7
42 6
45 6
48 6
45 5
48 6
39 5
51 5
54 5
48 7
45 6
45 6
48 5
45 6
