36 6
36 7
33 6
36 6
36 6
24 5
42 7
39 6
36 6
39 6
36 5
45 8
39 7
36 7
42 7
39 6
39 7
30 6
42 6
42 6
45 7
42 6
39 6
36 5
45 7
36 6
45 6
42 7
39 6
36 6
39 6
36 5
33 6
24 5
45 7
42 6
42 6
42 5
48 8
42 7
45 7
39 6
42 7
36 6
33 6
45 7
36 6
45 6
42 6
30 5
45 7
39 6
42 6
36 5
42 6
33 5
45 7
39 6
39 6
30 5
45 6
36 5
39 5
48 6
39 5
48 9
42 8
45 8
45 8
45 7
45 8
39 7
39 8
36 7
42 7
42 8
39 7
45 7
42 7
33 6
42 8
42 7
36 7
39 7
39 6
48 7
42 6
45 7
36 6
45 7
39 6
45 6
39 8
36 7
36 7
39 7
36 6
39 7
33 6
36 7
27 6
36 6
36 7
33 6
36 6
36 6
24 5
42 7
39 6
36 6
39 6
36 5
45 8
39 7
42 7
36 7
39 6
39 7
33 6
42 6
42 6
45 7
36 6
45 7
42 6
39 6
36 5
45 6
42 7
39 6
39 6
36 6
36 5
33 6
24 5
39 5
45 7
42 6
42 6
39 5
39 5
27 4
48 8
42 7
45 7
39 6
42 7
36 6
33 6
45 7
