33 4
39 4
36 4
30 3
39 4
33 3
36 5
33 4
36 4
30 4
33 3
27 4
15 3
36 4
30 3
27 3
42 5
36 4
33 4
36 4
33 3
36 4
30 3
30 4
15 3
30 3
36 4
30 3
27 3
30 3
15 2
42 6
42 5
39 5
39 5
42 4
42 5
36 4
42 5
39 4
45 4
39 5
36 4
39 4
33 4
36 3
39 5
36 4
36 4
33 4
27 3
39 5
33 4
36 4
36 4
33 3
39 4
33 3
42 5
39 4
39 4
39 4
42 3
36 4
30 3
42 4
36 3
36 3
39 5
39 4
33 4
33 4
33 3
36 4
30 3
42 4
33 3
39 3
42 4
36 3
27 3
39 3
30 2
39 6
36 5
36 5
36 5
33 4
33 5
30 4
36 5
36 4
36 4
36 5
36 4
36 4
33 4
30 3
36 5
33 4
33 4
33 4
27 3
33 5
33 4
27 4
30 4
30 3
36 4
33 3
36 5
33 4
30 4
33 4
30 3
39 4
36 3
33 4
27 3
36 3
36 5
30 4
36 4
33 4
27 3
27 4
24 3
36 4
33 3
24 3
42 4
33 3
36 3
39 3
27 2
42 5
39 4
39 4
36 4
36 3
39 4
33 3
39 4
36 3
39 3
39 4
33 3
39 3
39 3
33 2
42 6
39 5
42 5
42 5
42 4
39 5
36 4
45 5
39 4
42 4
39 5
36 4
39 4
36 4
39 3
42 5
36 4
39 4
36 4
30 3
39 5
