48 6
45 5
57 6
48 5
54 6
48 5
51 7
45 6
42 6
42 6
42 5
42 6
33 5
45 6
36 5
42 5
45 6
39 5
42 5
42 5
30 4
57 6
48 5
48 5
51 5
48 4
51 7
45 6
42 6
45 6
45 5
48 6
39 5
51 5
54 6
51 5
48 5
48 4
57 6
48 5
57 6
51 5
48 5
51 5
48 4
39 5
30 4
60 7
57 6
57 6
57 5
57 6
48 5
51 5
57 6
51 5
60 5
57 5
42 4
54 6
51 5
51 5
51 4
54 5
48 4
57 6
54 5
51 5
45 4
57 5
48 4
51 8
48 7
48 7
48 7
48 6
48 7
45 6
42 7
39 6
45 6
48 7
45 6
48 6
45 6
36 5
48 7
45 6
39 6
45 6
42 5
54 6
45 5
54 6
51 5
48 7
42 6
39 6
42 6
39 5
42 6
36 5
39 6
30 5
39 5
42 6
36 5
39 5
39 5
27 4
54 6
48 5
45 5
48 5
45 4
48 7
45 6
45 6
39 6
42 5
45 6
36 5
51 5
54 6
45 5
54 6
48 5
48 5
45 5
45 4
36 5
27 4
54 6
51 5
51 5
51 4
54 7
48 6
48 6
51 6
48 5
48 6
42 5
45 6
39 5
36 5
51 6
42 5
48 5
45 5
33 4
51 6
45 5
45 5
42 5
33 4
54 5
45 4
57 5
48 4
57 7
54 6
54 6
54 5
54 6
45 5
48 5
54 6
48 5
57 5
54 5
39 4
54 6
