45 5
45 4
39 4
45 4
39 3
33 4
36 3
45 5
42 4
42 4
45 4
36 3
42 4
39 3
42 4
36 3
36 3
39 5
36 4
42 4
33 4
33 3
39 4
33 3
45 4
42 3
36 3
42 4
36 3
39 3
33 2
39 5
33 4
39 4
39 4
39 3
36 4
36 3
39 4
36 3
39 3
33 4
27 3
39 3
39 3
27 2
33 4
36 3
39 3
30 3
33 2
39 6
33 5
33 5
39 5
30 4
33 5
36 4
39 5
36 4
30 4
30 5
30 4
33 4
39 4
30 3
33 5
36 4
36 4
27 4
33 3
42 5
39 4
39 4
39 4
36 3
33 4
27 3
30 5
27 4
27 4
36 4
24 3
33 4
36 3
39 4
33 3
30 3
30 5
27 4
27 4
36 4
24 3
33 4
36 3
39 4
33 3
30 3
27 4
21 3
21 3
21 2
27 5
21 4
21 4
21 4
21 3
21 4
15 3
21 4
15 3
21 3
21 4
15 3
21 3
21 3
9 2
30 4
24 3
24 3
24 3
21 2
36 5
30 4
33 4
39 4
30 3
33 4
36 3
39 4
33 3
30 3
30 4
24 3
33 3
36 3
27 2
39 4
39 3
36 3
33 3
33 2
30 4
24 3
24 3
24 3
21 2
21 3
15 2
39 6
33 5
33 5
39 5
33 4
39 5
36 4
33 5
27 4
27 4
30 5
27 4
33 4
27 4
21 3
36 5
36 4
30 4
