30 5
30 5
27 5
30 4
36 6
30 5
33 5
30 5
30 4
33 5
27 4
36 6
30 5
33 5
36 5
33 4
36 5
33 4
39 5
36 4
33 4
33 6
27 5
33 5
33 5
33 4
33 5
33 4
42 5
36 4
30 4
36 5
30 4
33 4
39 4
27 3
36 6
33 5
33 5
30 5
30 4
27 5
21 4
33 5
30 4
36 4
33 5
27 4
36 4
33 4
33 3
33 6
30 5
30 5
27 5
30 4
27 5
21 4
30 5
27 4
30 4
30 5
27 4
30 4
30 4
30 3
33 5
27 4
30 4
33 4
30 3
30 6
27 5
30 5
30 5
30 4
27 5
27 4
33 5
27 4
30 4
27 5
21 4
30 4
36 4
24 3
39 5
36 4
36 4
36 4
27 3
33 5
33 4
30 4
30 4
24 3
30 4
24 3
36 6
30 5
33 5
30 5
33 4
30 5
27 4
33 5
30 4
33 4
30 5
24 4
33 4
33 4
27 3
42 5
36 4
39 4
36 4
36 3
36 5
33 4
30 4
33 4
24 3
33 4
27 3
33 5
30 4
30 4
33 4
30 3
39 4
33 3
33 4
27 3
27 3
30 6
24 5
30 5
30 5
27 4
30 5
24 4
30 5
21 4
27 4
24 5
18 4
27 4
27 4
15 3
33 5
30 4
30 4
27 4
27 3
33 5
30 4
30 4
27 4
27 3
21 4
15 3
33 5
30 4
33 4
33 4
30 3
39 4
30 3
33 4
27 3
