48 4
63 5
57 4
63 5
54 4
57 6
48 5
51 5
51 5
48 4
51 5
42 4
51 5
42 4
48 4
48 5
39 4
48 4
48 4
33 3
57 6
54 5
54 5
48 5
51 4
51 5
42 4
57 4
57 4
45 4
36 3
66 6
63 5
60 5
66 4
60 5
54 4
51 4
42 3
30 2
54 6
48 5
48 5
48 5
48 4
45 5
39 4
51 5
42 4
48 4
45 5
39 4
45 4
48 4
36 3
60 5
54 4
54 4
51 4
51 3
51 4
42 3
54 4
45 3
33 2
51 5
42 4
42 4
42 4
39 3
42 4
33 3
42 4
33 3
39 3
42 4
33 3
39 3
39 3
24 2
42 3
33 2
51 8
48 7
51 7
57 6
51 7
42 6
57 6
48 7
42 6
57 6
57 6
39 5
48 7
45 6
45 6
51 5
51 7
48 6
45 6
54 5
51 6
45 5
60 6
54 5
48 7
42 6
45 6
48 6
45 5
45 6
39 5
51 5
57 5
48 7
45 6
48 6
51 5
48 6
39 5
51 5
45 6
33 5
51 5
51 5
30 4
39 5
30 4
63 6
57 5
57 5
51 4
51 7
48 6
45 6
45 6
48 5
48 6
42 5
54 5
51 6
45 5
45 5
48 5
39 4
63 6
57 5
57 5
51 4
60 6
54 5
57 5
42 5
33 4
30 3
60 7
57 6
60 6
63 5
60 6
51 5
66 5
57 6
48 5
63 5
66 5
45 4
54 6
51 5
51 5
54 4
57 6
