57 7
51 6
54 6
57 7
48 6
57 6
57 6
45 5
57 7
48 6
54 6
54 6
51 5
66 6
63 5
69 6
63 5
57 7
48 6
54 6
54 6
51 5
51 6
48 5
51 6
48 5
48 5
51 6
42 5
51 5
51 5
39 4
57 7
48 6
54 6
54 6
51 5
51 6
42 5
60 5
60 5
66 6
60 5
60 5
51 4
63 6
60 5
57 5
51 4
45 5
36 4
42 3
60 8
51 7
57 7
57 7
54 6
57 7
51 6
57 7
51 6
54 6
57 7
48 6
57 6
57 6
45 5
57 7
48 6
54 6
54 6
51 5
66 6
63 5
69 6
63 5
57 7
48 6
54 6
54 6
51 5
51 6
48 5
51 6
48 5
48 5
51 6
42 5
51 5
51 5
39 4
57 7
48 6
54 6
54 6
51 5
51 6
42 5
60 5
60 5
66 6
60 5
60 5
51 4
63 6
60 5
57 5
51 4
45 5
36 4
42 3
42 6
39 5
39 5
39 5
33 4
39 5
30 4
24 3
60 8
57 7
57 7
57 7
57 6
51 7
48 6
57 7
51 6
54 6
57 7
51 6
54 6
57 6
45 5
57 7
54 6
48 6
54 6
51 5
66 6
57 5
63 6
60 5
57 7
51 6
54 6
51 6
51 5
48 6
42 5
51 6
48 5
48 5
54 6
48 5
51 5
51 5
39 4
63 6
60 5
54 5
60 5
57 4
57 7
54 6
48 6
54 6
51 5
51 6
42 5
57 5
66 6
60 5
