24 3
36 5
30 4
33 4
30 4
30 3
33 4
27 3
39 4
30 3
30 3
24 4
18 3
30 3
30 3
15 2
36 6
36 5
36 5
33 5
36 4
36 5
33 4
33 5
36 4
39 4
30 5
30 4
39 4
27 4
39 3
33 5
30 4
30 4
27 4
24 3
33 5
33 4
33 4
27 4
33 3
33 4
27 3
36 5
33 4
36 4
30 4
33 3
36 4
33 3
33 4
33 3
36 3
33 5
30 4
33 4
30 4
30 3
36 4
30 3
30 4
30 3
33 3
33 4
30 3
39 3
24 3
27 2
36 6
39 5
33 5
33 5
36 4
33 5
30 4
36 5
33 4
36 4
33 5
33 4
33 4
36 4
36 3
39 5
33 4
33 4
33 4
33 3
33 5
30 4
30 4
27 4
27 3
39 4
33 3
36 5
36 4
33 4
30 4
33 3
39 4
33 3
27 4
24 3
39 3
36 5
33 4
30 4
30 4
30 3
36 4
30 3
36 4
30 3
39 3
30 4
30 3
33 3
24 3
27 2
27 5
24 4
24 4
21 4
24 3
21 4
15 3
24 4
18 3
24 3
24 4
18 3
24 3
24 3
12 2
39 6
33 5
36 5
36 5
33 4
33 5
30 4
39 5
33 4
36 4
36 5
33 4
36 4
42 4
33 3
36 5
30 4
30 4
36 4
36 3
33 5
33 4
27 4
33 4
30 3
36 4
33 3
33 5
30 4
30 4
33 4
30 3
39 4
36 3
33 4
27 3
