30 3
45 5
39 4
39 4
33 3
36 4
27 3
30 3
36 6
33 5
33 5
36 4
33 5
24 4
36 4
33 5
30 4
36 4
36 4
21 3
36 4
27 3
33 3
33 3
15 2
48 8
39 7
45 7
42 6
45 7
36 6
42 6
45 7
36 6
45 6
45 6
33 5
48 7
42 6
45 6
42 5
45 6
39 5
45 7
36 6
42 6
39 5
45 6
39 5
42 5
48 6
39 5
39 4
48 7
42 6
39 6
45 6
42 5
45 6
36 5
42 5
48 5
45 6
42 5
39 5
42 4
45 7
36 6
42 6
36 5
42 6
33 5
36 5
36 6
27 5
39 5
39 5
24 4
48 6
42 5
42 5
33 4
48 6
42 5
42 5
33 4
36 5
27 4
48 6
39 5
45 5
39 4
45 7
42 6
45 6
39 6
42 5
36 6
33 5
39 5
42 5
39 4
45 6
39 5
42 5
42 5
33 4
42 5
39 4
48 6
39 5
48 5
42 4
39 4
48 6
39 5
45 5
39 4
33 5
24 4
39 4
39 4
24 3
39 6
36 5
36 5
39 4
36 5
27 4
39 4
36 5
33 4
39 4
39 4
24 3
39 5
33 4
36 4
39 3
42 5
36 4
39 4
42 3
39 5
36 4
33 4
39 3
42 5
42 4
36 4
