54 18
51 14
60 20
84 16
42 12
42 12
60 10
66 11
72 11
72 12
69 11
66 12
81 14
48 13
51 13
48 16
63 18
27 8
57 10
63 10
57 13
78 13
69 16
48 8
39 11
63 10
66 11
51 13
69 12
39 11
39 12
51 13
48 13
54 14
51 17
48 14
45 15
66 15
48 14
54 18
54 14
75 16
60 17
72 16
72 16
57 14
66 22
72 18
84 17
90 24
24 7
33 9
42 12
57 9
42 11
45 13
57 9
63 9
48 10
48 13
66 13
63 9
51 10
45 11
66 10
69 11
72 12
72 12
69 12
72 12
69 11
57 12
60 13
75 12
72 11
81 13
78 13
63 11
60 15
81 17
72 13
87 15
33 10
48 12
39 11
36 11
39 10
39 11
42 12
45 12
45 11
48 13
54 12
66 16
57 13
45 14
63 13
51 14
69 15
54 16
60 17
87 17
72 15
84 18
72 15
63 16
72 19
57 17
87 19
75 17
63 18
57 15
81 18
69 15
81 17
75 20
93 16
63 13
66 12
69 13
72 15
72 19
63 16
66 15
72 20
48 8
42 9
45 13
69 17
54 15
51 11
54 10
45 12
36 10
60 11
48 14
51 13
54 12
57 12
51 13
39 9
42 11
57 10
66 11
75 16
81 12
66 12
57 11
57 14
69 12
69 12
63 15
75 14
75 13
45 12
72 12
63 16
69 10
69 12
81 13
69 12
54 14
75 13
78 14
69 16
90 16
69 13
72 13
78 14
81 15
81 15
84 16
90 17
75 13
75 13
57 14
78 13
87 14
84 15
90 17
69 13
81 14
69 16
96 16
90 17
96 17
87 16
78 14
87 16
81 15
81 15
87 16
72 17
102 18
117 20
120 20
57 17
63 16
75 15
75 15
69 18
63 15
81 17
60 16
69 17
75 15
63 17
36 10
36 11
48 11
42 13
54 15
48 16
54 15
45 11
45 13
54 12
54 11
60 13
60 15
54 13
60 14
60 16
57 14
66 14
69 15
57 16
57 16
93 20
60 17
69 14
54 16
42 12
42 14
60 17
54 14
57 15
54 16
81 16
63 14
96 22
66 16
60 14
60 14
48 16
63 17
48 16
54 16
72 16
78 17
81 18
75 19
81 18
54 18
51 16
63 18
72 19
60 15
57 16
60 17
69 18
63 18
66 15
78 20
60 17
78 17
93 20
69 19
57 15
78 17
75 17
69 19
60 18
75 19
102 21
96 23
102 20
126 23
75 17
60 17
66 20
78 18
66 20
81 19
66 18
84 18
60 16
81 22
69 19
75 20
66 18
69 17
63 16
81 17
72 15
60 16
69 19
66 18
69 20
78 19
78 17
84 18
63 19
75 21
93 21
78 21
84 19
66 18
81 19
69 21
84 20
72 22
78 24
90 21
75 23
57 15
60 15
57 15
114 26
81 22
54 13
81 15
57 15
81 17
75 14
90 17
54 15
54 16
57 16
54 16
69 18
84 24
90 15
66 20
87 21
84 17
75 20
72 13
93 22
84 14
75 15
72 14
81 17
75 16
93 14
90 17
102 17
93 15
102 17
96 20
93 17
72 18
111 26
75 23
81 19
102 24
54 16
60 16
81 16
69 17
66 16
54 18
60 20
90 19
66 19
66 19
75 22
72 18
72 17
75 19
99 22
69 21
75 22
114 24
66 19
78 24
81 26
87 24
75 23
81 25
84 26
90 17
78 22
84 24
84 24
81 23
99 20
78 19
93 26
84 22
81 25
72 20
81 25
84 26
90 28
63 16
93 20
87 23
81 22
90 22
126 33
