48 10
45 9
48 9
48 8
48 9
39 8
48 8
45 9
42 8
48 8
48 8
36 7
45 9
42 8
42 8
45 7
48 8
45 7
48 9
42 8
45 8
45 7
48 8
42 7
48 8
45 7
48 7
45 6
45 9
36 8
42 8
42 7
42 8
36 7
42 7
42 8
33 7
45 7
45 7
33 6
48 8
45 7
45 7
48 6
45 9
42 8
42 8
42 8
45 7
42 8
39 7
45 7
45 7
45 6
48 8
45 7
45 7
48 6
48 8
45 7
45 7
48 6
33 7
30 6
48 8
42 7
45 7
42 6
42 6
48 9
42 8
45 8
39 8
42 7
42 8
36 7
45 7
45 7
48 8
42 7
45 7
42 6
48 8
45 7
42 7
42 7
36 6
42 6
48 8
45 7
45 7
48 6
36 7
33 6
48 7
45 6
45 6
33 5
48 9
42 8
39 8
42 7
45 8
36 7
45 7
42 8
39 7
42 7
45 7
33 6
42 8
36 7
39 7
39 6
45 7
42 6
45 8
42 7
39 7
39 6
45 7
36 6
45 7
42 6
45 6
48 9
42 8
39 8
42 7
45 8
36 7
45 7
45 8
39 7
42 7
45 7
33 6
42 8
36 7
39 7
39 6
45 7
42 6
45 8
42 7
39 7
39 6
45 7
36 6
45 7
42 6
45 6
39 5
48 8
45 7
45 7
45 7
45 6
45 7
42 6
45 6
45 6
45 5
48 8
42 7
42 7
33 6
45 7
36 6
39 6
45 7
36 6
42 6
45 6
30 5
48 8
42 7
42 7
33 6
45 7
36 6
39 6
45 7
36 6
42 6
45 6
30 5
42 6
36 5
45 9
42 8
42 8
45 7
42 8
33 7
45 7
42 8
39 7
45 7
45 7
30 6
42 8
39 7
39 7
42 6
45 7
39 6
42 8
39 7
39 7
42 6
45 7
39 6
45 7
42 6
39 5
48 8
45 7
42 7
45 7
42 6
45 7
39 6
48 6
45 6
48 8
45 7
45 7
42 7
42 6
45 7
39 6
48 6
45 6
36 7
33 6
33 6
33 6
33 5
48 7
42 6
45 6
39 5
48 7
42 6
45 6
39 5
30 5
48 8
45 7
45 7
42 6
45 7
36 6
45 6
45 7
42 6
45 6
48 6
33 5
45 6
39 5
36 5
33 4
48 9
45 8
45 8
45 8
45 7
39 8
36 7
45 8
39 7
42 7
42 8
39 7
42 7
45 7
33 6
42 8
42 7
36 7
39 7
39 6
45 7
42 6
45 7
36 6
45 7
39 6
45 6
39 8
36 7
39 7
36 7
36 6
36 7
27 6
39 7
33 6
36 6
36 7
33 6
36 6
36 6
24 5
42 7
39 6
36 6
39 6
36 5
45 8
39 7
36 7
42 7
39 6
39 7
30 6
42 6
42 6
45 7
42 6
39 6
36 5
45 7
36 6
45 6
42 7
39 6
36 6
39 6
36 5
33 6
24 5
45 7
42 6
42 6
42 5
48 8
42 7
45 7
39 6
42 7
36 6
33 6
45 7
36 6
45 6
42 6
30 5
45 7
39 6
42 6
36 5
42 6
33 5
45 7
39 6
39 6
30 5
45 6
36 5
39 5
48 6
39 5
48 9
42 8
45 8
45 8
45 7
45 8
39 7
39 8
36 7
42 7
42 8
39 7
45 7
42 7
33 6
42 8
42 7
36 7
39 7
39 6
45 7
42 6
45 7
36 6
45 7
39 6
45 6
39 8
36 7
36 7
39 7
36 6
39 7
33 6
36 7
27 6
36 6
36 7
33 6
36 6
36 6
24 5
42 7
39 6
36 6
39 6
36 5
45 8
39 7
42 7
36 7
39 6
39 7
33 6
42 6
42 6
45 7
36 6
45 7
42 6
39 6
36 5
45 6
42 7
39 6
39 6
36 6
36 5
33 6
24 5
39 5
45 7
42 6
42 6
39 5
39 5
27 4
48 8
42 7
45 7
39 6
42 7
36 6
33 6
45 7
36 6
45 6
42 6
30 5
45 7
39 6
42 6
36 5
42 6
33 5
45 7
39 6
39 6
30 5
45 6
36 5
39 5
48 6
39 5
33 4
48 8
45 7
45 7
45 7
45 6
42 7
36 6
42 7
36 6
36 6
45 7
42 6
42 6
42 6
33 5
45 7
42 6
39 6
39 6
33 5
45 6
36 5
45 6
36 5
45 5
48 6
45 5
42 6
39 5
36 5
39 4
45 9
42 8
45 8
45 7
45 8
36 7
45 7
36 8
33 7
42 7
42 7
33 6
42 8
39 7
33 7
39 6
45 7
36 6
45 8
39 7
42 7
42 6
45 7
39 6
42 7
36 6
42 6
39 5
42 8
33 7
39 7
36 6
39 7
33 6
36 6
33 7
24 6
36 6
36 6
24 5
45 7
42 6
36 6
39 5
42 8
39 7
39 7
39 7
42 6
33 7
30 6
39 6
39 6
39 5
45 7
42 6
36 6
39 5
45 7
42 6
36 6
39 5
30 6
21 5
45 7
36 6
42 6
33 5
36 5
45 8
39 7
42 7
36 7
39 6
39 7
30 6
42 6
42 6
45 7
36 6
42 6
33 5
45 7
42 6
39 6
39 6
33 5
36 5
42 7
39 6
36 6
39 5
33 6
21 5
42 6
39 5
39 5
24 4
48 8
45 7
42 7
42 6
45 7
36 6
45 6
42 7
36 6
33 6
39 6
30 5
45 7
39 6
39 6
30 5
48 6
39 5
45 7
42 6
39 6
36 5
45 6
36 5
42 6
33 5
39 5
48 8
45 7
42 7
42 6
45 7
36 6
45 6
42 7
36 6
33 6
39 6
30 5
45 7
39 6
39 6
30 5
48 6
39 5
45 7
42 6
39 6
36 5
45 6
36 5
42 6
33 5
39 5
33 4
48 7
45 6
45 6
45 6
45 5
42 6
39 5
39 5
39 5
36 4
48 8
45 7
45 7
45 6
42 7
36 6
42 6
42 7
36 6
39 6
33 6
30 5
45 7
39 6
39 6
30 5
48 6
39 5
45 7
42 6
39 6
36 5
45 6
36 5
42 6
33 5
39 5
36 7
33 6
33 6
30 5
33 6
24 5
30 5
33 6
21 5
30 5
30 5
15 4
48 8
45 7
45 7
45 6
42 7
36 6
42 6
42 7
36 6
39 6
33 6
30 5
45 7
39 6
39 6
30 5
48 6
39 5
45 7
42 6
39 6
36 5
45 6
36 5
42 6
33 5
39 5
33 4
36 7
33 6
33 6
30 5
33 6
24 5
30 5
33 6
24 5
30 5
30 5
15 4
45 6
39 5
39 5
33 4
48 7
45 6
45 6
45 6
45 5
42 6
39 5
39 5
39 5
36 4
45 6
39 5
39 5
33 4
33 5
24 4
48 8
45 7
45 7
45 6
45 7
36 6
42 6
45 7
42 6
48 6
45 6
33 5
45 7
42 6
42 6
39 5
48 6
39 5
45 7
42 6
42 6
42 5
48 6
39 5
48 6
45 5
39 4
45 6
39 5
39 5
33 4
36 5
27 4
33 4
45 9
42 8
42 8
42 8
45 7
42 8
36 7
42 8
36 7
45 7
39 8
36 7
42 7
42 7
33 6
42 8
39 7
39 7
36 7
39 6
45 7
42 6
45 7
39 6
45 7
39 6
42 6
42 8
39 7
39 7
36 7
39 6
33 7
30 6
39 6
39 6
36 5
45 7
42 6
42 8
39 7
39 7
39 7
42 6
39 7
33 6
39 7
33 6
42 6
36 7
33 6
36 6
36 6
30 5
45 7
42 6
42 6
42 6
42 5
45 7
42 6
42 6
42 6
42 5
30 6
27 5
45 7
39 6
39 6
30 5
39 5
45 7
39 6
39 6
30 5
39 5
42 6
36 5
27 4
48 8
45 7
42 7
45 7
42 6
42 7
36 6
45 7
36 6
42 6
42 7
36 6
33 6
42 6
30 5
45 7
39 6
39 6
39 6
30 5
48 6
42 5
45 6
36 5
45 6
36 5
42 5
48 7
45 6
45 6
42 6
42 5
42 6
36 5
39 5
39 5
30 4
48 8
45 7
45 7
42 7
42 6
45 7
36 6
42 7
36 6
42 6
42 7
36 6
42 6
33 6
30 5
45 7
39 6
39 6
39 6
30 5
48 6
42 5
45 6
36 5
45 6
36 5
42 5
48 7
45 6
45 6
42 6
42 5
42 6
36 5
39 5
39 5
30 4
36 7
33 6
33 6
33 6
33 5
33 6
24 5
33 6
24 5
33 5
33 6
30 5
30 5
30 5
21 4
30 5
27 4
48 8
45 7
45 7
45 6
45 7
36 6
48 6
45 7
42 6
42 6
45 6
33 5
45 7
42 6
42 6
42 5
45 7
42 6
42 6
39 5
48 6
45 5
48 6
39 5
48 6
39 5
39 4
45 6
39 5
39 5
33 4
36 5
27 4
33 4
48 8
45 7
45 7
48 6
45 7
36 6
45 6
45 7
42 6
45 6
42 6
33 5
45 7
42 6
42 6
39 5
45 7
42 6
42 6
42 5
48 6
45 5
48 6
39 5
48 6
39 5
39 4
45 6
39 5
39 5
33 4
36 5
27 4
33 4
33 7
30 6
30 6
33 5
30 6
21 5
33 5
30 6
27 5
33 5
33 5
18 4
42 6
36 5
36 5
36 4
42 6
36 5
36 5
36 4
30 5
27 4
42 6
36 5
36 5
36 4
30 5
21 4
33 4
42 6
36 5
36 5
36 4
30 5
21 4
33 4
30 5
27 4
33 4
33 4
12 3
48 8
39 7
45 7
42 6
45 7
36 6
42 6
45 7
36 6
45 6
45 6
33 5
48 7
42 6
45 6
42 5
45 6
39 5
45 7
36 6
42 6
39 5
45 6
39 5
42 5
48 6
39 5
39 4
48 7
39 6
42 6
42 6
42 5
45 6
36 5
42 5
45 5
45 6
42 5
39 5
39 4
45 7
36 6
42 6
36 5
42 6
33 5
36 5
36 6
27 5
39 5
39 5
24 4
48 6
42 5
42 5
33 4
48 6
42 5
42 5
33 4
36 5
27 4
48 6
39 5
45 5
39 4
45 7
42 6
42 6
39 6
42 5
36 6
33 5
42 5
39 5
36 4
45 6
42 5
39 5
42 5
30 4
42 5
36 4
48 6
39 5
45 5
39 4
48 6
39 5
45 5
39 4
39 4
33 5
24 4
39 4
39 4
21 3
36 6
33 5
33 5
36 4
33 5
24 4
36 4
33 5
30 4
36 4
36 4
21 3
45 7
39 6
39 6
36 5
42 6
33 5
39 5
42 6
33 5
39 5
42 5
27 4
45 6
36 5
42 5
36 4
42 5
36 4
42 6
36 5
36 5
33 4
45 5
36 4
42 4
48 5
39 4
30 3
45 7
39 6
39 6
36 5
42 6
33 5
39 5
42 6
33 5
39 5
42 5
27 4
45 6
36 5
42 5
36 4
42 5
36 4
42 6
36 5
36 5
33 4
45 5
36 4
42 4
48 5
39 4
45 6
42 5
42 5
42 5
42 4
42 5
33 4
42 5
33 4
42 4
42 5
39 4
42 4
39 4
30 3
45 7
39 6
42 6
39 5
39 6
33 5
36 5
42 6
33 5
42 5
39 5
27 4
45 6
36 5
42 5
36 4
42 5
36 4
42 6
36 5
36 5
33 4
45 5
36 4
42 4
48 5
39 4
30 3
45 7
42 6
39 6
39 5
42 6
33 5
42 5
39 6
33 5
36 5
39 5
27 4
42 6
36 5
36 5
33 4
48 5
39 4
45 6
42 5
36 5
36 4
45 5
36 4
42 5
36 4
42 4
30 3
45 7
42 6
42 6
42 5
39 6
33 5
39 5
39 6
33 5
39 5
36 5
27 4
42 6
36 5
36 5
33 4
48 5
39 4
45 6
42 5
36 5
36 4
45 5
36 4
42 5
36 4
42 4
30 3
39 6
33 5
36 5
33 4
36 5
27 4
33 4
33 5
24 4
33 4
33 4
18 3
45 5
39 4
39 4
33 3
39 6
36 5
36 5
33 4
36 5
27 4
33 4
36 5
24 4
33 4
33 4
18 3
45 5
39 4
39 4
33 3
33 4
24 3
45 5
39 4
39 4
33 3
36 4
27 3
30 3
45 7
39 6
42 6
39 5
39 6
33 5
36 5
42 6
33 5
42 5
39 5
27 4
45 6
36 5
42 5
36 4
42 5
36 4
42 6
36 5
36 5
33 4
45 5
36 4
42 4
48 5
39 4
45 7
42 6
39 6
39 5
42 6
33 5
42 5
39 6
33 5
36 5
39 5
27 4
42 6
36 5
36 5
33 4
48 5
39 4
45 6
42 5
36 5
36 4
45 5
36 4
42 5
36 4
42 4
45 7
42 6
42 6
42 5
39 6
33 5
39 5
39 6
33 5
39 5
36 5
27 4
42 6
36 5
36 5
33 4
48 5
39 4
45 6
42 5
36 5
36 4
45 5
36 4
42 5
36 4
42 4
39 6
36 5
36 5
33 4
36 5
27 4
33 4
36 5
24 4
33 4
33 4
18 3
39 6
36 5
36 5
33 4
36 5
27 4
33 4
36 5
27 4
33 4
33 4
18 3
45 6
42 5
42 5
42 5
42 4
42 5
33 4
42 5
33 4
42 4
42 5
39 4
42 4
39 4
30 3
45 5
39 4
39 4
33 3
36 4
27 3
30 3
36 6
33 5
33 5
36 4
33 5
24 4
36 4
33 5
30 4
36 4
36 4
21 3
36 4
27 3
33 3
33 3
15 2
48 8
39 7
45 7
42 6
45 7
36 6
42 6
45 7
36 6
45 6
45 6
33 5
48 7
42 6
45 6
42 5
45 6
39 5
45 7
36 6
42 6
39 5
45 6
39 5
42 5
48 6
39 5
39 4
48 7
42 6
39 6
45 6
42 5
45 6
36 5
42 5
48 5
45 6
42 5
39 5
42 4
45 7
36 6
42 6
36 5
42 6
33 5
36 5
36 6
27 5
39 5
39 5
24 4
48 6
42 5
42 5
33 4
48 6
42 5
42 5
33 4
36 5
27 4
48 6
39 5
45 5
39 4
45 7
42 6
45 6
39 6
42 5
36 6
33 5
39 5
42 5
39 4
45 6
39 5
42 5
42 5
33 4
42 5
39 4
48 6
39 5
48 5
42 4
39 4
48 6
39 5
45 5
39 4
33 5
24 4
39 4
39 4
24 3
39 6
36 5
36 5
39 4
36 5
27 4
39 4
36 5
33 4
39 4
39 4
24 3
39 5
33 4
36 4
39 3
42 5
36 4
39 4
42 3
39 5
36 4
33 4
39 3
42 5
42 4
36 4
39 3
42 5
42 4
36 4
39 3
33 4
24 3
39 3
42 5
39 4
36 4
42 3
45 5
42 4
39 4
39 3
45 5
42 4
39 4
39 3
36 4
27 3
39 3
36 4
27 3
27 2
36 6
33 5
33 5
36 4
33 5
24 4
36 4
33 5
30 4
36 4
36 4
21 3
24 2
48 9
45 8
48 8
48 7
48 8
39 7
48 7
45 8
42 7
48 7
48 7
36 6
45 8
42 7
42 7
45 6
48 7
45 6
45 8
42 7
45 7
45 6
48 7
42 6
48 7
45 6
48 6
42 5
45 8
36 7
42 7
42 6
42 7
36 6
42 6
42 7
33 6
45 6
45 6
33 5
48 7
45 6
45 6
48 5
45 8
39 7
42 7
42 7
42 6
42 7
36 6
45 6
45 6
42 5
48 7
45 6
45 6
48 5
48 7
45 6
45 6
48 5
33 6
30 5
48 7
42 6
45 6
42 5
42 5
45 8
42 7
45 7
39 7
42 6
42 7
36 6
45 6
45 6
48 7
42 6
45 6
42 5
48 7
42 6
42 6
42 6
33 5
42 5
48 7
45 6
45 6
48 5
36 6
33 5
48 6
42 5
42 5
30 4
45 8
42 7
39 7
42 6
45 7
36 6
45 6
45 7
39 6
42 6
45 6
33 5
42 7
36 6
39 6
39 5
45 6
42 5
45 7
42 6
39 6
39 5
45 6
36 5
45 6
42 5
45 5
48 8
42 7
39 7
42 6
45 7
36 6
45 6
45 7
39 6
42 6
45 6
33 5
42 7
36 6
39 6
39 5
45 6
42 5
45 7
42 6
39 6
39 5
45 6
36 5
45 6
42 5
45 5
36 4
48 7
42 6
45 6
45 6
42 5
45 6
39 5
45 5
45 5
42 4
48 7
42 6
42 6
33 5
45 6
36 5
39 5
45 6
36 5
42 5
45 5
30 4
48 7
42 6
42 6
33 5
45 6
36 5
39 5
45 6
36 5
42 5
45 5
30 4
42 5
36 4
45 8
42 7
42 7
45 6
42 7
33 6
45 6
42 7
36 6
45 6
45 6
30 5
42 7
39 6
39 6
42 5
45 6
39 5
42 7
39 6
39 6
42 5
45 6
39 5
45 6
36 5
36 4
48 7
45 6
42 6
45 6
42 5
45 6
39 5
48 5
45 5
48 7
45 6
45 6
42 6
42 5
45 6
39 5
48 5
45 5
36 6
33 5
33 5
33 5
30 4
48 6
42 5
45 5
39 4
48 6
42 5
45 5
39 4
30 4
48 7
45 6
45 6
42 5
45 6
36 5
45 5
45 6
39 5
45 5
48 5
33 4
42 5
36 4
33 4
30 3
48 8
42 7
45 7
45 7
45 6
39 7
36 6
45 7
39 6
42 6
42 7
39 6
42 6
45 6
33 5
42 7
42 6
36 6
39 6
39 5
45 6
42 5
45 6
36 5
45 6
39 5
45 5
39 7
36 6
39 6
36 6
36 5
36 6
27 5
39 6
33 5
36 5
36 6
33 5
36 5
36 5
24 4
42 6
39 5
36 5
39 5
36 4
45 7
39 6
36 6
42 6
39 5
39 6
30 5
42 5
42 5
45 6
42 5
39 5
36 4
45 6
36 5
45 5
42 6
39 5
36 5
39 5
36 4
33 5
24 4
45 6
42 5
42 5
39 4
48 7
42 6
45 6
39 5
42 6
36 5
33 5
45 6
36 5
45 5
42 5
30 4
45 6
39 5
42 5
36 4
42 5
33 4
45 6
39 5
39 5
30 4
45 5
36 4
39 4
48 5
39 4
48 8
42 7
45 7
45 7
45 6
45 7
39 6
39 7
36 6
42 6
42 7
39 6
45 6
42 6
33 5
42 7
42 6
36 6
39 6
39 5
45 6
42 5
45 6
36 5
45 6
39 5
45 5
39 7
36 6
36 6
39 6
36 5
39 6
33 5
36 6
27 5
36 5
36 6
33 5
36 5
36 5
24 4
42 6
39 5
36 5
39 5
36 4
45 7
39 6
42 6
36 6
39 5
39 6
33 5
42 5
42 5
45 6
36 5
45 6
42 5
39 5
36 4
45 5
42 6
39 5
39 5
36 5
36 4
33 5
24 4
36 4
45 6
42 5
42 5
36 4
36 4
24 3
48 7
42 6
45 6
39 5
42 6
36 5
33 5
45 6
36 5
45 5
42 5
30 4
45 6
39 5
42 5
36 4
42 5
33 4
45 6
39 5
39 5
30 4
45 5
36 4
39 4
48 5
39 4
30 3
48 7
42 6
45 6
45 6
42 5
42 6
36 5
42 6
36 5
33 5
45 6
36 5
42 5
42 5
30 4
45 6
39 5
39 5
39 5
30 4
45 5
36 4
45 5
36 4
42 4
48 5
39 4
42 5
36 4
36 4
33 3
45 8
42 7
45 7
45 6
45 7
36 6
45 6
36 7
33 6
42 6
42 6
33 5
42 7
39 6
33 6
39 5
45 6
36 5
45 7
39 6
42 6
42 5
45 6
39 5
42 6
36 5
42 5
36 4
42 7
33 6
39 6
36 5
39 6
33 5
36 5
33 6
24 5
36 5
36 5
24 4
45 6
42 5
36 5
39 4
42 7
36 6
39 6
39 6
39 5
33 6
30 5
39 5
39 5
36 4
45 6
42 5
36 5
39 4
45 6
42 5
36 5
39 4
30 5
21 4
45 6
36 5
42 5
33 4
36 4
45 7
39 6
42 6
36 6
39 5
39 6
30 5
42 5
42 5
45 6
36 5
42 5
33 4
45 6
39 5
39 5
39 5
30 4
36 4
42 6
39 5
36 5
39 4
33 5
21 4
42 5
36 4
36 4
21 3
48 7
45 6
42 6
42 5
45 6
36 5
45 5
42 6
36 5
33 5
39 5
30 4
45 6
39 5
39 5
30 4
48 5
39 4
45 6
42 5
39 5
36 4
45 5
36 4
42 5
33 4
39 4
48 7
45 6
42 6
42 5
45 6
36 5
45 5
42 6
36 5
33 5
39 5
30 4
45 6
39 5
39 5
30 4
48 5
39 4
45 6
42 5
39 5
36 4
45 5
36 4
42 5
33 4
39 4
30 3
48 6
42 5
45 5
45 5
42 4
42 5
36 4
39 4
39 4
30 3
48 7
45 6
45 6
45 5
42 6
36 5
42 5
42 6
36 5
39 5
33 5
30 4
45 6
39 5
39 5
30 4
48 5
39 4
45 6
42 5
39 5
36 4
45 5
36 4
42 5
33 4
39 4
36 6
33 5
33 5
30 4
33 5
24 4
30 4
33 5
21 4
30 4
30 4
15 3
48 7
45 6
45 6
45 5
42 6
36 5
42 5
42 6
36 5
39 5
33 5
30 4
45 6
39 5
39 5
30 4
48 5
39 4
45 6
42 5
39 5
36 4
45 5
36 4
42 5
33 4
39 4
30 3
36 6
33 5
33 5
30 4
33 5
24 4
30 4
33 5
24 4
30 4
30 4
12 3
42 5
36 4
36 4
30 3
48 6
42 5
45 5
45 5
42 4
42 5
36 4
39 4
39 4
30 3
42 5
36 4
36 4
30 3
30 4
21 3
48 7
45 6
45 6
45 5
45 6
36 5
42 5
45 6
39 5
48 5
45 5
33 4
45 6
42 5
42 5
36 4
48 5
39 4
45 6
42 5
42 5
39 4
48 5
39 4
48 5
39 4
33 3
42 5
36 4
36 4
30 3
33 4
24 3
30 3
45 8
42 7
42 7
42 7
45 6
42 7
36 6
42 7
36 6
45 6
39 7
36 6
42 6
42 6
33 5
42 7
39 6
39 6
36 6
39 5
45 6
39 5
45 6
39 5
45 6
39 5
42 5
42 7
39 6
39 6
36 6
39 5
33 6
30 5
39 5
39 5
36 4
45 6
39 5
42 7
36 6
39 6
39 6
36 5
39 6
33 5
39 6
33 5
36 5
36 6
27 5
36 5
36 5
24 4
45 6
42 5
42 5
39 5
39 4
45 6
42 5
42 5
39 5
39 4
30 5
24 4
45 6
39 5
39 5
30 4
36 4
45 6
39 5
39 5
30 4
36 4
42 5
36 4
21 3
48 7
45 6
42 6
45 6
42 5
42 6
36 5
45 6
36 5
42 5
42 6
36 5
33 5
42 5
30 4
45 6
39 5
39 5
39 5
30 4
48 5
39 4
45 5
36 4
45 5
36 4
42 4
48 6
45 5
45 5
42 5
42 4
42 5
36 4
39 4
39 4
30 3
48 7
45 6
45 6
42 6
42 5
45 6
36 5
42 6
36 5
42 5
42 6
36 5
42 5
33 5
30 4
45 6
39 5
39 5
39 5
30 4
48 5
39 4
45 5
36 4
45 5
36 4
42 4
48 6
45 5
45 5
42 5
42 4
42 5
36 4
39 4
39 4
30 3
36 6
33 5
33 5
33 5
30 4
33 5
24 4
33 5
24 4
30 4
33 5
24 4
30 4
30 4
15 3
30 4
21 3
48 7
45 6
45 6
45 5
45 6
36 5
48 5
45 6
39 5
42 5
45 5
33 4
45 6
42 5
42 5
39 4
45 6
42 5
42 5
36 4
48 5
39 4
48 5
39 4
48 5
39 4
33 3
42 5
36 4
36 4
30 3
33 4
24 3
30 3
48 7
45 6
45 6
48 5
45 6
36 5
45 5
45 6
39 5
45 5
42 5
33 4
45 6
42 5
42 5
36 4
45 6
42 5
42 5
39 4
48 5
39 4
48 5
39 4
48 5
39 4
33 3
42 5
36 4
36 4
30 3
33 4
24 3
30 3
33 6
30 5
30 5
33 4
30 5
21 4
33 4
30 5
24 4
33 4
33 4
15 3
42 5
36 4
36 4
33 3
42 5
36 4
36 4
33 3
30 4
21 3
42 5
36 4
36 4
33 3
30 4
21 3
30 3
42 5
36 4
36 4
33 3
30 4
21 3
30 3
30 4
21 3
30 3
30 3
6 2
45 7
42 6
45 6
45 6
48 5
45 6
42 5
45 6
42 5
48 5
42 6
39 5
48 5
48 5
39 4
42 6
39 5
42 5
42 5
45 4
48 5
45 4
48 5
45 4
48 4
45 5
42 4
42 6
39 5
42 5
42 5
42 4
42 5
39 4
42 5
39 4
42 4
39 5
33 4
42 4
42 4
30 3
45 5
42 4
45 4
45 4
42 3
42 6
39 5
42 5
42 5
45 4
33 5
30 4
39 4
39 4
39 3
48 5
45 4
39 4
33 3
48 5
45 4
39 4
33 3
48 4
39 3
45 5
42 4
45 4
45 4
42 3
45 5
42 4
30 4
24 3
36 3
36 3
24 2
45 7
42 6
45 6
45 6
48 5
45 6
42 5
45 6
42 5
48 5
42 6
39 5
48 5
48 5
39 4
42 6
39 5
42 5
42 5
45 4
48 5
45 4
48 5
45 4
48 4
45 5
42 4
42 6
39 5
42 5
42 5
45 4
33 5
30 4
39 4
39 4
39 3
48 5
45 4
39 4
33 3
48 5
45 4
39 4
33 3
48 4
39 3
45 5
42 4
42 6
39 5
42 5
42 5
42 4
42 5
39 4
42 5
39 4
42 4
39 5
33 4
42 4
42 4
30 3
45 5
42 4
45 4
45 4
42 3
45 5
42 4
45 4
45 4
42 3
30 4
24 3
36 3
36 3
24 2
33 5
30 4
30 4
33 3
30 4
21 3
33 3
30 4
27 3
33 3
33 3
18 2
45 7
39 6
39 6
36 5
42 6
33 5
39 5
42 6
33 5
39 5
42 5
27 4
42 5
36 4
33 4
36 4
36 4
39 4
30 3
45 6
36 5
42 5
36 4
36 3
42 5
36 4
39 4
36 3
42 6
36 5
36 5
33 4
39 4
30 3
45 5
36 4
42 4
48 5
39 4
39 3
45 7
39 6
39 6
36 5
42 6
33 5
39 5
42 6
33 5
39 5
42 5
27 4
45 6
36 5
42 5
36 4
42 5
36 4
42 6
36 5
36 5
33 4
45 5
36 4
42 4
48 5
39 4
30 3
39 5
33 4
36 4
39 3
33 4
27 3
36 4
36 4
33 3
39 4
30 3
39 4
36 3
33 2
45 6
42 5
42 5
42 5
42 4
42 5
33 4
42 5
33 4
42 4
42 5
39 4
39 4
42 4
30 3
30 2
45 5
42 4
42 4
42 4
39 3
42 4
33 3
42 4
33 3
39 3
42 4
33 3
39 3
39 3
24 2
27 3
18 2
45 7
39 6
42 6
39 5
39 6
33 5
36 5
42 6
33 5
42 5
39 5
27 4
42 5
36 4
36 4
33 4
39 4
36 4
30 3
45 6
36 5
42 5
36 4
36 3
42 5
36 4
39 4
36 3
42 6
36 5
36 5
33 4
39 4
30 3
45 5
36 4
42 4
48 5
39 4
39 3
45 7
42 6
39 6
39 5
42 6
33 5
42 5
39 6
33 5
36 5
39 5
27 4
42 6
36 5
36 5
33 4
48 5
39 4
45 6
42 5
36 5
36 4
45 5
36 4
42 5
36 4
42 4
45 5
42 4
39 4
39 3
36 4
36 3
39 4
33 4
30 3
36 4
30 3
39 6
36 5
36 5
33 4
36 5
27 4
33 4
36 5
27 4
33 4
33 4
18 3
21 2
45 7
42 6
42 6
42 5
39 6
33 5
39 5
39 6
33 5
39 5
36 5
27 4
42 6
36 5
36 5
33 4
48 5
39 4
45 6
42 5
36 5
36 4
45 5
36 4
42 5
36 4
42 4
45 5
42 4
39 4
39 3
39 4
36 4
36 3
36 4
33 4
30 3
30 3
39 6
36 5
36 5
33 4
36 5
27 4
33 4
36 5
24 4
33 4
33 4
18 3
36 4
27 3
30 3
30 3
30 3
30 3
18 2
39 5
36 4
36 4
33 3
36 4
27 3
33 3
36 4
27 3
33 3
33 3
15 2
39 5
36 4
36 4
33 3
36 4
27 3
33 3
36 4
24 3
33 3
33 3
18 2
36 3
27 2
39 3
30 2
45 7
39 6
42 6
39 5
39 6
33 5
36 5
42 6
33 5
42 5
39 5
27 4
45 6
36 5
42 5
36 4
42 5
36 4
42 6
36 5
36 5
33 4
45 5
36 4
42 4
48 5
39 4
30 3
39 5
36 4
33 4
39 3
36 4
39 4
36 3
33 4
27 3
39 4
36 4
33 3
30 3
33 2
45 7
42 6
39 6
39 5
42 6
33 5
42 5
39 6
33 5
36 5
39 5
27 4
42 6
36 5
36 5
33 4
48 5
39 4
45 6
42 5
36 5
36 4
45 5
36 4
42 5
36 4
42 4
30 3
42 5
42 4
36 4
39 3
36 4
33 3
39 4
33 4
27 3
36 4
30 3
33 2
39 6
36 5
36 5
33 4
36 5
27 4
33 4
36 5
24 4
33 4
33 4
18 3
21 2
45 7
42 6
42 6
42 5
39 6
33 5
39 5
39 6
33 5
39 5
36 5
27 4
42 6
36 5
36 5
33 4
48 5
39 4
45 6
42 5
36 5
36 4
45 5
36 4
42 5
36 4
42 4
30 3
42 5
42 4
36 4
39 3
39 4
36 4
33 3
36 4
33 4
27 3
30 3
33 2
39 6
33 5
36 5
33 4
36 5
27 4
33 4
33 5
24 4
33 4
33 4
18 3
33 4
24 3
30 3
30 3
30 3
30 3
12 2
45 5
39 4
39 4
33 3
33 2
45 5
39 4
39 4
33 3
33 2
36 4
27 3
39 5
36 4
36 4
33 3
36 4
27 3
33 3
36 4
24 3
33 3
33 3
18 2
39 5
36 4
36 4
33 3
36 4
27 3
33 3
36 4
27 3
33 3
33 3
15 2
39 3
30 2
45 5
39 4
39 4
33 3
39 3
33 2
36 4
27 3
33 3
39 3
30 2
45 6
42 5
42 5
42 5
42 4
42 5
33 4
42 5
33 4
42 4
42 5
39 4
39 4
42 4
30 3
30 2
57 7
54 6
54 6
54 6
57 5
54 6
48 5
54 6
48 5
57 5
54 6
51 5
54 5
54 5
45 4
54 6
51 5
51 5
51 5
51 4
57 5
54 4
57 5
51 4
57 5
51 4
54 4
54 6
51 5
51 5
51 5
51 4
45 5
42 4
51 4
51 4
45 3
57 5
54 4
54 6
51 5
51 5
51 5
51 4
51 5
45 4
51 5
45 4
51 4
51 5
42 4
48 4
48 4
36 3
57 5
54 4
54 4
51 4
48 3
57 5
54 4
54 4
51 4
48 3
42 4
36 3
57 5
51 4
51 4
39 3
48 3
57 5
51 4
51 4
39 3
48 3
54 4
45 3
30 2
45 5
42 4
42 4
42 4
39 3
42 4
33 3
42 4
33 3
39 3
42 4
33 3
39 3
39 3
24 2
27 3
18 2
39 3
30 2
45 5
39 4
39 4
33 3
39 3
33 2
36 4
27 3
33 3
39 3
30 2
36 6
33 5
33 5
36 4
33 5
24 4
36 4
33 5
30 4
36 4
36 4
21 3
36 4
27 3
24 2
33 4
24 3
24 2
30 3
30 3
15 2
36 5
33 4
33 4
36 3
33 4
24 3
36 3
33 4
27 3
36 3
36 3
18 2
27 3
18 2
39 3
30 2
36 3
27 2
27 3
18 2
6 1
