45 5
54 7
51 6
51 6
48 5
54 7
51 6
51 6
54 5
54 6
51 5
57 6
51 5
39 7
36 6
36 6
42 5
36 6
33 5
42 5
36 6
27 5
42 5
42 5
24 4
36 5
27 4
42 7
39 6
39 6
39 6
33 5
39 6
30 5
24 4
42 5
33 4
45 5
39 4
45 5
39 4
36 5
27 4
18 3
63 9
60 8
60 8
69 7
60 8
54 7
69 7
60 8
57 7
72 7
72 7
51 6
60 8
57 7
57 7
69 6
69 7
63 6
60 8
57 7
60 7
69 6
63 7
57 6
60 8
57 7
51 7
57 7
54 6
57 7
48 6
69 6
69 7
66 6
63 6
60 8
60 7
57 7
54 7
57 6
57 7
51 6
69 6
63 6
63 7
57 6
54 6
57 6
48 5
60 8
54 7
57 7
63 6
57 7
51 6
66 6
57 7
48 6
66 6
69 6
45 5
69 7
66 6
63 6
66 5
69 7
66 6
66 6
66 5
48 6
42 5
51 6
45 5
42 4
57 8
54 7
54 7
54 7
54 6
54 7
51 6
66 6
54 7
51 6
48 6
48 6
48 5
54 7
51 6
51 6
60 5
60 6
54 5
45 5
60 8
57 7
57 7
66 6
57 7
48 6
66 6
57 7
51 6
66 6
66 6
45 5
60 7
54 6
57 6
63 5
69 6
63 5
57 7
54 6
54 6
60 5
60 6
51 5
60 7
57 6
57 6
57 6
57 5
57 6
54 5
63 5
69 7
66 6
69 6
