48 5
39 4
30 3
39 5
33 4
36 4
39 3
33 4
27 3
36 4
36 4
33 3
39 4
30 3
39 4
36 3
33 2
45 6
42 5
42 5
42 5
42 4
42 5
33 4
42 5
33 4
42 4
42 5
39 4
39 4
42 4
30 3
30 2
45 5
42 4
42 4
42 4
39 3
42 4
33 3
42 4
33 3
39 3
42 4
33 3
39 3
39 3
24 2
27 3
18 2
45 7
39 6
42 6
39 5
39 6
33 5
36 5
42 6
33 5
42 5
39 5
27 4
42 5
36 4
36 4
33 4
39 4
36 4
30 3
45 6
36 5
42 5
36 4
36 3
42 5
36 4
39 4
36 3
42 6
36 5
36 5
33 4
39 4
30 3
45 5
36 4
42 4
48 5
39 4
39 3
45 7
42 6
39 6
39 5
42 6
33 5
42 5
39 6
33 5
36 5
39 5
27 4
42 6
36 5
36 5
33 4
48 5
39 4
45 6
42 5
36 5
36 4
45 5
36 4
42 5
36 4
42 4
45 5
42 4
39 4
39 3
36 4
36 3
39 4
33 4
30 3
36 4
30 3
39 6
36 5
36 5
33 4
36 5
27 4
33 4
36 5
27 4
33 4
33 4
18 3
21 2
45 7
42 6
42 6
42 5
39 6
33 5
39 5
39 6
33 5
