54 10
51 9
51 9
60 8
51 9
48 8
60 8
51 9
48 8
60 8
60 8
45 7
51 9
51 8
48 8
57 7
51 9
48 8
51 8
60 7
54 8
51 7
60 8
57 7
51 9
45 8
51 8
48 8
48 7
48 8
42 7
57 7
57 7
51 9
48 8
48 8
57 7
48 8
45 7
57 7
48 8
45 7
57 7
57 7
42 6
42 7
39 6
57 8
54 7
57 7
60 6
51 9
48 8
51 8
45 8
48 7
48 8
42 7
60 7
54 8
48 7
51 7
48 7
45 6
57 8
54 7
57 7
60 6
60 8
57 7
57 7
42 7
39 6
42 5
51 9
48 8
48 8
54 7
48 8
42 7
54 7
48 8
45 7
57 7
57 7
39 6
51 8
45 7
48 7
54 6
51 8
48 7
48 7
54 6
51 7
45 6
60 7
57 6
60 8
57 7
57 7
51 6
57 7
51 6
57 6
57 7
51 6
60 6
63 6
45 5
51 9
48 8
48 8
57 7
48 8
45 7
57 7
48 8
45 7
57 7
57 7
42 6
48 8
45 7
45 7
54 6
48 8
45 7
45 7
54 6
48 7
45 6
57 7
54 6
54 8
48 7
51 7
48 7
51 6
51 7
45 6
60 6
57 6
57 8
54 7
54 7
51 6
54 7
51 6
57 6
54 7
48 6
57 6
60 6
45 5
51 9
48 8
51 8
51 8
51 7
48 8
48 7
57 7
48 8
42 7
48 7
45 7
45 6
48 8
45 7
48 7
54 6
39 6
