10 
9 
9 10 
8 
8 10 
7 
7 9 
7 8 
7 8 9 10 
6 
6 8 10 
6 7 8 9 10 
5 
5 7 9 
5 7 8 9 10 
5 6 
5 6 9 10 
5 6 7 8 
5 6 7 8 9 10 
4 
4 10 
4 9 
4 6 8 10 
4 5 7 9 
3 
3 10 
3 9 
3 6 8 10 
3 5 7 9 
3 4 
3 4 9 10 
3 4 5 6 9 10 
3 4 5 6 7 8 9 10 
2 
2 8 
2 7 
2 6 8 10 
2 5 7 9 
2 4 
2 4 8 10 
2 4 7 9 
2 4 6 10 
2 4 6 8 
2 4 6 8 10 
2 4 5 9 
2 4 5 7 
2 4 5 7 9 
1 
1 8 
1 7 
1 6 8 10 
1 5 7 9 
1 3 
1 3 8 10 
1 3 7 9 
1 3 6 10 
1 3 6 8 
1 3 6 8 10 
1 3 5 9 
1 3 5 7 
1 3 5 7 9 
1 2 
1 2 7 8 
1 2 5 6 
1 2 5 6 7 8 
1 2 5 6 7 8 9 10 
1 2 3 4 
1 2 3 4 7 8 9 10 
1 2 3 4 6 7 8 9 10 
1 2 3 4 5 7 8 9 10 
1 2 3 4 5 6 
1 2 3 4 5 6 9 10 
1 2 3 4 5 6 7 8 
1 2 3 4 5 6 7 8 9 10 
