54 6
54 6
36 5
42 6
39 5
60 7
57 6
54 6
54 5
54 8
51 7
48 7
45 7
48 6
51 7
42 6
54 6
54 7
48 6
45 6
48 6
39 5
60 7
57 6
54 6
54 5
60 7
57 6
57 6
42 6
39 5
36 4
54 8
51 7
51 7
57 6
51 7
42 6
57 6
51 7
48 6
57 6
57 6
39 5
48 7
45 6
45 6
51 5
48 7
45 6
42 6
48 5
51 6
42 5
54 6
51 5
60 7
57 6
57 6
51 5
57 6
48 5
57 5
57 6
51 5
57 5
60 5
42 4
51 8
48 7
48 7
54 6
48 7
39 6
54 6
48 7
45 6
54 6
54 6
36 5
48 7
42 6
45 6
48 5
48 7
45 6
42 6
48 5
48 6
39 5
54 6
51 5
54 7
48 6
48 6
51 6
48 5
51 6
45 5
54 5
57 5
57 7
54 6
54 6
48 5
54 6
45 5
54 5
54 6
48 5
54 5
57 5
39 4
54 8
51 7
48 7
48 7
51 6
51 7
45 6
54 6
51 7
42 6
42 6
45 6
42 5
51 7
48 6
45 6
51 5
39 5
54 6
51 5
54 7
51 6
45 6
51 6
48 5
51 6
42 5
57 5
54 7
51 6
48 6
48 6
48 5
51 6
45 5
54 5
45 6
39 5
36 5
39 5
36 4
42 4
54 8
48 7
48 7
51 7
51 6
45 7
42 6
48 7
42 6
48 6
51 7
45 6
48 6
51 6
39 5
51 7
45 6
42 6
