36 5
39 4
30 5
21 4
45 6
36 5
42 5
33 4
36 4
45 7
39 6
42 6
36 6
39 5
39 6
30 5
42 5
42 5
45 6
36 5
42 5
33 4
45 6
39 5
39 5
39 5
30 4
36 4
42 6
39 5
36 5
39 4
33 5
21 4
42 5
36 4
36 4
21 3
48 7
45 6
42 6
42 5
45 6
36 5
45 5
42 6
36 5
33 5
39 5
30 4
45 6
39 5
39 5
30 4
48 5
39 4
45 6
42 5
39 5
36 4
45 5
36 4
42 5
33 4
39 4
48 7
45 6
42 6
42 5
45 6
36 5
45 5
42 6
36 5
33 5
39 5
30 4
45 6
39 5
39 5
30 4
48 5
39 4
45 6
42 5
39 5
36 4
45 5
36 4
42 5
33 4
39 4
30 3
48 6
42 5
45 5
45 5
42 4
42 5
36 4
39 4
39 4
30 3
48 7
45 6
45 6
45 5
42 6
36 5
42 5
42 6
36 5
39 5
33 5
30 4
45 6
39 5
39 5
30 4
48 5
39 4
45 6
42 5
39 5
36 4
45 5
36 4
42 5
33 4
39 4
36 6
33 5
33 5
30 4
33 5
24 4
30 4
33 5
21 4
30 4
30 4
15 3
48 7
45 6
45 6
45 5
42 6
36 5
42 5
42 6
