0.216560
0.139478
0.209182
0.212324
0.271119
0.260469
0.439206
0.394179
0.365048
0.332991
0.386945
0.343351
0.279931
0.199974
0.155807
0.219542
0.161743
0.645282
0.439206
0.515169
0.322620
0.332991
0.209818
0.741693
0.439974
0.509369
0.464342
0.333703
0.343351
0.278231
0.261902
0.278231
0.200714
0.148695
0.229404
0.347645
0.226654
0.236302
0.238871
0.212164
0.184055
0.172882
0.157613
0.175114
0.113878
0.228221
0.157672
0.070618
0.289659
0.035370
0.648265
0.524292
0.485122
0.475621
0.434029
0.368302
0.560197
0.469830
0.460200
0.306152
0.306098
0.547226
0.537579
0.505539
0.426236
0.424745
0.424745
0.426236
0.394179
0.394179
0.357236
0.383098
0.381606
0.332250
0.369610
0.363557
0.332991
0.313493
0.261124
0.221624
0.325387
0.261070
0.433721
0.344787
0.320200
0.312730
0.327626
0.311297
0.308314
0.250801
0.267871
0.295453
0.312829
0.278512
0.287130
0.277482
0.285696
0.276049
0.164706
0.206592
0.175913
0.275936
0.271006
0.236610
0.269572
0.259925
0.196429
0.200188
0.209818
0.209818
0.138952
0.225113
0.172726
0.219294
0.210624
0.240818
0.351708
0.341177
0.341235
0.281481
0.274103
0.162784
0.216047
0.174432
0.116101
0.740260
0.705855
0.381240
0.403523
0.555285
0.479515
0.451037
0.441407
0.442956
0.448112
0.425483
0.380219
0.392418
0.357091
0.318983
0.476236
0.337483
0.537830
0.509369
0.482232
0.400616
0.388379
0.398060
0.378749
0.381267
0.319379
0.308240
0.319813
0.265955
0.437521
0.437449
0.168483
0.488686
0.462850
0.464342
0.457229
0.332212
0.343351
0.343351
0.299307
0.307464
0.336239
0.336239
0.336239
0.334748
0.336239
0.334748
0.300352
0.340426
0.334805
0.325176
0.281422
0.251265
0.272819
0.265441
0.291844
0.282163
0.271024
0.282163
0.282163
0.280672
0.273294
0.275051
0.273560
0.220927
0.219436
0.219436
0.209788
0.220927
0.219436
0.220927
0.261390
0.210297
0.162336
0.158708
0.149061
0.161278
0.150105
0.260283
0.192760
0.210242
0.199095
0.421001
0.382893
0.391844
0.254790
0.254790
0.244412
0.192902
0.285744
0.257487
0.243117
0.241578
0.218471
0.166835
0.235841
0.217043
0.200714
0.209931
0.146126
0.144635
0.163110
0.129384
0.141317
0.124988
0.307819
0.291623
0.258827
0.239498
0.174587
0.190527
0.135851
0.285891
0.235841
0.185778
0.163467
0.347645
0.356040
0.236302
0.225163
0.223654
0.225163
0.226672
0.236302
0.201906
0.200415
0.225163
0.236302
0.216294
0.157654
0.222239
0.192082
0.190001
0.164726
0.164726
0.163107
0.161743
0.175114
0.162484
0.165466
0.173623
0.173623
0.165484
0.123559
0.113878
0.112387
0.100703
0.102739
0.104230
0.112387
0.101248
0.112387
0.112387
0.106766
0.100118
0.094118
0.105275
0.094136
0.099388
0.182574
0.225109
0.158024
0.152782
0.131846
0.336508
0.213970
0.214019
0.158024
0.168183
0.341169
0.331539
0.209030
0.203418
0.138530
0.153747
0.158249
0.156758
0.147842
0.147842
0.158990
0.149360
0.151878
0.126215
0.096263
0.079494
0.089151
0.078012
0.076512
0.089151
0.071590
0.160654
0.225239
0.123559
0.081773
0.123747
0.356479
0.311044
0.241471
0.231451
0.245111
0.184575
0.110238
0.107238
0.097394
0.200414
0.095075
0.058731
0.222505
0.058866
0.059911
0.349857
0.081798
0.336869
0.160342
0.308247
0.300091
0.291841
0.284463
0.229600
0.247810
0.222534
0.248550
0.187314
0.185823
0.160548
0.115394
0.089807
0.067496
0.048092
0.231029
0.167297
0.296153
0.193042
0.202689
0.193042
0.184792
0.168032
0.165050
0.127588
0.105838
0.106103
0.097234
0.139618
0.073618
0.069127
0.070618
0.043851
0.043851
0.083374
0.048608
0.035248
0.077470
0.035640
0.032924
0.025546
0.019124
0.134339
0.088214
0.086988
0.086723
0.086723
0.125377
0.107480
0.087738
0.051494
0.027718
0.048813
0.020615
0.019124
0.017624
0.176711
0.094534
0.041792
0.080968
0.030120
0.007566
