0.000000
0.008410
0.008410
0.019994
0.008410
0.016820
0.019994
0.008410
0.016820
0.019994
0.019994
0.033640
0.007663
0.016073
0.016073
0.027657
0.018822
0.027232
0.007663
0.016073
0.016073
0.027657
0.018822
0.027232
0.018822
0.027232
0.032170
0.047119
0.007008
0.015418
0.015418
0.027002
0.015418
0.023828
0.027002
0.015418
0.023828
0.027002
0.027002
0.040648
0.017710
0.026120
0.026120
0.037704
0.007663
0.015326
0.016073
0.015326
0.026485
0.016073
0.023736
0.027657
0.026485
0.039833
0.018822
0.026485
0.027232
0.037645
0.011830
0.020240
0.020240
0.031824
0.030744
0.039154
0.017710
0.026120
0.026120
0.037704
0.045453
0.007663
0.015326
0.016073
0.015326
0.026485
0.016073
0.023736
0.026485
0.027657
0.017710
0.026120
0.026120
0.037704
0.018822
0.026485
0.027232
0.026485
0.037645
0.045453
0.018822
0.026485
0.027232
0.037645
0.030744
0.039154
0.032170
0.039833
0.047119
0.061473
0.007663
0.014671
0.015326
0.025373
0.015326
0.022989
0.025373
0.016073
0.023081
0.026485
0.026485
0.038407
0.015326
0.022989
0.023736
0.034148
0.019493
0.027903
0.016073
0.023081
0.023736
0.033783
0.026485
0.034148
0.027657
0.034665
0.039833
0.007008
0.015418
0.015418
0.027002
0.015418
0.023828
0.027002
0.015418
0.023828
0.027002
0.027002
0.040648
0.014671
0.023081
0.023081
0.034665
0.025830
0.034240
0.014671
0.023081
0.023081
0.034665
0.025830
0.034240
0.025830
0.034240
0.039178
0.054127
0.017710
0.025373
0.026120
0.025373
0.036533
0.026120
0.033783
0.037704
0.036533
0.049880
0.018822
0.025830
0.026485
0.036533
0.026485
0.034148
0.036533
0.027232
0.034240
0.037645
0.037645
0.049566
0.016661
0.025071
0.025071
0.036655
0.025071
0.033481
0.036655
0.025071
0.033481
0.036655
0.036655
0.050301
0.043824
0.052234
0.007663
0.015326
0.016073
0.026485
0.014671
0.023081
0.025373
0.015326
0.022989
0.026485
0.019493
0.038407
0.016073
0.023736
0.023081
0.033783
0.027657
0.034665
0.015326
0.022989
0.023736
0.034148
0.025373
0.033783
0.026485
0.034148
0.053116
0.018822
0.026485
0.027232
0.026485
0.037645
0.025830
0.034240
0.030653
0.036533
0.017710
0.025373
0.026120
0.025373
0.036533
0.026120
0.033783
0.036533
0.037704
0.030744
0.038407
0.039154
0.038407
0.049566
0.032170
0.039178
0.039833
0.049880
0.029364
0.037774
0.037774
0.049358
0.059644
0.018822
0.026485
0.027232
0.037645
0.025830
0.034240
0.036533
0.026485
0.034148
0.037645
0.030653
0.049566
0.047119
0.054127
0.061473
0.076573
0.007663
0.015326
0.016073
0.015326
0.026485
0.015326
0.022989
0.014671
0.023081
0.025373
0.015326
0.022989
0.026485
0.025373
0.038407
0.014671
0.023081
0.022334
0.022334
0.033493
0.025373
0.033036
0.025373
0.033036
0.024324
0.032734
0.037027
0.015326
0.022989
0.023736
0.022989
0.034148
0.022989
0.030652
0.022334
0.030744
0.033036
0.022989
0.030652
0.034148
0.033036
0.046070
0.025373
0.033783
0.033036
0.033036
0.044196
0.016073
0.023736
0.023736
0.023081
0.033783
0.023081
0.030744
0.033783
0.032734
0.027657
0.034665
0.034665
0.044318
0.026485
0.034148
0.039833
0.026485
0.034148
0.034148
0.033493
0.044196
0.038407
0.046070
0.026485
0.034148
0.033493
0.044196
0.018822
0.025830
0.026485
0.036533
0.026485
0.034148
0.036533
0.027232
0.034240
0.037645
0.037645
0.049566
0.025830
0.033493
0.034240
0.044653
0.035484
0.043894
0.026485
0.033493
0.034148
0.044196
0.036533
0.044196
0.048186
0.037645
0.044653
0.007008
0.014671
0.015418
0.014671
0.025830
0.014671
0.022334
0.014016
0.022426
0.024718
0.014671
0.022334
0.025830
0.024718
0.037752
0.015418
0.023081
0.022426
0.023081
0.033128
0.025830
0.033493
0.027002
0.034010
0.025830
0.033493
0.039178
0.015418
0.023081
0.023828
0.023081
0.034240
0.023081
0.030744
0.022426
0.030836
0.033128
0.023081
0.030744
0.034240
0.033128
0.046162
0.027002
0.034665
0.034010
0.034665
0.044712
0.015418
0.023081
0.023081
0.022426
0.033128
0.023828
0.030836
0.034240
0.034240
0.027002
0.034010
0.025830
0.034240
0.033493
0.044653
0.039178
0.027002
0.034665
0.034665
0.034010
0.044712
0.040648
0.047656
0.054127
0.025830
0.033493
0.034240
0.044653
0.054127
0.068481
0.016661
0.025071
0.025071
0.036655
0.025071
0.033481
0.036655
0.025071
0.033481
0.036655
0.036655
0.050301
0.024324
0.032734
0.032734
0.044318
0.035484
0.043894
0.024324
0.032734
0.032734
0.044318
0.035484
0.043894
0.048831
0.035484
0.043894
0.063780
0.017710
0.025373
0.026120
0.025373
0.036533
0.025373
0.033036
0.024718
0.033128
0.035420
0.025373
0.033036
0.036533
0.035420
0.048454
0.026120
0.033783
0.033783
0.033128
0.043830
0.037704
0.044712
0.036533
0.044196
0.049880
0.036533
0.044196
0.043824
0.051487
0.052234
0.062647
0.007008
0.015418
0.015418
0.027002
0.015418
0.023828
0.027002
0.015418
0.023828
0.027002
0.027002
0.040648
0.014671
0.023081
0.023081
0.034665
0.025830
0.034240
0.014671
0.023081
0.023081
0.034665
0.025830
0.034240
0.025830
0.034240
0.039178
0.054127
0.014016
0.022426
0.022426
0.034010
0.022426
0.030836
0.034010
0.022426
0.030836
0.034010
0.034010
0.047656
0.024718
0.033128
0.033128
0.044712
0.014671
0.022334
0.023081
0.022334
0.033493
0.023081
0.030744
0.034665
0.033493
0.046841
0.025830
0.033493
0.034240
0.044653
0.018838
0.027248
0.027248
0.038832
0.037752
0.046162
0.024718
0.033128
0.033128
0.044712
0.052461
0.014671
0.022334
0.023081
0.022334
0.033493
0.023081
0.030744
0.033493
0.034665
0.024718
0.033128
0.033128
0.044712
0.025830
0.033493
0.034240
0.033493
0.044653
0.052461
0.025830
0.033493
0.034240
0.044653
0.037752
0.046162
0.039178
0.046841
0.054127
0.068481
0.017710
0.024718
0.025373
0.035420
0.025373
0.033036
0.035420
0.026120
0.033128
0.036533
0.036533
0.048454
0.025373
0.033036
0.033783
0.044196
0.029540
0.037950
0.026120
0.033128
0.033783
0.043830
0.036533
0.044196
0.037704
0.044712
0.049880
0.016661
0.025071
0.025071
0.036655
0.025071
0.033481
0.036655
0.025071
0.033481
0.036655
0.036655
0.050301
0.024324
0.032734
0.032734
0.044318
0.035484
0.043894
0.024324
0.032734
0.032734
0.044318
0.035484
0.043894
0.035484
0.043894
0.048831
0.063780
0.029364
0.037027
0.037774
0.037027
0.048186
0.037774
0.045437
0.049358
0.048186
0.061534
0.017710
0.024718
0.025373
0.035420
0.025373
0.033036
0.035420
0.026120
0.033128
0.036533
0.036533
0.048454
0.025373
0.033036
0.033783
0.044196
0.035420
0.043830
0.026120
0.033128
0.033783
0.043830
0.036533
0.044196
0.037704
0.044712
0.049880
0.030744
0.037752
0.038407
0.048454
0.038407
0.046070
0.048454
0.039154
0.046162
0.049566
0.049566
0.061488
0.016661
0.025071
0.025071
0.036655
0.025071
0.033481
0.036655
0.025071
0.033481
0.036655
0.036655
0.050301
0.024324
0.032734
0.032734
0.044318
0.035484
0.043894
0.024324
0.032734
0.032734
0.044318
0.035484
0.043894
0.035484
0.043894
0.048831
0.063780
0.028032
0.036442
0.036442
0.048026
0.036442
0.044852
0.048026
0.036442
0.044852
0.048026
0.048026
0.061672
0.042233
0.050643
0.050643
0.062227
0.029364
0.037027
0.037774
0.037027
0.048186
0.037774
0.045437
0.049358
0.048186
0.061534
0.042233
0.050643
0.050643
0.062227
0.057846
0.066256
0.017710
0.025373
0.026120
0.036533
0.024718
0.033128
0.035420
0.025373
0.033036
0.036533
0.029540
0.048454
0.026120
0.033783
0.033128
0.043830
0.037704
0.044712
0.025373
0.033036
0.033783
0.044196
0.035420
0.043830
0.036533
0.044196
0.063164
0.042233
0.050643
0.050643
0.062227
0.057846
0.066256
0.074604
0.007663
0.015326
0.016073
0.015326
0.026485
0.015326
0.022989
0.014671
0.023081
0.025373
0.015326
0.022989
0.026485
0.025373
0.038407
0.016073
0.023736
0.023081
0.023736
0.033783
0.026485
0.034148
0.027657
0.034665
0.026485
0.034148
0.039833
0.014671
0.023081
0.022334
0.022334
0.033493
0.023081
0.030744
0.034665
0.033493
0.046841
0.025373
0.033036
0.015326
0.022989
0.023736
0.022989
0.034148
0.022989
0.030652
0.022334
0.030744
0.033036
0.022989
0.030652
0.034148
0.033036
0.046070
0.026485
0.034148
0.033493
0.034148
0.044196
0.019493
0.027903
0.027156
0.027156
0.038316
0.038407
0.046070
0.025373
0.033783
0.033036
0.044196
0.053116
0.024324
0.032734
0.032734
0.044318
0.051487
0.037027
0.045437
0.067307
0.018822
0.026485
0.027232
0.026485
0.037645
0.026485
0.034148
0.025830
0.034240
0.036533
0.026485
0.034148
0.037645
0.036533
0.049566
0.025830
0.034240
0.033493
0.033493
0.044653
0.036533
0.044196
0.036533
0.044196
0.035484
0.043894
0.048186
0.032170
0.039833
0.039178
0.039833
0.049880
0.039178
0.046841
0.049880
0.048831
0.061534
0.017710
0.025373
0.026120
0.025373
0.036533
0.025373
0.033036
0.024718
0.033128
0.035420
0.025373
0.033036
0.036533
0.035420
0.048454
0.026120
0.033783
0.033128
0.033783
0.043830
0.036533
0.044196
0.037704
0.044712
0.036533
0.044196
0.049880
0.029364
0.037774
0.037027
0.037027
0.048186
0.037774
0.045437
0.049358
0.048186
0.061534
0.030744
0.038407
0.039154
0.038407
0.049566
0.038407
0.046070
0.037752
0.046162
0.048454
0.038407
0.046070
0.049566
0.048454
0.061488
0.059644
0.067307
0.018822
0.026485
0.027232
0.037645
0.025830
0.034240
0.036533
0.026485
0.034148
0.037645
0.030653
0.049566
0.026485
0.033493
0.034148
0.038316
0.025830
0.034240
0.033493
0.044653
0.036533
0.044196
0.037645
0.044653
0.035484
0.043894
0.062647
0.047119
0.054127
0.054127
0.063780
0.061473
0.068481
0.076573
0.017710
0.025373
0.026120
0.036533
0.024718
0.033128
0.035420
0.025373
0.033036
0.036533
0.029540
0.048454
0.026120
0.033128
0.033783
0.037950
0.025373
0.033783
0.033036
0.044196
0.036533
0.044196
0.037704
0.044712
0.035420
0.043830
0.063164
0.042233
0.050643
0.050643
0.062227
0.057846
0.066256
0.074604
0.030744
0.038407
0.039154
0.049566
0.037752
0.046162
0.048454
0.038407
0.046070
0.049566
0.042574
0.061488
0.045453
0.052461
0.053116
0.057283
0.043824
0.052234
0.051487
0.062647
0.059644
0.067307
0.045453
0.053116
0.052461
0.063164
0.061473
0.068481
0.076573
0.043824
0.051487
0.052234
0.062647
0.057846
0.066256
0.074604
0.059644
0.067307
0.076573
0.074604
0.092324
0.070461
0.077469
0.077469
0.087122
0.077469
0.084477
0.087122
0.077469
0.084477
0.087122
0.087122
0.098493
0.078124
0.085132
0.085132
0.094785
0.088171
0.095179
0.078124
0.085132
0.085132
0.094785
0.088171
0.095179
0.099825
0.088171
0.095179
0.112694
0.078124
0.085787
0.085132
0.085787
0.095834
0.085132
0.092795
0.094785
0.095834
0.088171
0.095834
0.095179
0.105881
0.078871
0.085879
0.085879
0.095532
0.085879
0.092887
0.095532
0.085879
0.092887
0.095532
0.095532
0.106903
0.089283
0.096291
0.096291
0.105944
0.089283
0.096291
0.096291
0.105944
0.101205
0.108213
0.089283
0.096291
0.096291
0.105944
0.078124
0.085787
0.085132
0.085787
0.095834
0.085132
0.092795
0.095834
0.094785
0.107488
0.088171
0.095834
0.095179
0.095834
0.105881
0.099825
0.107488
0.089283
0.096291
0.096291
0.105944
0.088171
0.095179
0.095834
0.105881
0.112694
0.101205
0.108213
0.114285
0.114285
0.128307
0.131169
0.138832
0.139579
0.149992
0.138177
0.146587
0.148880
0.138832
0.146495
0.149992
0.148880
0.161913
0.105765
0.112773
0.112773
0.122426
0.112773
0.119781
0.122426
0.112773
0.119781
0.122426
0.122426
0.133797
0.113428
0.120436
0.120436
0.130089
0.123475
0.130483
0.113428
0.120436
0.120436
0.130089
0.123475
0.130483
0.135129
0.123475
0.130483
0.147998
0.100798
0.107806
0.108461
0.118508
0.108461
0.116124
0.118508
0.109208
0.116216
0.119621
0.119621
0.131542
0.107806
0.115469
0.116216
0.126629
0.117459
0.125869
0.108461
0.115469
0.116124
0.126171
0.118508
0.126171
0.130162
0.119621
0.126629
0.131169
0.138832
0.139579
0.138832
0.149992
0.138832
0.146495
0.138177
0.146587
0.148880
0.138832
0.146495
0.149992
0.148880
0.161913
0.105765
0.112773
0.112773
0.122426
0.112773
0.119781
0.122426
0.112773
0.119781
0.122426
0.122426
0.133797
0.113428
0.120436
0.120436
0.130089
0.123475
0.130483
0.113428
0.120436
0.120436
0.130089
0.123475
0.130483
0.135129
0.123475
0.130483
0.147998
0.105765
0.112773
0.112773
0.122426
0.112773
0.119781
0.122426
0.112773
0.119781
0.122426
0.122426
0.133797
0.113428
0.120436
0.120436
0.130089
0.117595
0.124603
0.113428
0.120436
0.120436
0.130089
0.123475
0.130483
0.123475
0.130483
0.135129
0.147998
0.105765
0.112773
0.112773
0.122426
0.112773
0.119781
0.122426
0.112773
0.119781
0.122426
0.122426
0.133797
0.113428
0.120436
0.120436
0.130089
0.123475
0.130483
0.113428
0.120436
0.120436
0.130089
0.123475
0.130483
0.123475
0.130483
0.135129
0.147998
0.141118
0.148126
0.148126
0.157779
0.148126
0.155134
0.157779
0.148126
0.155134
0.157779
0.157779
0.169150
0.171536
0.178544
0.178544
0.188198
0.131169
0.139579
0.138832
0.149992
0.138832
0.146495
0.149992
0.138177
0.146587
0.148880
0.148880
0.161913
0.171536
0.178544
0.178544
0.188198
0.201988
0.208996
0.171536
0.178544
0.178544
0.188198
0.201988
0.208996
0.232473
0.100798
0.107806
0.108461
0.118508
0.108461
0.116124
0.118508
0.109208
0.116216
0.119621
0.119621
0.131542
0.107806
0.115469
0.116216
0.126629
0.117459
0.125869
0.108461
0.115469
0.116124
0.126171
0.118508
0.126171
0.130162
0.119621
0.126629
0.095833
0.102841
0.103495
0.113543
0.103495
0.111158
0.113543
0.104243
0.111251
0.114655
0.114655
0.126576
0.103495
0.111158
0.111905
0.122318
0.107663
0.116073
0.104243
0.111251
0.111905
0.121953
0.114655
0.122318
0.115827
0.122835
0.128002
0.095833
0.102841
0.103495
0.113543
0.103495
0.111158
0.113543
0.104243
0.111251
0.114655
0.114655
0.126576
0.103495
0.111158
0.111905
0.122318
0.113543
0.121953
0.104243
0.111251
0.111905
0.121953
0.114655
0.122318
0.115827
0.122835
0.128002
0.131169
0.138177
0.138832
0.148880
0.138832
0.146495
0.148880
0.139579
0.146587
0.149992
0.149992
0.161913
0.121226
0.129636
0.129636
0.141220
0.129636
0.138046
0.141220
0.129636
0.138046
0.141220
0.141220
0.154866
0.131169
0.138832
0.139579
0.138832
0.149992
0.138832
0.146495
0.138177
0.146587
0.148880
0.138832
0.146495
0.149992
0.148880
0.161913
0.171536
0.178544
0.178544
0.188198
0.201988
0.208996
0.232473
0.131169
0.138832
0.139579
0.149992
0.138177
0.146587
0.148880
0.138832
0.146495
0.149992
0.142999
0.161913
0.201988
0.208996
0.232473
0.232473
0.262991
0.059469
0.067879
0.067879
0.079464
0.067879
0.076289
0.079464
0.067879
0.076289
0.079464
0.079464
0.093109
0.067132
0.075542
0.075542
0.087127
0.078292
0.086702
0.067132
0.075542
0.075542
0.087127
0.078292
0.086702
0.091639
0.078292
0.086702
0.106588
0.067132
0.075542
0.074795
0.074795
0.085955
0.075542
0.083205
0.087127
0.085955
0.078292
0.085955
0.086702
0.097114
0.066477
0.074887
0.074887
0.086472
0.074887
0.083297
0.086472
0.074887
0.083297
0.086472
0.086472
0.100117
0.077180
0.085590
0.085590
0.097174
0.077180
0.085590
0.085590
0.097174
0.090213
0.098623
0.077180
0.085590
0.085590
0.097174
0.067132
0.075542
0.074795
0.074795
0.085955
0.075542
0.083205
0.087127
0.085955
0.099302
0.078292
0.086702
0.085955
0.085955
0.097114
0.091639
0.099302
0.078292
0.086702
0.085955
0.097114
0.106588
0.077180
0.085590
0.085590
0.097174
0.090213
0.098623
0.104923
0.104923
0.120942
0.129930
0.137593
0.138340
0.148753
0.136938
0.145348
0.147640
0.137593
0.145256
0.148753
0.147640
0.160674
0.165234
0.172242
0.172897
0.182945
0.160267
0.168677
0.167930
0.179090
0.165234
0.172897
0.172242
0.182945
0.165234
0.172897
0.172242
0.182945
0.165234
0.172897
0.172242
0.182945
0.200587
0.207595
0.231006
0.160267
0.167930
0.168677
0.179090
0.155302
0.163712
0.163712
0.175296
0.155302
0.163712
0.163712
0.175296
0.190639
0.199049
0.231006
0.190639
0.199049
0.261458
0.128824
0.136487
0.137234
0.147646
0.135832
0.144242
0.146534
0.136487
0.144150
0.147646
0.146534
0.159568
0.259993
0.967165
0.975575
0.975575
0.987159
0.975575
0.983985
0.987159
0.975575
0.983985
0.987159
0.987159
1.000805
0.974827
0.983237
0.983237
0.994822
0.985987
0.994397
0.974827
0.983237
0.983237
0.994822
0.985987
0.994397
0.985987
0.994397
0.999334
1.014283
0.974173
0.982583
0.982583
0.994167
0.982583
0.990993
0.994167
0.982583
0.990993
0.994167
0.994167
1.007813
0.984875
0.993285
0.993285
1.004869
0.974827
0.982490
0.983237
0.982490
0.993650
0.983237
0.990900
0.994822
0.993650
1.006997
0.985987
0.993650
0.994397
1.004809
0.978995
0.987405
0.987405
0.998989
0.997908
1.006318
0.984875
0.993285
0.993285
1.004869
1.012618
0.974827
0.982490
0.983237
0.982490
0.993650
0.983237
0.990900
0.993650
0.994822
0.984875
0.993285
0.993285
1.004869
0.985987
0.993650
0.994397
0.993650
1.004809
1.012618
0.985987
0.993650
0.994397
1.004809
0.997908
1.006318
0.999334
1.006997
1.014283
1.028637
0.974827
0.981835
0.982490
0.992538
0.982490
0.990153
0.992538
0.983237
0.990245
0.993650
0.993650
1.005571
0.982490
0.990153
0.990900
1.001313
0.986658
0.995068
0.983237
0.990245
0.990900
1.000948
0.993650
1.001313
0.994822
1.001830
1.006997
0.974173
0.982583
0.982583
0.994167
0.982583
0.990993
0.994167
0.982583
0.990993
0.994167
0.994167
1.007813
0.981835
0.990245
0.990245
1.001830
0.992995
1.001405
0.981835
0.990245
0.990245
1.001830
0.992995
1.001405
0.992995
1.001405
1.006342
1.021291
0.984875
0.992538
0.993285
0.992538
1.003697
0.993285
1.000948
1.004869
1.003697
1.017045
0.985987
0.992995
0.993650
1.003697
0.993650
1.001313
1.003697
0.994397
1.001405
1.004809
1.004809
1.016731
0.983826
0.992236
0.992236
1.003820
0.992236
1.000646
1.003820
0.992236
1.000646
1.003820
1.003820
1.017466
1.010989
1.019399
0.974827
0.982490
0.983237
0.993650
0.981835
0.990245
0.992538
0.982490
0.990153
0.993650
0.986658
1.005571
0.983237
0.990900
0.990245
1.000948
0.994822
1.001830
0.982490
0.990153
0.990900
1.001313
0.992538
1.000948
0.993650
1.001313
1.020281
0.985987
0.993650
0.994397
0.993650
1.004809
0.992995
1.001405
0.997817
1.003697
0.984875
0.992538
0.993285
0.992538
1.003697
0.993285
1.000948
1.003697
1.004869
0.997908
1.005571
1.006318
1.005571
1.016731
0.999334
1.006342
1.006997
1.017045
0.996528
1.004938
1.004938
1.016523
1.026809
0.985987
0.993650
0.994397
1.004809
0.992995
1.001405
1.003697
0.993650
1.001313
1.004809
0.997817
1.016731
1.014283
1.021291
1.028637
1.043738
0.974827
0.982490
0.983237
0.982490
0.993650
0.982490
0.990153
0.981835
0.990245
0.992538
0.982490
0.990153
0.993650
0.992538
1.005571
0.981835
0.990245
0.989498
0.989498
1.000658
0.992538
1.000201
0.992538
1.000201
0.991489
0.999899
1.004191
0.982490
0.990153
0.990900
0.990153
1.001313
0.990153
0.997816
0.989498
0.997908
1.000201
0.990153
0.997816
1.001313
1.000201
1.013234
0.992538
1.000948
1.000201
1.000201
1.011360
0.983237
0.990900
0.990900
0.990245
1.000948
0.990245
0.997908
1.000948
0.999899
0.994822
1.001830
1.001830
1.011483
0.993650
1.001313
1.006997
0.993650
1.001313
1.001313
1.000658
1.011360
1.005571
1.013234
0.993650
1.001313
1.000658
1.011360
0.985987
0.992995
0.993650
1.003697
0.993650
1.001313
1.003697
0.994397
1.001405
1.004809
1.004809
1.016731
0.992995
1.000658
1.001405
1.011817
1.002648
1.011058
0.993650
1.000658
1.001313
1.011360
1.003697
1.011360
1.015351
1.004809
1.011817
0.974173
0.981835
0.982583
0.981835
0.992995
0.981835
0.989498
0.981181
0.989591
0.991883
0.981835
0.989498
0.992995
0.991883
1.004916
0.982583
0.990245
0.989591
0.990245
1.000293
0.992995
1.000658
0.994167
1.001175
0.992995
1.000658
1.006342
0.982583
0.990245
0.990993
0.990245
1.001405
0.990245
0.997908
0.989591
0.998001
1.000293
0.990245
0.997908
1.001405
1.000293
1.013326
0.994167
1.001830
1.001175
1.001830
1.011877
0.982583
0.990245
0.990245
0.989591
1.000293
0.990993
0.998001
1.001405
1.001405
0.994167
1.001175
0.992995
1.001405
1.000658
1.011817
1.006342
0.994167
1.001830
1.001830
1.001175
1.011877
1.007813
1.014821
1.021291
0.992995
1.000658
1.001405
1.011817
1.021291
1.035645
0.983826
0.992236
0.992236
1.003820
0.992236
1.000646
1.003820
0.992236
1.000646
1.003820
1.003820
1.017466
0.991489
0.999899
0.999899
1.011483
1.002648
1.011058
0.991489
0.999899
0.999899
1.011483
1.002648
1.011058
1.015996
1.002648
1.011058
1.030944
0.984875
0.992538
0.993285
0.992538
1.003697
0.992538
1.000201
0.991883
1.000293
1.002585
0.992538
1.000201
1.003697
1.002585
1.015619
0.993285
1.000948
1.000948
1.000293
1.010995
1.004869
1.011877
1.003697
1.011360
1.017045
1.003697
1.011360
1.010989
1.018652
1.019399
1.029811
0.974173
0.982583
0.982583
0.994167
0.982583
0.990993
0.994167
0.982583
0.990993
0.994167
0.994167
1.007813
0.981835
0.990245
0.990245
1.001830
0.992995
1.001405
0.981835
0.990245
0.990245
1.001830
0.992995
1.001405
0.992995
1.001405
1.006342
1.021291
0.981181
0.989591
0.989591
1.001175
0.989591
0.998001
1.001175
0.989591
0.998001
1.001175
1.001175
1.014821
0.991883
1.000293
1.000293
1.011877
0.981835
0.989498
0.990245
0.989498
1.000658
0.990245
0.997908
1.001830
1.000658
1.014005
0.992995
1.000658
1.001405
1.011817
0.986003
0.994413
0.994413
1.005997
1.004916
1.013326
0.991883
1.000293
1.000293
1.011877
1.019626
0.981835
0.989498
0.990245
0.989498
1.000658
0.990245
0.997908
1.000658
1.001830
0.991883
1.000293
1.000293
1.011877
0.992995
1.000658
1.001405
1.000658
1.011817
1.019626
0.992995
1.000658
1.001405
1.011817
1.004916
1.013326
1.006342
1.014005
1.021291
1.035645
0.984875
0.991883
0.992538
1.002585
0.992538
1.000201
1.002585
0.993285
1.000293
1.003697
1.003697
1.015619
0.992538
1.000201
1.000948
1.011360
0.996705
1.005115
0.993285
1.000293
1.000948
1.010995
1.003697
1.011360
1.004869
1.011877
1.017045
0.983826
0.992236
0.992236
1.003820
0.992236
1.000646
1.003820
0.992236
1.000646
1.003820
1.003820
1.017466
0.991489
0.999899
0.999899
1.011483
1.002648
1.011058
0.991489
0.999899
0.999899
1.011483
1.002648
1.011058
1.002648
1.011058
1.015996
1.030944
0.996528
1.004191
1.004938
1.004191
1.015351
1.004938
1.012601
1.016523
1.015351
1.028698
0.984875
0.991883
0.992538
1.002585
0.992538
1.000201
1.002585
0.993285
1.000293
1.003697
1.003697
1.015619
0.992538
1.000201
1.000948
1.011360
1.002585
1.010995
0.993285
1.000293
1.000948
1.010995
1.003697
1.011360
1.004869
1.011877
1.017045
0.997908
1.004916
1.005571
1.015619
1.005571
1.013234
1.015619
1.006318
1.013326
1.016731
1.016731
1.028652
0.983826
0.992236
0.992236
1.003820
0.992236
1.000646
1.003820
0.992236
1.000646
1.003820
1.003820
1.017466
0.991489
0.999899
0.999899
1.011483
1.002648
1.011058
0.991489
0.999899
0.999899
1.011483
1.002648
1.011058
1.002648
1.011058
1.015996
1.030944
0.995197
1.003607
1.003607
1.015191
1.003607
1.012017
1.015191
1.003607
1.012017
1.015191
1.015191
1.028837
1.009397
1.017807
1.017807
1.029392
0.996528
1.004191
1.004938
1.004191
1.015351
1.004938
1.012601
1.016523
1.015351
1.028698
1.009397
1.017807
1.017807
1.029392
1.025011
1.033421
0.984875
0.992538
0.993285
1.003697
0.991883
1.000293
1.002585
0.992538
1.000201
1.003697
0.996705
1.015619
0.993285
1.000948
1.000293
1.010995
1.004869
1.011877
0.992538
1.000201
1.000948
1.011360
1.002585
1.010995
1.003697
1.011360
1.030328
1.009397
1.017807
1.017807
1.029392
1.025011
1.033421
1.041769
0.974827
0.982490
0.983237
0.982490
0.993650
0.982490
0.990153
0.981835
0.990245
0.992538
0.982490
0.990153
0.993650
0.992538
1.005571
0.983237
0.990900
0.990245
0.990900
1.000948
0.993650
1.001313
0.994822
1.001830
0.993650
1.001313
1.006997
0.981835
0.990245
0.989498
0.989498
1.000658
0.990245
0.997908
1.001830
1.000658
1.014005
0.992538
1.000201
0.982490
0.990153
0.990900
0.990153
1.001313
0.990153
0.997816
0.989498
0.997908
1.000201
0.990153
0.997816
1.001313
1.000201
1.013234
0.993650
1.001313
1.000658
1.001313
1.011360
0.986658
0.995068
0.994321
0.994321
1.005480
1.005571
1.013234
0.992538
1.000948
1.000201
1.011360
1.020281
0.991489
0.999899
0.999899
1.011483
1.018652
1.004191
1.012601
1.034472
0.985987
0.993650
0.994397
0.993650
1.004809
0.993650
1.001313
0.992995
1.001405
1.003697
0.993650
1.001313
1.004809
1.003697
1.016731
0.992995
1.001405
1.000658
1.000658
1.011817
1.003697
1.011360
1.003697
1.011360
1.002648
1.011058
1.015351
0.999334
1.006997
1.006342
1.006997
1.017045
1.006342
1.014005
1.017045
1.015996
1.028698
0.984875
0.992538
0.993285
0.992538
1.003697
0.992538
1.000201
0.991883
1.000293
1.002585
0.992538
1.000201
1.003697
1.002585
1.015619
0.993285
1.000948
1.000293
1.000948
1.010995
1.003697
1.011360
1.004869
1.011877
1.003697
1.011360
1.017045
0.996528
1.004938
1.004191
1.004191
1.015351
1.004938
1.012601
1.016523
1.015351
1.028698
0.997908
1.005571
1.006318
1.005571
1.016731
1.005571
1.013234
1.004916
1.013326
1.015619
1.005571
1.013234
1.016731
1.015619
1.028652
1.026809
1.034472
0.985987
0.993650
0.994397
1.004809
0.992995
1.001405
1.003697
0.993650
1.001313
1.004809
0.997817
1.016731
0.993650
1.000658
1.001313
1.005480
0.992995
1.001405
1.000658
1.011817
1.003697
1.011360
1.004809
1.011817
1.002648
1.011058
1.029811
1.014283
1.021291
1.021291
1.030944
1.028637
1.035645
1.043738
0.984875
0.992538
0.993285
1.003697
0.991883
1.000293
1.002585
0.992538
1.000201
1.003697
0.996705
1.015619
0.993285
1.000293
1.000948
1.005115
0.992538
1.000948
1.000201
1.011360
1.003697
1.011360
1.004869
1.011877
1.002585
1.010995
1.030328
1.009397
1.017807
1.017807
1.029392
1.025011
1.033421
1.041769
0.997908
1.005571
1.006318
1.016731
1.004916
1.013326
1.015619
1.005571
1.013234
1.016731
1.009739
1.028652
1.012618
1.019626
1.020281
1.024448
1.010989
1.019399
1.018652
1.029811
1.026809
1.034472
1.012618
1.020281
1.019626
1.030328
1.028637
1.035645
1.043738
1.010989
1.018652
1.019399
1.029811
1.025011
1.033421
1.041769
1.026809
1.034472
1.043738
1.041769
1.059488
1.039756
1.047419
1.048166
1.047419
1.058579
1.047419
1.055082
1.046764
1.055174
1.057466
1.047419
1.055082
1.058579
1.057466
1.070500
1.048166
1.055829
1.055829
1.055174
1.065876
1.059751
1.066759
1.058579
1.066242
1.071926
1.058579
1.066242
1.047419
1.055082
1.055829
1.055082
1.066242
1.055082
1.062745
1.054427
1.062837
1.065129
1.055082
1.062745
1.066242
1.065129
1.078163
1.058579
1.066242
1.066242
1.065587
1.076289
1.046764
1.054427
1.055174
1.054427
1.065587
1.055174
1.062837
1.066759
1.065587
1.078934
1.057466
1.065129
1.065876
1.076289
1.056417
1.064827
1.064827
1.076412
1.069120
1.077530
1.057466
1.065129
1.065876
1.065129
1.076289
1.057466
1.065129
1.070500
1.078163
1.085210
1.083581
1.099401
1.039756
1.047419
1.048166
1.047419
1.058579
1.047419
1.055082
1.046764
1.055174
1.057466
1.047419
1.055082
1.058579
1.057466
1.070500
1.048166
1.055829
1.055829
1.055174
1.065876
1.059751
1.066759
1.058579
1.066242
1.071926
1.058579
1.066242
1.046764
1.054427
1.055174
1.054427
1.065587
1.055174
1.062837
1.066759
1.065587
1.078934
1.057466
1.065129
1.065876
1.076289
1.056417
1.064827
1.064827
1.076412
1.069120
1.077530
1.057466
1.065129
1.047419
1.055082
1.055829
1.055082
1.066242
1.055082
1.062745
1.054427
1.062837
1.065129
1.055082
1.062745
1.066242
1.065129
1.078163
1.058579
1.066242
1.066242
1.065587
1.076289
1.057466
1.065129
1.065876
1.065129
1.076289
1.070500
1.078163
1.085210
1.083581
1.099401
1.112436
1.120099
1.120846
1.131258
1.119444
1.127854
1.130146
1.120099
1.127762
1.131258
1.130146
1.143180
0.094120
0.102530
0.101782
0.112942
0.101782
0.109445
0.112942
0.101128
0.109538
0.111830
0.111830
0.124863
0.164580
0.171588
0.194918
0.194918
0.189952
0.189952
0.225289
0.102530
0.110192
0.109538
0.120240
0.198362
0.114114
0.121122
0.199885
0.206893
0.101782
0.110192
0.109445
0.120605
0.172243
0.202581
0.112942
0.120605
0.126289
0.111830
0.120240
0.182290
0.089261
0.097671
0.097671
0.109256
0.097671
0.106081
0.109256
0.097671
0.106081
0.109256
0.109256
0.122901
0.096924
0.105334
0.105334
0.116918
0.108084
0.116494
0.096924
0.105334
0.105334
0.116918
0.108084
0.116494
0.121431
0.108084
0.116494
0.136380
0.159722
0.168132
0.167385
0.178544
0.195026
0.202689
0.195026
0.195026
0.202689
0.195026
0.230379
0.190059
0.198469
0.260798
0.128824
0.136487
0.137234
0.136487
0.147646
0.136487
0.144150
0.135832
0.144242
0.146534
0.136487
0.144150
0.147646
0.146534
0.159568
0.259993
1.112436
1.120099
1.120846
1.120099
1.131258
1.120099
1.127762
1.119444
1.127854
1.130146
1.120099
1.127762
1.131258
1.130146
1.143180
1.185203
1.192866
0.094120
0.102530
0.101782
0.112942
0.101782
0.109445
0.112942
0.101128
0.109538
0.111830
0.111830
0.124863
0.164580
0.171588
0.194918
0.194918
0.189952
0.189952
0.225289
0.102530
0.110192
0.109538
0.120240
0.198362
0.114114
0.121122
0.199885
0.206893
0.101782
0.110192
0.109445
0.120605
0.172243
0.202581
0.112942
0.120605
0.126289
0.111830
0.120240
0.182290
0.098979
0.107389
0.106642
0.117802
0.106642
0.114305
0.117802
0.105987
0.114397
0.116689
0.116689
0.129723
0.106642
0.114305
0.113650
0.124352
0.117802
0.124810
0.105987
0.114397
0.113650
0.124810
0.116689
0.124352
0.115640
0.124050
0.128343
0.169440
0.176448
0.176448
0.186101
0.199777
0.206785
0.199777
0.194812
0.202475
0.194812
0.230149
0.138563
0.145571
0.145571
0.155224
0.145571
0.152579
0.155224
0.145571
0.152579
0.155224
0.155224
0.166595
0.259789
0.098979
0.107389
0.106642
0.117802
0.106642
0.114305
0.117802
0.105987
0.114397
0.116689
0.116689
0.129723
0.106642
0.114305
0.113650
0.124352
0.117802
0.124810
0.105987
0.114397
0.113650
0.124810
0.116689
0.124352
0.115640
0.124050
0.128343
0.169440
0.176448
0.176448
0.186101
0.199777
0.199777
0.206785
0.194812
0.194812
0.202475
0.230149
0.128824
0.137234
0.136487
0.147646
0.136487
0.144150
0.147646
0.135832
0.144242
0.146534
0.146534
0.159568
0.199285
0.206293
0.229622
0.229622
0.224656
0.224656
0.259993
1.123652
1.130660
1.130660
1.140313
1.130660
1.137668
1.140313
1.130660
1.137668
1.140313
1.140313
1.151684
1.112436
1.120846
1.120099
1.131258
1.120099
1.127762
1.131258
1.119444
1.127854
1.130146
1.130146
1.143180
1.190818
1.197826
1.190818
1.197826
0.089261
0.097671
0.097671
0.109256
0.097671
0.106081
0.109256
0.097671
0.106081
0.109256
0.109256
0.122901
0.096924
0.105334
0.105334
0.116918
0.108084
0.116494
0.096924
0.105334
0.105334
0.116918
0.108084
0.116494
0.121431
0.108084
0.116494
0.136380
0.159722
0.167385
0.168132
0.178544
0.195026
0.190059
0.198469
0.195026
0.202689
0.195026
0.195026
0.202689
0.230379
0.260798
0.089261
0.097671
0.097671
0.109256
0.097671
0.106081
0.109256
0.097671
0.106081
0.109256
0.109256
0.122901
0.096924
0.105334
0.105334
0.116918
0.108084
0.116494
0.096924
0.105334
0.105334
0.116918
0.108084
0.116494
0.108084
0.116494
0.121431
0.136380
0.159722
0.167385
0.168132
0.178544
0.195026
0.202689
0.195026
0.195026
0.202689
0.195026
0.230379
0.260798
0.128824
0.135832
0.136487
0.146534
0.136487
0.144150
0.146534
0.137234
0.144242
0.147646
0.147646
0.159568
0.259993
0.089261
0.097671
0.097671
0.109256
0.097671
0.106081
0.109256
0.097671
0.106081
0.109256
0.109256
0.122901
0.096924
0.105334
0.105334
0.116918
0.108084
0.116494
0.096924
0.105334
0.105334
0.116918
0.108084
0.116494
0.108084
0.116494
0.121431
0.136380
0.159722
0.167385
0.168132
0.178544
0.195026
0.195026
0.202689
0.195026
0.195026
0.202689
0.230379
0.260798
0.119091
0.127501
0.127501
0.139085
0.127501
0.135911
0.139085
0.127501
0.135911
0.139085
0.139085
0.152731
0.189552
0.197962
0.224856
0.224856
0.224856
0.224856
0.260209
0.153831
0.162241
0.162241
0.173826
0.259596
0.153831
0.162241
0.162241
0.173826
0.259596
0.188625
0.197035
1.112436
1.119444
1.120099
1.130146
1.120099
1.127762
1.130146
1.120846
1.127854
1.131258
1.131258
1.143180
1.101223
1.109633
1.109633
1.121217
1.109633
1.118043
1.121217
1.109633
1.118043
1.121217
1.121217
1.134863
1.179588
1.187998
0.153831
0.162241
0.162241
0.173826
0.224292
0.259596
0.188625
0.197035
0.223472
1.179588
1.187998
0.128824
0.136487
0.137234
0.136487
0.147646
0.136487
0.144150
0.135832
0.144242
0.146534
0.136487
0.144150
0.147646
0.146534
0.159568
0.259993
1.039756
1.047419
1.048166
1.047419
1.058579
1.047419
1.055082
1.046764
1.055174
1.057466
1.047419
1.055082
1.058579
1.057466
1.070500
1.048166
1.055829
1.055174
1.055829
1.065876
1.058579
1.066242
1.059751
1.066759
1.058579
1.066242
1.071926
1.046764
1.055174
1.054427
1.054427
1.065587
1.055174
1.062837
1.066759
1.065587
1.078934
1.057466
1.065129
1.047419
1.055082
1.055829
1.055082
1.066242
1.055082
1.062745
1.054427
1.062837
1.065129
1.055082
1.062745
1.066242
1.065129
1.078163
1.058579
1.066242
1.065587
1.066242
1.076289
1.051586
1.059996
1.059249
1.059249
1.070409
1.070500
1.078163
1.057466
1.065876
1.065129
1.076289
1.085210
1.056417
1.064827
1.064827
1.076412
1.083581
1.069120
1.077530
1.099401
1.112436
1.120099
1.120846
1.120099
1.131258
1.120099
1.127762
1.119444
1.127854
1.130146
1.120099
1.127762
1.131258
1.130146
1.143180
1.185203
1.192866
1.190818
1.197826
0.153831
0.162241
0.162241
0.173826
0.224292
0.259596
0.188625
0.197035
0.223472
1.179588
1.187998
0.128824
0.136487
0.137234
0.147646
0.135832
0.144242
0.146534
0.136487
0.144150
0.147646
0.140654
0.159568
0.199285
0.206293
0.259993
0.188625
0.197035
0.259086
0.223472
0.223472
0.258371
1.112436
1.120099
1.120846
1.131258
1.119444
1.127854
1.130146
1.120099
1.127762
1.131258
1.124266
1.143180
1.185203
1.192866
1.190818
1.197826
1.179588
1.187998
1.185203
1.192866
1.258056
