1 2 4 5 9 17 24 40 44 64 
3 4 5 9 17 24 40 44 64 
2 4 5 9 18 24 40 44 64 
4 5 9 19 24 40 44 64 
1 4 5 9 17 25 40 44 64 
4 5 9 18 25 40 44 64 
4 5 9 17 26 40 44 64 
1 2 4 5 9 31 40 44 64 
3 4 5 9 31 40 44 64 
2 4 5 9 32 40 44 64 
1 4 5 9 33 40 44 64 
4 5 9 34 40 44 64 
2 4 6 9 17 24 40 44 64 
4 6 9 17 25 40 44 64 
2 4 6 9 31 40 44 64 
4 6 9 33 40 44 64 
1 2 4 9 20 24 40 44 64 
3 4 9 20 24 40 44 64 
1 4 9 20 25 40 44 64 
4 9 20 26 40 44 64 
2 4 9 21 24 40 44 64 
4 9 21 25 40 44 64 
1 2 4 9 35 40 44 64 
3 4 9 35 40 44 64 
1 4 5 10 17 24 40 44 64 
4 6 10 17 24 40 44 64 
4 5 10 18 24 40 44 64 
1 4 10 20 24 40 44 64 
4 10 21 24 40 44 64 
1 4 5 10 31 40 44 64 
4 6 10 31 40 44 64 
4 5 10 32 40 44 64 
1 4 10 35 40 44 64 
1 2 4 13 17 24 40 44 64 
3 4 13 17 24 40 44 64 
2 4 13 18 24 40 44 64 
4 13 19 24 40 44 64 
1 4 13 17 25 40 44 64 
4 13 18 25 40 44 64 
4 13 17 26 40 44 64 
1 2 4 13 31 40 44 64 
3 4 13 31 40 44 64 
2 4 13 32 40 44 64 
1 4 13 33 40 44 64 
4 13 34 40 44 64 
4 14 17 24 40 44 64 
4 14 31 40 44 64 
1 2 4 23 24 40 44 64 
3 4 23 24 40 44 64 
1 4 23 25 40 44 64 
4 23 26 40 44 64 
1 2 4 5 17 27 40 44 64 
2 4 6 17 27 40 44 64 
2 4 5 18 27 40 44 64 
1 2 4 20 27 40 44 64 
2 4 21 27 40 44 64 
3 4 5 17 27 40 44 64 
3 4 20 27 40 44 64 
4 5 19 27 40 44 64 
1 4 5 17 28 40 44 64 
4 6 17 28 40 44 64 
4 5 18 28 40 44 64 
1 4 20 28 40 44 64 
4 21 28 40 44 64 
1 2 4 17 30 40 44 64 
3 4 17 30 40 44 64 
2 4 18 30 40 44 64 
4 19 30 40 44 64 
1 2 4 5 36 40 44 64 
3 4 5 36 40 44 64 
2 4 6 36 40 44 64 
1 2 4 37 40 44 64 
3 4 37 40 44 64 
4 38 40 44 64 
2 4 5 9 17 24 40 45 64 
2 4 13 17 24 40 45 64 
2 4 9 20 24 40 45 64 
2 4 23 24 40 45 64 
2 4 5 17 27 40 45 64 
2 4 20 27 40 45 64 
2 4 17 30 40 45 64 
2 4 5 9 31 40 45 64 
2 4 13 31 40 45 64 
2 4 9 35 40 45 64 
2 4 5 36 40 45 64 
2 4 37 40 45 64 
4 5 10 17 24 40 45 64 
4 10 20 24 40 45 64 
4 5 10 31 40 45 64 
4 10 35 40 45 64 
4 5 9 17 25 40 45 64 
4 13 17 25 40 45 64 
4 9 20 25 40 45 64 
4 23 25 40 45 64 
4 5 17 28 40 45 64 
4 20 28 40 45 64 
4 5 9 33 40 45 64 
4 13 33 40 45 64 
4 5 9 17 24 40 46 64 
4 13 17 24 40 46 64 
4 9 20 24 40 46 64 
4 23 24 40 46 64 
4 5 17 27 40 46 64 
4 20 27 40 46 64 
4 17 30 40 46 64 
4 5 9 31 40 46 64 
4 13 31 40 46 64 
4 9 35 40 46 64 
4 5 36 40 46 64 
4 37 40 46 64 
1 2 4 9 17 24 40 47 64 
3 4 9 17 24 40 47 64 
2 4 9 18 24 40 47 64 
4 9 19 24 40 47 64 
1 4 9 17 25 40 47 64 
4 9 18 25 40 47 64 
4 9 17 26 40 47 64 
1 2 4 9 31 40 47 64 
3 4 9 31 40 47 64 
2 4 9 32 40 47 64 
1 4 9 33 40 47 64 
4 9 34 40 47 64 
1 4 10 17 24 40 47 64 
4 10 18 24 40 47 64 
1 4 10 31 40 47 64 
4 10 32 40 47 64 
1 2 4 17 27 40 47 64 
3 4 17 27 40 47 64 
2 4 18 27 40 47 64 
4 19 27 40 47 64 
1 4 17 28 40 47 64 
4 18 28 40 47 64 
1 2 4 36 40 47 64 
3 4 36 40 47 64 
2 4 9 17 24 40 48 64 
4 10 17 24 40 48 64 
4 9 17 25 40 48 64 
2 4 17 27 40 48 64 
4 17 28 40 48 64 
2 4 9 31 40 48 64 
4 10 31 40 48 64 
4 9 33 40 48 64 
2 4 36 40 48 64 
1 2 4 17 24 40 49 64 
3 4 17 24 40 49 64 
2 4 18 24 40 49 64 
4 19 24 40 49 64 
1 4 17 25 40 49 64 
4 18 25 40 49 64 
4 17 26 40 49 64 
1 2 4 31 40 49 64 
3 4 31 40 49 64 
2 4 32 40 49 64 
1 4 33 40 49 64 
4 34 40 49 64 
1 2 4 5 9 24 40 50 64 
1 4 5 10 24 40 50 64 
1 4 5 9 25 40 50 64 
1 2 4 5 27 40 50 64 
1 4 5 28 40 50 64 
3 4 5 9 24 40 50 64 
3 4 5 27 40 50 64 
4 5 9 26 40 50 64 
2 4 6 9 24 40 50 64 
4 6 10 24 40 50 64 
4 6 9 25 40 50 64 
2 4 6 27 40 50 64 
4 6 28 40 50 64 
1 2 4 13 24 40 50 64 
3 4 13 24 40 50 64 
1 4 13 25 40 50 64 
4 13 26 40 50 64 
4 14 24 40 50 64 
1 2 4 30 40 50 64 
3 4 30 40 50 64 
2 4 5 9 24 40 51 64 
4 5 10 24 40 51 64 
4 5 9 25 40 51 64 
2 4 5 27 40 51 64 
4 5 28 40 51 64 
2 4 13 24 40 51 64 
4 13 25 40 51 64 
2 4 30 40 51 64 
1 2 4 9 24 40 52 64 
1 4 10 24 40 52 64 
1 4 9 25 40 52 64 
1 2 4 27 40 52 64 
1 4 28 40 52 64 
3 4 9 24 40 52 64 
3 4 27 40 52 64 
4 9 26 40 52 64 
2 4 9 24 40 53 64 
4 10 24 40 53 64 
4 9 25 40 53 64 
2 4 27 40 53 64 
4 28 40 53 64 
4 24 40 55 64 
1 4 5 9 17 24 40 44 65 
4 6 9 17 24 40 44 65 
4 5 9 18 24 40 44 65 
1 4 9 20 24 40 44 65 
4 9 21 24 40 44 65 
4 5 9 17 24 40 45 65 
4 9 20 24 40 45 65 
1 4 9 17 24 40 47 65 
4 9 18 24 40 47 65 
4 9 17 24 40 48 65 
1 4 5 9 24 40 50 65 
4 6 9 24 40 50 65 
4 5 9 24 40 51 65 
1 4 9 24 40 52 65 
4 9 24 40 53 65 
1 4 13 17 24 40 44 65 
4 13 18 24 40 44 65 
4 13 17 24 40 45 65 
1 4 13 24 40 50 65 
4 13 24 40 51 65 
1 4 23 24 40 44 65 
4 23 24 40 45 65 
1 4 17 24 40 49 65 
4 18 24 40 49 65 
1 4 5 17 27 40 44 65 
4 6 17 27 40 44 65 
4 5 18 27 40 44 65 
1 4 20 27 40 44 65 
4 21 27 40 44 65 
4 5 17 27 40 45 65 
4 20 27 40 45 65 
1 4 17 27 40 47 65 
4 18 27 40 47 65 
4 17 27 40 48 65 
1 4 5 27 40 50 65 
4 6 27 40 50 65 
4 5 27 40 51 65 
1 4 27 40 52 65 
4 27 40 53 65 
1 4 17 30 40 44 65 
4 18 30 40 44 65 
4 17 30 40 45 65 
1 4 30 40 50 65 
4 30 40 51 65 
1 4 5 9 31 40 44 65 
4 6 9 31 40 44 65 
4 5 9 31 40 45 65 
1 4 9 31 40 47 65 
4 9 31 40 48 65 
1 4 13 31 40 44 65 
4 13 31 40 45 65 
1 4 31 40 49 65 
4 5 9 32 40 44 65 
4 13 32 40 44 65 
4 9 32 40 47 65 
4 32 40 49 65 
1 4 9 35 40 44 65 
4 9 35 40 45 65 
1 4 5 36 40 44 65 
4 6 36 40 44 65 
4 5 36 40 45 65 
1 4 36 40 47 65 
4 36 40 48 65 
1 4 37 40 44 65 
4 37 40 45 65 
4 5 9 17 24 40 44 66 
4 13 17 24 40 44 66 
4 9 20 24 40 44 66 
4 23 24 40 44 66 
4 5 17 27 40 44 66 
4 20 27 40 44 66 
4 17 30 40 44 66 
4 5 9 31 40 44 66 
4 13 31 40 44 66 
4 9 35 40 44 66 
4 5 36 40 44 66 
4 37 40 44 66 
4 9 17 24 40 47 66 
4 17 27 40 47 66 
4 9 31 40 47 66 
4 36 40 47 66 
4 17 24 40 49 66 
4 31 40 49 66 
4 5 9 24 40 50 66 
4 13 24 40 50 66 
4 5 27 40 50 66 
4 30 40 50 66 
4 9 24 40 52 66 
4 27 40 52 66 
1 2 4 5 17 24 40 44 67 
2 4 6 17 24 40 44 67 
2 4 5 18 24 40 44 67 
1 2 4 20 24 40 44 67 
2 4 21 24 40 44 67 
2 4 5 17 24 40 45 67 
2 4 20 24 40 45 67 
1 2 4 17 24 40 47 67 
2 4 18 24 40 47 67 
2 4 17 24 40 48 67 
1 2 4 5 24 40 50 67 
2 4 6 24 40 50 67 
2 4 5 24 40 51 67 
1 2 4 24 40 52 67 
2 4 24 40 53 67 
3 4 5 17 24 40 44 67 
3 4 20 24 40 44 67 
3 4 17 24 40 47 67 
3 4 5 24 40 50 67 
3 4 24 40 52 67 
4 5 19 24 40 44 67 
4 19 24 40 47 67 
4 5 17 24 40 46 67 
4 20 24 40 46 67 
1 4 5 17 25 40 44 67 
4 6 17 25 40 44 67 
4 5 18 25 40 44 67 
1 4 20 25 40 44 67 
4 21 25 40 44 67 
4 5 17 25 40 45 67 
4 20 25 40 45 67 
1 4 17 25 40 47 67 
4 18 25 40 47 67 
4 17 25 40 48 67 
1 4 5 25 40 50 67 
4 6 25 40 50 67 
4 5 25 40 51 67 
1 4 25 40 52 67 
4 25 40 53 67 
4 5 17 26 40 44 67 
4 20 26 40 44 67 
4 17 26 40 47 67 
4 5 26 40 50 67 
4 26 40 52 67 
1 2 4 5 31 40 44 67 
2 4 6 31 40 44 67 
2 4 5 31 40 45 67 
1 2 4 31 40 47 67 
2 4 31 40 48 67 
3 4 5 31 40 44 67 
3 4 31 40 47 67 
4 5 31 40 46 67 
2 4 5 32 40 44 67 
2 4 32 40 47 67 
1 4 5 33 40 44 67 
4 6 33 40 44 67 
4 5 33 40 45 67 
1 4 33 40 47 67 
4 33 40 48 67 
4 5 34 40 44 67 
4 34 40 47 67 
1 2 4 35 40 44 67 
3 4 35 40 44 67 
2 4 35 40 45 67 
4 35 40 46 67 
1 4 5 17 24 40 44 68 
4 6 17 24 40 44 68 
4 5 18 24 40 44 68 
1 4 20 24 40 44 68 
4 21 24 40 44 68 
4 5 17 24 40 45 68 
4 20 24 40 45 68 
1 4 17 24 40 47 68 
4 18 24 40 47 68 
4 17 24 40 48 68 
1 4 5 24 40 50 68 
4 6 24 40 50 68 
4 5 24 40 51 68 
1 4 24 40 52 68 
4 24 40 53 68 
1 4 5 31 40 44 68 
4 6 31 40 44 68 
4 5 31 40 45 68 
1 4 31 40 47 68 
4 31 40 48 68 
4 5 32 40 44 68 
4 32 40 47 68 
1 4 35 40 44 68 
4 35 40 45 68 
1 2 4 17 24 40 44 69 
3 4 17 24 40 44 69 
2 4 18 24 40 44 69 
4 19 24 40 44 69 
1 4 17 25 40 44 69 
4 18 25 40 44 69 
4 17 26 40 44 69 
1 2 4 31 40 44 69 
3 4 31 40 44 69 
2 4 32 40 44 69 
1 4 33 40 44 69 
4 34 40 44 69 
2 4 17 24 40 45 69 
4 17 25 40 45 69 
2 4 31 40 45 69 
4 33 40 45 69 
4 17 24 40 46 69 
4 31 40 46 69 
1 2 4 24 40 50 69 
3 4 24 40 50 69 
1 4 25 40 50 69 
4 26 40 50 69 
2 4 24 40 51 69 
4 25 40 51 69 
1 2 4 5 9 17 40 44 70 
2 4 6 9 17 40 44 70 
2 4 5 9 18 40 44 70 
1 2 4 9 20 40 44 70 
2 4 9 21 40 44 70 
2 4 5 9 17 40 45 70 
2 4 9 20 40 45 70 
1 2 4 9 17 40 47 70 
2 4 9 18 40 47 70 
2 4 9 17 40 48 70 
1 2 4 5 9 40 50 70 
2 4 6 9 40 50 70 
2 4 5 9 40 51 70 
1 2 4 9 40 52 70 
2 4 9 40 53 70 
3 4 5 9 17 40 44 70 
3 4 9 20 40 44 70 
3 4 9 17 40 47 70 
3 4 5 9 40 50 70 
3 4 9 40 52 70 
4 5 9 19 40 44 70 
4 9 19 40 47 70 
4 5 9 17 40 46 70 
4 9 20 40 46 70 
1 4 5 10 17 40 44 70 
4 6 10 17 40 44 70 
4 5 10 18 40 44 70 
1 4 10 20 40 44 70 
4 10 21 40 44 70 
4 5 10 17 40 45 70 
4 10 20 40 45 70 
1 4 10 17 40 47 70 
4 10 18 40 47 70 
4 10 17 40 48 70 
1 4 5 10 40 50 70 
4 6 10 40 50 70 
4 5 10 40 51 70 
1 4 10 40 52 70 
4 10 40 53 70 
1 2 4 13 17 40 44 70 
2 4 13 18 40 44 70 
2 4 13 17 40 45 70 
1 2 4 13 40 50 70 
2 4 13 40 51 70 
3 4 13 17 40 44 70 
3 4 13 40 50 70 
4 13 19 40 44 70 
4 13 17 40 46 70 
4 14 17 40 44 70 
4 14 40 50 70 
1 2 4 23 40 44 70 
3 4 23 40 44 70 
2 4 23 40 45 70 
4 23 40 46 70 
1 2 4 17 40 49 70 
3 4 17 40 49 70 
2 4 18 40 49 70 
4 19 40 49 70 
4 40 55 70 
1 4 5 9 17 40 44 71 
4 6 9 17 40 44 71 
4 5 9 18 40 44 71 
1 4 9 20 40 44 71 
4 9 21 40 44 71 
4 5 9 17 40 45 71 
4 9 20 40 45 71 
1 4 9 17 40 47 71 
4 9 18 40 47 71 
4 9 17 40 48 71 
1 4 5 9 40 50 71 
4 6 9 40 50 71 
4 5 9 40 51 71 
1 4 9 40 52 71 
4 9 40 53 71 
1 4 13 17 40 44 71 
4 13 18 40 44 71 
4 13 17 40 45 71 
1 4 13 40 50 71 
4 13 40 51 71 
1 4 23 40 44 71 
4 23 40 45 71 
1 4 17 40 49 71 
4 18 40 49 71 
1 2 4 5 17 40 44 72 
2 4 6 17 40 44 72 
2 4 5 18 40 44 72 
1 2 4 20 40 44 72 
2 4 21 40 44 72 
2 4 5 17 40 45 72 
2 4 20 40 45 72 
1 2 4 17 40 47 72 
2 4 18 40 47 72 
2 4 17 40 48 72 
1 2 4 5 40 50 72 
2 4 6 40 50 72 
2 4 5 40 51 72 
1 2 4 40 52 72 
2 4 40 53 72 
3 4 5 17 40 44 72 
3 4 20 40 44 72 
3 4 17 40 47 72 
3 4 5 40 50 72 
3 4 40 52 72 
4 5 19 40 44 72 
4 19 40 47 72 
4 5 17 40 46 72 
4 20 40 46 72 
1 4 5 17 40 44 73 
4 6 17 40 44 73 
4 5 18 40 44 73 
1 4 20 40 44 73 
4 21 40 44 73 
4 5 17 40 45 73 
4 20 40 45 73 
1 4 17 40 47 73 
4 18 40 47 73 
4 17 40 48 73 
1 4 5 40 50 73 
4 6 40 50 73 
4 5 40 51 73 
1 4 40 52 73 
4 40 53 73 
4 17 40 44 75 
4 40 50 75 
1 2 4 5 9 17 24 40 84 
3 4 5 9 17 24 40 84 
2 4 5 9 18 24 40 84 
4 5 9 19 24 40 84 
1 4 5 9 17 25 40 84 
4 5 9 18 25 40 84 
4 5 9 17 26 40 84 
1 2 4 5 9 31 40 84 
3 4 5 9 31 40 84 
2 4 5 9 32 40 84 
1 4 5 9 33 40 84 
4 5 9 34 40 84 
2 4 6 9 17 24 40 84 
4 6 9 17 25 40 84 
2 4 6 9 31 40 84 
4 6 9 33 40 84 
1 2 4 9 20 24 40 84 
3 4 9 20 24 40 84 
1 4 9 20 25 40 84 
4 9 20 26 40 84 
2 4 9 21 24 40 84 
4 9 21 25 40 84 
1 2 4 9 35 40 84 
3 4 9 35 40 84 
1 4 5 10 17 24 40 84 
4 6 10 17 24 40 84 
4 5 10 18 24 40 84 
1 4 10 20 24 40 84 
4 10 21 24 40 84 
1 4 5 10 31 40 84 
4 6 10 31 40 84 
4 5 10 32 40 84 
1 4 10 35 40 84 
1 2 4 13 17 24 40 84 
3 4 13 17 24 40 84 
2 4 13 18 24 40 84 
4 13 19 24 40 84 
1 4 13 17 25 40 84 
4 13 18 25 40 84 
4 13 17 26 40 84 
1 2 4 13 31 40 84 
3 4 13 31 40 84 
2 4 13 32 40 84 
1 4 13 33 40 84 
4 13 34 40 84 
4 14 17 24 40 84 
4 14 31 40 84 
1 2 4 23 24 40 84 
3 4 23 24 40 84 
1 4 23 25 40 84 
4 23 26 40 84 
1 2 4 5 17 27 40 84 
2 4 6 17 27 40 84 
2 4 5 18 27 40 84 
1 2 4 20 27 40 84 
2 4 21 27 40 84 
3 4 5 17 27 40 84 
3 4 20 27 40 84 
4 5 19 27 40 84 
1 4 5 17 28 40 84 
4 6 17 28 40 84 
4 5 18 28 40 84 
1 4 20 28 40 84 
4 21 28 40 84 
1 2 4 17 30 40 84 
3 4 17 30 40 84 
2 4 18 30 40 84 
4 19 30 40 84 
1 2 4 5 36 40 84 
3 4 5 36 40 84 
2 4 6 36 40 84 
1 2 4 37 40 84 
3 4 37 40 84 
4 38 40 84 
2 4 5 9 17 24 40 85 
2 4 13 17 24 40 85 
2 4 9 20 24 40 85 
2 4 23 24 40 85 
2 4 5 17 27 40 85 
2 4 20 27 40 85 
2 4 17 30 40 85 
2 4 5 9 31 40 85 
2 4 13 31 40 85 
2 4 9 35 40 85 
2 4 5 36 40 85 
2 4 37 40 85 
4 5 10 17 24 40 85 
4 10 20 24 40 85 
4 5 10 31 40 85 
4 10 35 40 85 
4 5 9 17 25 40 85 
4 13 17 25 40 85 
4 9 20 25 40 85 
4 23 25 40 85 
4 5 17 28 40 85 
4 20 28 40 85 
4 5 9 33 40 85 
4 13 33 40 85 
1 4 5 9 17 24 40 86 
1 4 13 17 24 40 86 
1 4 9 20 24 40 86 
1 4 23 24 40 86 
1 4 5 17 27 40 86 
1 4 20 27 40 86 
1 4 17 30 40 86 
1 4 5 9 31 40 86 
1 4 13 31 40 86 
1 4 9 35 40 86 
1 4 5 36 40 86 
1 4 37 40 86 
4 6 9 17 24 40 86 
4 6 17 27 40 86 
4 6 9 31 40 86 
4 6 36 40 86 
4 5 9 18 24 40 86 
4 13 18 24 40 86 
4 5 18 27 40 86 
4 18 30 40 86 
4 9 21 24 40 86 
4 21 27 40 86 
4 5 9 32 40 86 
4 13 32 40 86 
4 5 9 17 24 40 87 
4 13 17 24 40 87 
4 9 20 24 40 87 
4 23 24 40 87 
4 5 17 27 40 87 
4 20 27 40 87 
4 17 30 40 87 
4 5 9 31 40 87 
4 13 31 40 87 
4 9 35 40 87 
4 5 36 40 87 
4 37 40 87 
1 2 4 9 17 24 40 88 
3 4 9 17 24 40 88 
2 4 9 18 24 40 88 
4 9 19 24 40 88 
1 4 9 17 25 40 88 
4 9 18 25 40 88 
4 9 17 26 40 88 
1 2 4 9 31 40 88 
3 4 9 31 40 88 
2 4 9 32 40 88 
1 4 9 33 40 88 
4 9 34 40 88 
1 4 10 17 24 40 88 
4 10 18 24 40 88 
1 4 10 31 40 88 
4 10 32 40 88 
1 2 4 17 27 40 88 
3 4 17 27 40 88 
2 4 18 27 40 88 
4 19 27 40 88 
1 4 17 28 40 88 
4 18 28 40 88 
1 2 4 36 40 88 
3 4 36 40 88 
1 2 4 5 17 24 40 89 
3 4 5 17 24 40 89 
2 4 5 18 24 40 89 
4 5 19 24 40 89 
1 4 5 17 25 40 89 
4 5 18 25 40 89 
4 5 17 26 40 89 
1 2 4 5 31 40 89 
3 4 5 31 40 89 
2 4 5 32 40 89 
1 4 5 33 40 89 
4 5 34 40 89 
2 4 6 17 24 40 89 
4 6 17 25 40 89 
2 4 6 31 40 89 
4 6 33 40 89 
1 2 4 20 24 40 89 
3 4 20 24 40 89 
1 4 20 25 40 89 
4 20 26 40 89 
2 4 21 24 40 89 
4 21 25 40 89 
1 2 4 35 40 89 
3 4 35 40 89 
1 2 4 17 24 40 90 
3 4 17 24 40 90 
2 4 18 24 40 90 
4 19 24 40 90 
1 4 17 25 40 90 
4 18 25 40 90 
4 17 26 40 90 
1 2 4 31 40 90 
3 4 31 40 90 
2 4 32 40 90 
1 4 33 40 90 
4 34 40 90 
4 17 24 40 91 
4 31 40 91 
1 2 4 5 9 40 92 
3 4 5 9 40 92 
2 4 6 9 40 92 
1 4 5 10 40 92 
4 6 10 40 92 
1 2 4 13 40 92 
3 4 13 40 92 
4 14 40 92 
4 5 9 40 93 
4 13 40 93 
2 4 9 40 95 
4 10 40 95 
1 4 5 40 96 
4 6 40 96 
1 2 4 40 97 
3 4 40 97 
4 40 98 
1 2 7 9 17 24 40 44 64 
3 7 9 17 24 40 44 64 
2 7 9 18 24 40 44 64 
7 9 19 24 40 44 64 
1 7 9 17 25 40 44 64 
7 9 18 25 40 44 64 
7 9 17 26 40 44 64 
1 2 7 9 31 40 44 64 
3 7 9 31 40 44 64 
2 7 9 32 40 44 64 
1 7 9 33 40 44 64 
7 9 34 40 44 64 
2 7 9 17 24 40 45 64 
7 9 17 25 40 45 64 
2 7 9 31 40 45 64 
7 9 33 40 45 64 
7 9 17 24 40 46 64 
7 9 31 40 46 64 
1 2 7 9 24 40 50 64 
3 7 9 24 40 50 64 
1 7 9 25 40 50 64 
7 9 26 40 50 64 
2 7 9 24 40 51 64 
7 9 25 40 51 64 
1 7 9 17 24 40 44 65 
7 9 18 24 40 44 65 
7 9 17 24 40 45 65 
1 7 9 24 40 50 65 
7 9 24 40 51 65 
1 7 9 31 40 44 65 
7 9 31 40 45 65 
7 9 32 40 44 65 
7 9 17 24 40 44 66 
7 9 31 40 44 66 
7 9 24 40 50 66 
1 2 7 9 17 40 44 70 
2 7 9 18 40 44 70 
2 7 9 17 40 45 70 
1 2 7 9 40 50 70 
2 7 9 40 51 70 
3 7 9 17 40 44 70 
3 7 9 40 50 70 
7 9 19 40 44 70 
7 9 17 40 46 70 
1 7 9 17 40 44 71 
7 9 18 40 44 71 
7 9 17 40 45 71 
1 7 9 40 50 71 
7 9 40 51 71 
1 2 7 9 17 24 40 84 
3 7 9 17 24 40 84 
2 7 9 18 24 40 84 
7 9 19 24 40 84 
1 7 9 17 25 40 84 
7 9 18 25 40 84 
7 9 17 26 40 84 
1 2 7 9 31 40 84 
3 7 9 31 40 84 
2 7 9 32 40 84 
1 7 9 33 40 84 
7 9 34 40 84 
2 7 9 17 24 40 85 
7 9 17 25 40 85 
2 7 9 31 40 85 
7 9 33 40 85 
1 7 9 17 24 40 86 
7 9 18 24 40 86 
1 7 9 31 40 86 
7 9 32 40 86 
7 9 17 24 40 87 
7 9 31 40 87 
1 2 7 9 40 92 
3 7 9 40 92 
7 9 40 93 
1 7 10 17 24 40 44 64 
7 10 18 24 40 44 64 
7 10 17 24 40 45 64 
1 7 10 24 40 50 64 
7 10 24 40 51 64 
1 7 10 31 40 44 64 
7 10 31 40 45 64 
7 10 32 40 44 64 
1 7 10 17 40 44 70 
7 10 18 40 44 70 
7 10 17 40 45 70 
1 7 10 40 50 70 
7 10 40 51 70 
1 7 10 17 24 40 84 
7 10 18 24 40 84 
1 7 10 31 40 84 
7 10 32 40 84 
7 10 17 24 40 85 
7 10 31 40 85 
1 7 10 40 92 
1 2 7 17 27 40 44 64 
3 7 17 27 40 44 64 
2 7 17 27 40 45 64 
7 17 27 40 46 64 
1 7 17 27 40 44 65 
7 17 27 40 45 65 
7 17 27 40 44 66 
1 2 7 17 27 40 84 
3 7 17 27 40 84 
2 7 17 27 40 85 
1 7 17 27 40 86 
7 17 27 40 87 
2 7 18 27 40 44 64 
7 18 27 40 44 65 
2 7 18 27 40 84 
7 18 27 40 86 
7 19 27 40 44 64 
7 19 27 40 84 
1 2 7 27 40 50 64 
3 7 27 40 50 64 
1 7 27 40 50 65 
7 27 40 50 66 
2 7 27 40 51 64 
7 27 40 51 65 
1 7 17 28 40 44 64 
7 18 28 40 44 64 
7 17 28 40 45 64 
1 7 28 40 50 64 
7 28 40 51 64 
1 7 17 28 40 84 
7 18 28 40 84 
7 17 28 40 85 
1 2 7 36 40 44 64 
3 7 36 40 44 64 
2 7 36 40 45 64 
7 36 40 46 64 
1 7 36 40 44 65 
7 36 40 45 65 
7 36 40 44 66 
1 2 7 36 40 84 
3 7 36 40 84 
2 7 36 40 85 
1 7 36 40 86 
7 36 40 87 
1 2 7 17 24 40 44 67 
3 7 17 24 40 44 67 
2 7 18 24 40 44 67 
7 19 24 40 44 67 
1 7 17 25 40 44 67 
7 18 25 40 44 67 
7 17 26 40 44 67 
1 2 7 31 40 44 67 
3 7 31 40 44 67 
2 7 32 40 44 67 
1 7 33 40 44 67 
7 34 40 44 67 
2 7 17 24 40 45 67 
7 17 25 40 45 67 
2 7 31 40 45 67 
7 33 40 45 67 
7 17 24 40 46 67 
7 31 40 46 67 
1 2 7 24 40 50 67 
3 7 24 40 50 67 
1 7 25 40 50 67 
7 26 40 50 67 
2 7 24 40 51 67 
7 25 40 51 67 
1 7 17 24 40 44 68 
7 18 24 40 44 68 
7 17 24 40 45 68 
1 7 24 40 50 68 
7 24 40 51 68 
1 7 31 40 44 68 
7 31 40 45 68 
7 32 40 44 68 
1 2 7 17 40 44 72 
2 7 18 40 44 72 
2 7 17 40 45 72 
1 2 7 40 50 72 
2 7 40 51 72 
3 7 17 40 44 72 
3 7 40 50 72 
7 19 40 44 72 
7 17 40 46 72 
1 7 17 40 44 73 
7 18 40 44 73 
7 17 40 45 73 
1 7 40 50 73 
7 40 51 73 
1 2 7 17 24 40 89 
3 7 17 24 40 89 
2 7 18 24 40 89 
7 19 24 40 89 
1 7 17 25 40 89 
7 18 25 40 89 
7 17 26 40 89 
1 2 7 31 40 89 
3 7 31 40 89 
2 7 32 40 89 
1 7 33 40 89 
7 34 40 89 
1 7 40 96 
2 8 9 17 24 40 44 64 
8 10 17 24 40 44 64 
8 9 17 25 40 44 64 
2 8 17 27 40 44 64 
8 17 28 40 44 64 
8 9 17 24 40 44 65 
8 17 27 40 44 65 
2 8 17 24 40 44 67 
8 17 25 40 44 67 
8 17 24 40 44 68 
2 8 9 17 40 44 70 
8 10 17 40 44 70 
8 9 17 40 44 71 
2 8 17 40 44 72 
8 17 40 44 73 
2 8 9 31 40 44 64 
8 10 31 40 44 64 
8 9 31 40 44 65 
2 8 31 40 44 67 
8 31 40 44 68 
8 9 33 40 44 64 
8 33 40 44 67 
2 8 36 40 44 64 
8 36 40 44 65 
2 8 9 24 40 50 64 
8 10 24 40 50 64 
8 9 25 40 50 64 
2 8 27 40 50 64 
8 28 40 50 64 
8 9 24 40 50 65 
8 27 40 50 65 
2 8 24 40 50 67 
8 25 40 50 67 
8 24 40 50 68 
2 8 9 40 50 70 
8 10 40 50 70 
8 9 40 50 71 
2 8 40 50 72 
8 40 50 73 
2 8 9 17 24 40 84 
8 10 17 24 40 84 
8 9 17 25 40 84 
2 8 17 27 40 84 
8 17 28 40 84 
2 8 9 31 40 84 
8 10 31 40 84 
8 9 33 40 84 
2 8 36 40 84 
8 9 17 24 40 86 
8 17 27 40 86 
8 9 31 40 86 
8 36 40 86 
2 8 17 24 40 89 
8 17 25 40 89 
2 8 31 40 89 
8 33 40 89 
2 8 9 40 92 
8 10 40 92 
8 40 96 
1 2 5 11 17 24 40 44 64 
3 5 11 17 24 40 44 64 
2 5 11 18 24 40 44 64 
5 11 19 24 40 44 64 
1 5 11 17 25 40 44 64 
5 11 18 25 40 44 64 
5 11 17 26 40 44 64 
1 2 5 11 31 40 44 64 
3 5 11 31 40 44 64 
2 5 11 32 40 44 64 
1 5 11 33 40 44 64 
5 11 34 40 44 64 
2 5 11 17 24 40 45 64 
5 11 17 25 40 45 64 
2 5 11 31 40 45 64 
5 11 33 40 45 64 
5 11 17 24 40 46 64 
5 11 31 40 46 64 
1 2 5 11 24 40 50 64 
3 5 11 24 40 50 64 
1 5 11 25 40 50 64 
5 11 26 40 50 64 
2 5 11 24 40 51 64 
5 11 25 40 51 64 
1 5 11 17 24 40 44 65 
5 11 18 24 40 44 65 
5 11 17 24 40 45 65 
1 5 11 24 40 50 65 
5 11 24 40 51 65 
1 5 11 31 40 44 65 
5 11 31 40 45 65 
5 11 32 40 44 65 
5 11 17 24 40 44 66 
5 11 31 40 44 66 
5 11 24 40 50 66 
1 2 5 11 17 40 44 70 
2 5 11 18 40 44 70 
2 5 11 17 40 45 70 
1 2 5 11 40 50 70 
2 5 11 40 51 70 
3 5 11 17 40 44 70 
3 5 11 40 50 70 
5 11 19 40 44 70 
5 11 17 40 46 70 
1 5 11 17 40 44 71 
5 11 18 40 44 71 
5 11 17 40 45 71 
1 5 11 40 50 71 
5 11 40 51 71 
1 2 5 11 17 24 40 84 
3 5 11 17 24 40 84 
2 5 11 18 24 40 84 
5 11 19 24 40 84 
1 5 11 17 25 40 84 
5 11 18 25 40 84 
5 11 17 26 40 84 
1 2 5 11 31 40 84 
3 5 11 31 40 84 
2 5 11 32 40 84 
1 5 11 33 40 84 
5 11 34 40 84 
2 5 11 17 24 40 85 
5 11 17 25 40 85 
2 5 11 31 40 85 
5 11 33 40 85 
1 5 11 17 24 40 86 
5 11 18 24 40 86 
1 5 11 31 40 86 
5 11 32 40 86 
5 11 17 24 40 87 
5 11 31 40 87 
1 2 5 11 40 92 
3 5 11 40 92 
5 11 40 93 
2 6 11 17 24 40 44 64 
6 11 17 25 40 44 64 
6 11 17 24 40 44 65 
2 6 11 17 40 44 70 
6 11 17 40 44 71 
2 6 11 31 40 44 64 
6 11 31 40 44 65 
6 11 33 40 44 64 
2 6 11 24 40 50 64 
6 11 25 40 50 64 
6 11 24 40 50 65 
2 6 11 40 50 70 
6 11 40 50 71 
2 6 11 17 24 40 84 
6 11 17 25 40 84 
2 6 11 31 40 84 
6 11 33 40 84 
6 11 17 24 40 86 
6 11 31 40 86 
2 6 11 40 92 
1 2 11 20 24 40 44 64 
3 11 20 24 40 44 64 
2 11 20 24 40 45 64 
11 20 24 40 46 64 
1 11 20 24 40 44 65 
11 20 24 40 45 65 
11 20 24 40 44 66 
1 2 11 20 24 40 84 
3 11 20 24 40 84 
2 11 20 24 40 85 
1 11 20 24 40 86 
11 20 24 40 87 
1 11 20 25 40 44 64 
11 20 25 40 45 64 
1 11 20 25 40 84 
11 20 25 40 85 
11 20 26 40 44 64 
11 20 26 40 84 
1 2 11 20 40 44 70 
3 11 20 40 44 70 
2 11 20 40 45 70 
11 20 40 46 70 
1 11 20 40 44 71 
11 20 40 45 71 
2 11 21 24 40 44 64 
11 21 25 40 44 64 
11 21 24 40 44 65 
2 11 21 40 44 70 
11 21 40 44 71 
2 11 21 24 40 84 
11 21 25 40 84 
11 21 24 40 86 
1 2 11 35 40 44 64 
3 11 35 40 44 64 
2 11 35 40 45 64 
11 35 40 46 64 
1 11 35 40 44 65 
11 35 40 45 65 
11 35 40 44 66 
1 2 11 35 40 84 
3 11 35 40 84 
2 11 35 40 85 
1 11 35 40 86 
11 35 40 87 
1 2 11 17 24 40 47 64 
3 11 17 24 40 47 64 
2 11 18 24 40 47 64 
11 19 24 40 47 64 
1 11 17 25 40 47 64 
11 18 25 40 47 64 
11 17 26 40 47 64 
1 2 11 31 40 47 64 
3 11 31 40 47 64 
2 11 32 40 47 64 
1 11 33 40 47 64 
11 34 40 47 64 
1 11 17 24 40 47 65 
11 18 24 40 47 65 
1 11 31 40 47 65 
11 32 40 47 65 
11 17 24 40 47 66 
11 31 40 47 66 
1 2 11 17 40 47 70 
3 11 17 40 47 70 
2 11 18 40 47 70 
11 19 40 47 70 
1 11 17 40 47 71 
11 18 40 47 71 
2 11 17 24 40 48 64 
11 17 25 40 48 64 
11 17 24 40 48 65 
2 11 17 40 48 70 
11 17 40 48 71 
2 11 31 40 48 64 
11 31 40 48 65 
11 33 40 48 64 
1 2 11 24 40 52 64 
1 11 25 40 52 64 
1 11 24 40 52 65 
1 2 11 40 52 70 
1 11 40 52 71 
3 11 24 40 52 64 
3 11 40 52 70 
11 26 40 52 64 
11 24 40 52 66 
2 11 24 40 53 64 
11 25 40 53 64 
11 24 40 53 65 
2 11 40 53 70 
11 40 53 71 
1 2 11 17 24 40 88 
3 11 17 24 40 88 
2 11 18 24 40 88 
11 19 24 40 88 
1 11 17 25 40 88 
11 18 25 40 88 
11 17 26 40 88 
1 2 11 31 40 88 
3 11 31 40 88 
2 11 32 40 88 
1 11 33 40 88 
11 34 40 88 
2 11 40 95 
1 5 12 17 24 40 44 64 
6 12 17 24 40 44 64 
5 12 18 24 40 44 64 
1 12 20 24 40 44 64 
12 21 24 40 44 64 
5 12 17 24 40 45 64 
12 20 24 40 45 64 
1 12 17 24 40 47 64 
12 18 24 40 47 64 
12 17 24 40 48 64 
1 5 12 24 40 50 64 
6 12 24 40 50 64 
5 12 24 40 51 64 
1 12 24 40 52 64 
12 24 40 53 64 
1 5 12 31 40 44 64 
6 12 31 40 44 64 
5 12 31 40 45 64 
1 12 31 40 47 64 
12 31 40 48 64 
5 12 32 40 44 64 
12 32 40 47 64 
1 12 35 40 44 64 
12 35 40 45 64 
1 5 12 17 40 44 70 
6 12 17 40 44 70 
5 12 18 40 44 70 
1 12 20 40 44 70 
12 21 40 44 70 
5 12 17 40 45 70 
12 20 40 45 70 
1 12 17 40 47 70 
12 18 40 47 70 
12 17 40 48 70 
1 5 12 40 50 70 
6 12 40 50 70 
5 12 40 51 70 
1 12 40 52 70 
12 40 53 70 
1 5 12 17 24 40 84 
6 12 17 24 40 84 
5 12 18 24 40 84 
1 12 20 24 40 84 
12 21 24 40 84 
1 5 12 31 40 84 
6 12 31 40 84 
5 12 32 40 84 
1 12 35 40 84 
5 12 17 24 40 85 
12 20 24 40 85 
5 12 31 40 85 
12 35 40 85 
1 12 17 24 40 88 
12 18 24 40 88 
1 12 31 40 88 
12 32 40 88 
1 5 12 40 92 
6 12 40 92 
12 40 95 
1 2 15 17 24 40 44 64 
3 15 17 24 40 44 64 
2 15 18 24 40 44 64 
15 19 24 40 44 64 
1 15 17 25 40 44 64 
15 18 25 40 44 64 
15 17 26 40 44 64 
1 2 15 31 40 44 64 
3 15 31 40 44 64 
2 15 32 40 44 64 
1 15 33 40 44 64 
15 34 40 44 64 
2 15 17 24 40 45 64 
15 17 25 40 45 64 
2 15 31 40 45 64 
15 33 40 45 64 
15 17 24 40 46 64 
15 31 40 46 64 
1 2 15 24 40 50 64 
3 15 24 40 50 64 
1 15 25 40 50 64 
15 26 40 50 64 
2 15 24 40 51 64 
15 25 40 51 64 
1 15 17 24 40 44 65 
15 18 24 40 44 65 
15 17 24 40 45 65 
1 15 24 40 50 65 
15 24 40 51 65 
1 15 31 40 44 65 
15 31 40 45 65 
15 32 40 44 65 
15 17 24 40 44 66 
15 31 40 44 66 
15 24 40 50 66 
1 2 15 17 40 44 70 
2 15 18 40 44 70 
2 15 17 40 45 70 
1 2 15 40 50 70 
2 15 40 51 70 
3 15 17 40 44 70 
3 15 40 50 70 
15 19 40 44 70 
15 17 40 46 70 
1 15 17 40 44 71 
15 18 40 44 71 
15 17 40 45 71 
1 15 40 50 71 
15 40 51 71 
1 2 15 17 24 40 84 
3 15 17 24 40 84 
2 15 18 24 40 84 
15 19 24 40 84 
1 15 17 25 40 84 
15 18 25 40 84 
15 17 26 40 84 
1 2 15 31 40 84 
3 15 31 40 84 
2 15 32 40 84 
1 15 33 40 84 
15 34 40 84 
2 15 17 24 40 85 
15 17 25 40 85 
2 15 31 40 85 
15 33 40 85 
1 15 17 24 40 86 
15 18 24 40 86 
1 15 31 40 86 
15 32 40 86 
15 17 24 40 87 
15 31 40 87 
1 2 15 40 92 
3 15 40 92 
15 40 93 
16 17 24 40 44 64 
16 31 40 44 64 
16 24 40 50 64 
16 17 40 44 70 
16 40 50 70 
16 17 24 40 84 
16 31 40 84 
16 40 92 
1 2 9 22 24 40 44 64 
1 10 22 24 40 44 64 
1 9 22 25 40 44 64 
1 2 22 27 40 44 64 
1 22 28 40 44 64 
1 9 22 24 40 44 65 
1 22 27 40 44 65 
1 2 22 24 40 44 67 
1 22 25 40 44 67 
1 22 24 40 44 68 
1 2 9 22 40 44 70 
1 10 22 40 44 70 
1 9 22 40 44 71 
1 2 22 40 44 72 
1 22 40 44 73 
3 9 22 24 40 44 64 
3 22 27 40 44 64 
3 22 24 40 44 67 
3 9 22 40 44 70 
3 22 40 44 72 
9 22 26 40 44 64 
22 26 40 44 67 
9 22 24 40 44 66 
22 27 40 44 66 
2 9 22 24 40 45 64 
10 22 24 40 45 64 
9 22 25 40 45 64 
2 22 27 40 45 64 
22 28 40 45 64 
9 22 24 40 45 65 
22 27 40 45 65 
2 22 24 40 45 67 
22 25 40 45 67 
22 24 40 45 68 
2 9 22 40 45 70 
10 22 40 45 70 
9 22 40 45 71 
2 22 40 45 72 
22 40 45 73 
9 22 24 40 46 64 
22 27 40 46 64 
22 24 40 46 67 
9 22 40 46 70 
22 40 46 72 
1 2 9 22 24 40 84 
1 10 22 24 40 84 
1 9 22 25 40 84 
1 2 22 27 40 84 
1 22 28 40 84 
3 9 22 24 40 84 
3 22 27 40 84 
9 22 26 40 84 
2 9 22 24 40 85 
10 22 24 40 85 
9 22 25 40 85 
2 22 27 40 85 
22 28 40 85 
1 9 22 24 40 86 
1 22 27 40 86 
9 22 24 40 87 
22 27 40 87 
1 2 22 24 40 89 
3 22 24 40 89 
1 22 25 40 89 
22 26 40 89 
1 2 5 17 29 40 44 64 
2 6 17 29 40 44 64 
2 5 18 29 40 44 64 
1 2 20 29 40 44 64 
2 21 29 40 44 64 
2 5 17 29 40 45 64 
2 20 29 40 45 64 
1 2 17 29 40 47 64 
2 18 29 40 47 64 
2 17 29 40 48 64 
1 2 5 29 40 50 64 
2 6 29 40 50 64 
2 5 29 40 51 64 
1 2 29 40 52 64 
2 29 40 53 64 
3 5 17 29 40 44 64 
3 20 29 40 44 64 
3 17 29 40 47 64 
3 5 29 40 50 64 
3 29 40 52 64 
5 19 29 40 44 64 
19 29 40 47 64 
5 17 29 40 46 64 
20 29 40 46 64 
1 5 17 29 40 44 65 
6 17 29 40 44 65 
5 18 29 40 44 65 
1 20 29 40 44 65 
21 29 40 44 65 
5 17 29 40 45 65 
20 29 40 45 65 
1 17 29 40 47 65 
18 29 40 47 65 
17 29 40 48 65 
1 5 29 40 50 65 
6 29 40 50 65 
5 29 40 51 65 
1 29 40 52 65 
29 40 53 65 
5 17 29 40 44 66 
20 29 40 44 66 
17 29 40 47 66 
5 29 40 50 66 
29 40 52 66 
1 2 5 17 29 40 84 
2 6 17 29 40 84 
2 5 18 29 40 84 
1 2 20 29 40 84 
2 21 29 40 84 
3 5 17 29 40 84 
3 20 29 40 84 
5 19 29 40 84 
2 5 17 29 40 85 
2 20 29 40 85 
1 5 17 29 40 86 
6 17 29 40 86 
5 18 29 40 86 
1 20 29 40 86 
21 29 40 86 
5 17 29 40 87 
20 29 40 87 
1 2 17 29 40 88 
3 17 29 40 88 
2 18 29 40 88 
19 29 40 88 
1 2 39 40 44 64 
3 39 40 44 64 
2 39 40 45 64 
39 40 46 64 
1 39 40 44 65 
39 40 45 65 
39 40 44 66 
1 2 39 40 84 
3 39 40 84 
2 39 40 85 
1 39 40 86 
39 40 87 
2 9 24 40 54 64 
10 24 40 54 64 
9 25 40 54 64 
2 27 40 54 64 
28 40 54 64 
9 24 40 54 65 
27 40 54 65 
2 24 40 54 67 
25 40 54 67 
24 40 54 68 
2 9 40 54 70 
10 40 54 70 
9 40 54 71 
2 40 54 72 
40 54 73 
24 40 56 64 
40 56 70 
1 5 17 40 44 74 
6 17 40 44 74 
5 18 40 44 74 
1 20 40 44 74 
21 40 44 74 
5 17 40 45 74 
20 40 45 74 
1 17 40 47 74 
18 40 47 74 
17 40 48 74 
1 5 40 50 74 
6 40 50 74 
5 40 51 74 
1 40 52 74 
40 53 74 
17 40 44 76 
40 50 76 
1 2 5 9 40 94 
3 5 9 40 94 
2 6 9 40 94 
1 5 10 40 94 
6 10 40 94 
1 2 13 40 94 
3 13 40 94 
14 40 94 
40 99 
1 2 5 9 17 24 41 44 64 
3 5 9 17 24 41 44 64 
2 5 9 18 24 41 44 64 
5 9 19 24 41 44 64 
1 5 9 17 25 41 44 64 
5 9 18 25 41 44 64 
5 9 17 26 41 44 64 
1 2 5 9 31 41 44 64 
3 5 9 31 41 44 64 
2 5 9 32 41 44 64 
1 5 9 33 41 44 64 
5 9 34 41 44 64 
2 6 9 17 24 41 44 64 
6 9 17 25 41 44 64 
2 6 9 31 41 44 64 
6 9 33 41 44 64 
1 2 9 20 24 41 44 64 
3 9 20 24 41 44 64 
1 9 20 25 41 44 64 
9 20 26 41 44 64 
2 9 21 24 41 44 64 
9 21 25 41 44 64 
1 2 9 35 41 44 64 
3 9 35 41 44 64 
1 5 10 17 24 41 44 64 
6 10 17 24 41 44 64 
5 10 18 24 41 44 64 
1 10 20 24 41 44 64 
10 21 24 41 44 64 
1 5 10 31 41 44 64 
6 10 31 41 44 64 
5 10 32 41 44 64 
1 10 35 41 44 64 
1 2 13 17 24 41 44 64 
3 13 17 24 41 44 64 
2 13 18 24 41 44 64 
13 19 24 41 44 64 
1 13 17 25 41 44 64 
13 18 25 41 44 64 
13 17 26 41 44 64 
1 2 13 31 41 44 64 
3 13 31 41 44 64 
2 13 32 41 44 64 
1 13 33 41 44 64 
13 34 41 44 64 
14 17 24 41 44 64 
14 31 41 44 64 
1 2 23 24 41 44 64 
3 23 24 41 44 64 
1 23 25 41 44 64 
23 26 41 44 64 
1 2 5 17 27 41 44 64 
2 6 17 27 41 44 64 
2 5 18 27 41 44 64 
1 2 20 27 41 44 64 
2 21 27 41 44 64 
3 5 17 27 41 44 64 
3 20 27 41 44 64 
5 19 27 41 44 64 
1 5 17 28 41 44 64 
6 17 28 41 44 64 
5 18 28 41 44 64 
1 20 28 41 44 64 
21 28 41 44 64 
1 2 17 30 41 44 64 
3 17 30 41 44 64 
2 18 30 41 44 64 
19 30 41 44 64 
1 2 5 36 41 44 64 
3 5 36 41 44 64 
2 6 36 41 44 64 
1 2 37 41 44 64 
3 37 41 44 64 
38 41 44 64 
2 5 9 17 24 41 45 64 
2 13 17 24 41 45 64 
2 9 20 24 41 45 64 
2 23 24 41 45 64 
2 5 17 27 41 45 64 
2 20 27 41 45 64 
2 17 30 41 45 64 
2 5 9 31 41 45 64 
2 13 31 41 45 64 
2 9 35 41 45 64 
2 5 36 41 45 64 
2 37 41 45 64 
5 10 17 24 41 45 64 
10 20 24 41 45 64 
5 10 31 41 45 64 
10 35 41 45 64 
5 9 17 25 41 45 64 
13 17 25 41 45 64 
9 20 25 41 45 64 
23 25 41 45 64 
5 17 28 41 45 64 
20 28 41 45 64 
5 9 33 41 45 64 
13 33 41 45 64 
5 9 17 24 41 46 64 
13 17 24 41 46 64 
9 20 24 41 46 64 
23 24 41 46 64 
5 17 27 41 46 64 
20 27 41 46 64 
17 30 41 46 64 
5 9 31 41 46 64 
13 31 41 46 64 
9 35 41 46 64 
5 36 41 46 64 
37 41 46 64 
1 2 9 17 24 41 47 64 
3 9 17 24 41 47 64 
2 9 18 24 41 47 64 
9 19 24 41 47 64 
1 9 17 25 41 47 64 
9 18 25 41 47 64 
9 17 26 41 47 64 
1 2 9 31 41 47 64 
3 9 31 41 47 64 
2 9 32 41 47 64 
1 9 33 41 47 64 
9 34 41 47 64 
1 10 17 24 41 47 64 
10 18 24 41 47 64 
1 10 31 41 47 64 
10 32 41 47 64 
1 2 17 27 41 47 64 
3 17 27 41 47 64 
2 18 27 41 47 64 
19 27 41 47 64 
1 17 28 41 47 64 
18 28 41 47 64 
1 2 36 41 47 64 
3 36 41 47 64 
2 9 17 24 41 48 64 
10 17 24 41 48 64 
9 17 25 41 48 64 
2 17 27 41 48 64 
17 28 41 48 64 
2 9 31 41 48 64 
10 31 41 48 64 
9 33 41 48 64 
2 36 41 48 64 
1 2 17 24 41 49 64 
3 17 24 41 49 64 
2 18 24 41 49 64 
19 24 41 49 64 
1 17 25 41 49 64 
18 25 41 49 64 
17 26 41 49 64 
1 2 31 41 49 64 
3 31 41 49 64 
2 32 41 49 64 
1 33 41 49 64 
34 41 49 64 
1 2 5 9 24 41 50 64 
1 5 10 24 41 50 64 
1 5 9 25 41 50 64 
1 2 5 27 41 50 64 
1 5 28 41 50 64 
3 5 9 24 41 50 64 
3 5 27 41 50 64 
5 9 26 41 50 64 
2 6 9 24 41 50 64 
6 10 24 41 50 64 
6 9 25 41 50 64 
2 6 27 41 50 64 
6 28 41 50 64 
1 2 13 24 41 50 64 
3 13 24 41 50 64 
1 13 25 41 50 64 
13 26 41 50 64 
14 24 41 50 64 
1 2 30 41 50 64 
3 30 41 50 64 
2 5 9 24 41 51 64 
5 10 24 41 51 64 
5 9 25 41 51 64 
2 5 27 41 51 64 
5 28 41 51 64 
2 13 24 41 51 64 
13 25 41 51 64 
2 30 41 51 64 
1 2 9 24 41 52 64 
1 10 24 41 52 64 
1 9 25 41 52 64 
1 2 27 41 52 64 
1 28 41 52 64 
3 9 24 41 52 64 
3 27 41 52 64 
9 26 41 52 64 
2 9 24 41 53 64 
10 24 41 53 64 
9 25 41 53 64 
2 27 41 53 64 
28 41 53 64 
24 41 55 64 
1 5 9 17 24 41 44 65 
6 9 17 24 41 44 65 
5 9 18 24 41 44 65 
1 9 20 24 41 44 65 
9 21 24 41 44 65 
5 9 17 24 41 45 65 
9 20 24 41 45 65 
1 9 17 24 41 47 65 
9 18 24 41 47 65 
9 17 24 41 48 65 
1 5 9 24 41 50 65 
6 9 24 41 50 65 
5 9 24 41 51 65 
1 9 24 41 52 65 
9 24 41 53 65 
1 13 17 24 41 44 65 
13 18 24 41 44 65 
13 17 24 41 45 65 
1 13 24 41 50 65 
13 24 41 51 65 
1 23 24 41 44 65 
23 24 41 45 65 
1 17 24 41 49 65 
18 24 41 49 65 
1 5 17 27 41 44 65 
6 17 27 41 44 65 
5 18 27 41 44 65 
1 20 27 41 44 65 
21 27 41 44 65 
5 17 27 41 45 65 
20 27 41 45 65 
1 17 27 41 47 65 
18 27 41 47 65 
17 27 41 48 65 
1 5 27 41 50 65 
6 27 41 50 65 
5 27 41 51 65 
1 27 41 52 65 
27 41 53 65 
1 17 30 41 44 65 
18 30 41 44 65 
17 30 41 45 65 
1 30 41 50 65 
30 41 51 65 
1 5 9 31 41 44 65 
6 9 31 41 44 65 
5 9 31 41 45 65 
1 9 31 41 47 65 
9 31 41 48 65 
1 13 31 41 44 65 
13 31 41 45 65 
1 31 41 49 65 
5 9 32 41 44 65 
13 32 41 44 65 
9 32 41 47 65 
32 41 49 65 
1 9 35 41 44 65 
9 35 41 45 65 
1 5 36 41 44 65 
6 36 41 44 65 
5 36 41 45 65 
1 36 41 47 65 
36 41 48 65 
1 37 41 44 65 
37 41 45 65 
5 9 17 24 41 44 66 
13 17 24 41 44 66 
9 20 24 41 44 66 
23 24 41 44 66 
5 17 27 41 44 66 
20 27 41 44 66 
17 30 41 44 66 
5 9 31 41 44 66 
13 31 41 44 66 
9 35 41 44 66 
5 36 41 44 66 
37 41 44 66 
9 17 24 41 47 66 
17 27 41 47 66 
9 31 41 47 66 
36 41 47 66 
17 24 41 49 66 
31 41 49 66 
5 9 24 41 50 66 
13 24 41 50 66 
5 27 41 50 66 
30 41 50 66 
9 24 41 52 66 
27 41 52 66 
1 2 5 17 24 41 44 67 
2 6 17 24 41 44 67 
2 5 18 24 41 44 67 
1 2 20 24 41 44 67 
2 21 24 41 44 67 
2 5 17 24 41 45 67 
2 20 24 41 45 67 
1 2 17 24 41 47 67 
2 18 24 41 47 67 
2 17 24 41 48 67 
1 2 5 24 41 50 67 
2 6 24 41 50 67 
2 5 24 41 51 67 
1 2 24 41 52 67 
2 24 41 53 67 
3 5 17 24 41 44 67 
3 20 24 41 44 67 
3 17 24 41 47 67 
3 5 24 41 50 67 
3 24 41 52 67 
5 19 24 41 44 67 
19 24 41 47 67 
5 17 24 41 46 67 
20 24 41 46 67 
1 5 17 25 41 44 67 
6 17 25 41 44 67 
5 18 25 41 44 67 
1 20 25 41 44 67 
21 25 41 44 67 
5 17 25 41 45 67 
20 25 41 45 67 
1 17 25 41 47 67 
18 25 41 47 67 
17 25 41 48 67 
1 5 25 41 50 67 
6 25 41 50 67 
5 25 41 51 67 
1 25 41 52 67 
25 41 53 67 
5 17 26 41 44 67 
20 26 41 44 67 
17 26 41 47 67 
5 26 41 50 67 
26 41 52 67 
1 2 5 31 41 44 67 
2 6 31 41 44 67 
2 5 31 41 45 67 
1 2 31 41 47 67 
2 31 41 48 67 
3 5 31 41 44 67 
3 31 41 47 67 
5 31 41 46 67 
2 5 32 41 44 67 
2 32 41 47 67 
1 5 33 41 44 67 
6 33 41 44 67 
5 33 41 45 67 
1 33 41 47 67 
33 41 48 67 
5 34 41 44 67 
34 41 47 67 
1 2 35 41 44 67 
3 35 41 44 67 
2 35 41 45 67 
35 41 46 67 
1 5 17 24 41 44 68 
6 17 24 41 44 68 
5 18 24 41 44 68 
1 20 24 41 44 68 
21 24 41 44 68 
5 17 24 41 45 68 
20 24 41 45 68 
1 17 24 41 47 68 
18 24 41 47 68 
17 24 41 48 68 
1 5 24 41 50 68 
6 24 41 50 68 
5 24 41 51 68 
1 24 41 52 68 
24 41 53 68 
1 5 31 41 44 68 
6 31 41 44 68 
5 31 41 45 68 
1 31 41 47 68 
31 41 48 68 
5 32 41 44 68 
32 41 47 68 
1 35 41 44 68 
35 41 45 68 
1 2 17 24 41 44 69 
3 17 24 41 44 69 
2 18 24 41 44 69 
19 24 41 44 69 
1 17 25 41 44 69 
18 25 41 44 69 
17 26 41 44 69 
1 2 31 41 44 69 
3 31 41 44 69 
2 32 41 44 69 
1 33 41 44 69 
34 41 44 69 
2 17 24 41 45 69 
17 25 41 45 69 
2 31 41 45 69 
33 41 45 69 
17 24 41 46 69 
31 41 46 69 
1 2 24 41 50 69 
3 24 41 50 69 
1 25 41 50 69 
26 41 50 69 
2 24 41 51 69 
25 41 51 69 
1 2 5 9 17 41 44 70 
2 6 9 17 41 44 70 
2 5 9 18 41 44 70 
1 2 9 20 41 44 70 
2 9 21 41 44 70 
2 5 9 17 41 45 70 
2 9 20 41 45 70 
1 2 9 17 41 47 70 
2 9 18 41 47 70 
2 9 17 41 48 70 
1 2 5 9 41 50 70 
2 6 9 41 50 70 
2 5 9 41 51 70 
1 2 9 41 52 70 
2 9 41 53 70 
3 5 9 17 41 44 70 
3 9 20 41 44 70 
3 9 17 41 47 70 
3 5 9 41 50 70 
3 9 41 52 70 
5 9 19 41 44 70 
9 19 41 47 70 
5 9 17 41 46 70 
9 20 41 46 70 
1 5 10 17 41 44 70 
6 10 17 41 44 70 
5 10 18 41 44 70 
1 10 20 41 44 70 
10 21 41 44 70 
5 10 17 41 45 70 
10 20 41 45 70 
1 10 17 41 47 70 
10 18 41 47 70 
10 17 41 48 70 
1 5 10 41 50 70 
6 10 41 50 70 
5 10 41 51 70 
1 10 41 52 70 
10 41 53 70 
1 2 13 17 41 44 70 
2 13 18 41 44 70 
2 13 17 41 45 70 
1 2 13 41 50 70 
2 13 41 51 70 
3 13 17 41 44 70 
3 13 41 50 70 
13 19 41 44 70 
13 17 41 46 70 
14 17 41 44 70 
14 41 50 70 
1 2 23 41 44 70 
3 23 41 44 70 
2 23 41 45 70 
23 41 46 70 
1 2 17 41 49 70 
3 17 41 49 70 
2 18 41 49 70 
19 41 49 70 
41 55 70 
1 5 9 17 41 44 71 
6 9 17 41 44 71 
5 9 18 41 44 71 
1 9 20 41 44 71 
9 21 41 44 71 
5 9 17 41 45 71 
9 20 41 45 71 
1 9 17 41 47 71 
9 18 41 47 71 
9 17 41 48 71 
1 5 9 41 50 71 
6 9 41 50 71 
5 9 41 51 71 
1 9 41 52 71 
9 41 53 71 
1 13 17 41 44 71 
13 18 41 44 71 
13 17 41 45 71 
1 13 41 50 71 
13 41 51 71 
1 23 41 44 71 
23 41 45 71 
1 17 41 49 71 
18 41 49 71 
1 2 5 17 41 44 72 
2 6 17 41 44 72 
2 5 18 41 44 72 
1 2 20 41 44 72 
2 21 41 44 72 
2 5 17 41 45 72 
2 20 41 45 72 
1 2 17 41 47 72 
2 18 41 47 72 
2 17 41 48 72 
1 2 5 41 50 72 
2 6 41 50 72 
2 5 41 51 72 
1 2 41 52 72 
2 41 53 72 
3 5 17 41 44 72 
3 20 41 44 72 
3 17 41 47 72 
3 5 41 50 72 
3 41 52 72 
5 19 41 44 72 
19 41 47 72 
5 17 41 46 72 
20 41 46 72 
1 5 17 41 44 73 
6 17 41 44 73 
5 18 41 44 73 
1 20 41 44 73 
21 41 44 73 
5 17 41 45 73 
20 41 45 73 
1 17 41 47 73 
18 41 47 73 
17 41 48 73 
1 5 41 50 73 
6 41 50 73 
5 41 51 73 
1 41 52 73 
41 53 73 
17 41 44 75 
41 50 75 
1 2 5 9 17 24 41 84 
3 5 9 17 24 41 84 
2 5 9 18 24 41 84 
5 9 19 24 41 84 
1 5 9 17 25 41 84 
5 9 18 25 41 84 
5 9 17 26 41 84 
1 2 5 9 31 41 84 
3 5 9 31 41 84 
2 5 9 32 41 84 
1 5 9 33 41 84 
5 9 34 41 84 
2 6 9 17 24 41 84 
6 9 17 25 41 84 
2 6 9 31 41 84 
6 9 33 41 84 
1 2 9 20 24 41 84 
3 9 20 24 41 84 
1 9 20 25 41 84 
9 20 26 41 84 
2 9 21 24 41 84 
9 21 25 41 84 
1 2 9 35 41 84 
3 9 35 41 84 
1 5 10 17 24 41 84 
6 10 17 24 41 84 
5 10 18 24 41 84 
1 10 20 24 41 84 
10 21 24 41 84 
1 5 10 31 41 84 
6 10 31 41 84 
5 10 32 41 84 
1 10 35 41 84 
1 2 13 17 24 41 84 
3 13 17 24 41 84 
2 13 18 24 41 84 
13 19 24 41 84 
1 13 17 25 41 84 
13 18 25 41 84 
13 17 26 41 84 
1 2 13 31 41 84 
3 13 31 41 84 
2 13 32 41 84 
1 13 33 41 84 
13 34 41 84 
14 17 24 41 84 
14 31 41 84 
1 2 23 24 41 84 
3 23 24 41 84 
1 23 25 41 84 
23 26 41 84 
1 2 5 17 27 41 84 
2 6 17 27 41 84 
2 5 18 27 41 84 
1 2 20 27 41 84 
2 21 27 41 84 
3 5 17 27 41 84 
3 20 27 41 84 
5 19 27 41 84 
1 5 17 28 41 84 
6 17 28 41 84 
5 18 28 41 84 
1 20 28 41 84 
21 28 41 84 
1 2 17 30 41 84 
3 17 30 41 84 
2 18 30 41 84 
19 30 41 84 
1 2 5 36 41 84 
3 5 36 41 84 
2 6 36 41 84 
1 2 37 41 84 
3 37 41 84 
38 41 84 
2 5 9 17 24 41 85 
2 13 17 24 41 85 
2 9 20 24 41 85 
2 23 24 41 85 
2 5 17 27 41 85 
2 20 27 41 85 
2 17 30 41 85 
2 5 9 31 41 85 
2 13 31 41 85 
2 9 35 41 85 
2 5 36 41 85 
2 37 41 85 
5 10 17 24 41 85 
10 20 24 41 85 
5 10 31 41 85 
10 35 41 85 
5 9 17 25 41 85 
13 17 25 41 85 
9 20 25 41 85 
23 25 41 85 
5 17 28 41 85 
20 28 41 85 
5 9 33 41 85 
13 33 41 85 
1 5 9 17 24 41 86 
1 13 17 24 41 86 
1 9 20 24 41 86 
1 23 24 41 86 
1 5 17 27 41 86 
1 20 27 41 86 
1 17 30 41 86 
1 5 9 31 41 86 
1 13 31 41 86 
1 9 35 41 86 
1 5 36 41 86 
1 37 41 86 
6 9 17 24 41 86 
6 17 27 41 86 
6 9 31 41 86 
6 36 41 86 
5 9 18 24 41 86 
13 18 24 41 86 
5 18 27 41 86 
18 30 41 86 
9 21 24 41 86 
21 27 41 86 
5 9 32 41 86 
13 32 41 86 
5 9 17 24 41 87 
13 17 24 41 87 
9 20 24 41 87 
23 24 41 87 
5 17 27 41 87 
20 27 41 87 
17 30 41 87 
5 9 31 41 87 
13 31 41 87 
9 35 41 87 
5 36 41 87 
37 41 87 
1 2 9 17 24 41 88 
3 9 17 24 41 88 
2 9 18 24 41 88 
9 19 24 41 88 
1 9 17 25 41 88 
9 18 25 41 88 
9 17 26 41 88 
1 2 9 31 41 88 
3 9 31 41 88 
2 9 32 41 88 
1 9 33 41 88 
9 34 41 88 
1 10 17 24 41 88 
10 18 24 41 88 
1 10 31 41 88 
10 32 41 88 
1 2 17 27 41 88 
3 17 27 41 88 
2 18 27 41 88 
19 27 41 88 
1 17 28 41 88 
18 28 41 88 
1 2 36 41 88 
3 36 41 88 
1 2 5 17 24 41 89 
3 5 17 24 41 89 
2 5 18 24 41 89 
5 19 24 41 89 
1 5 17 25 41 89 
5 18 25 41 89 
5 17 26 41 89 
1 2 5 31 41 89 
3 5 31 41 89 
2 5 32 41 89 
1 5 33 41 89 
5 34 41 89 
2 6 17 24 41 89 
6 17 25 41 89 
2 6 31 41 89 
6 33 41 89 
1 2 20 24 41 89 
3 20 24 41 89 
1 20 25 41 89 
20 26 41 89 
2 21 24 41 89 
21 25 41 89 
1 2 35 41 89 
3 35 41 89 
1 2 17 24 41 90 
3 17 24 41 90 
2 18 24 41 90 
19 24 41 90 
1 17 25 41 90 
18 25 41 90 
17 26 41 90 
1 2 31 41 90 
3 31 41 90 
2 32 41 90 
1 33 41 90 
34 41 90 
17 24 41 91 
31 41 91 
1 2 5 9 41 92 
3 5 9 41 92 
2 6 9 41 92 
1 5 10 41 92 
6 10 41 92 
1 2 13 41 92 
3 13 41 92 
14 41 92 
5 9 41 93 
13 41 93 
2 9 41 95 
10 41 95 
1 5 41 96 
6 41 96 
1 2 41 97 
3 41 97 
41 98 
4 17 24 42 44 64 
4 31 42 44 64 
4 24 42 50 64 
4 17 42 44 70 
4 42 50 70 
4 17 24 42 84 
4 31 42 84 
4 42 92 
42 94 
17 24 43 44 64 
31 43 44 64 
24 43 50 64 
17 43 44 70 
43 50 70 
17 24 43 84 
31 43 84 
43 92 
1 2 4 5 9 17 24 57 64 
3 4 5 9 17 24 57 64 
2 4 5 9 18 24 57 64 
4 5 9 19 24 57 64 
1 4 5 9 17 25 57 64 
4 5 9 18 25 57 64 
4 5 9 17 26 57 64 
1 2 4 5 9 31 57 64 
3 4 5 9 31 57 64 
2 4 5 9 32 57 64 
1 4 5 9 33 57 64 
4 5 9 34 57 64 
2 4 6 9 17 24 57 64 
4 6 9 17 25 57 64 
2 4 6 9 31 57 64 
4 6 9 33 57 64 
1 2 4 9 20 24 57 64 
3 4 9 20 24 57 64 
1 4 9 20 25 57 64 
4 9 20 26 57 64 
2 4 9 21 24 57 64 
4 9 21 25 57 64 
1 2 4 9 35 57 64 
3 4 9 35 57 64 
1 4 5 10 17 24 57 64 
4 6 10 17 24 57 64 
4 5 10 18 24 57 64 
1 4 10 20 24 57 64 
4 10 21 24 57 64 
1 4 5 10 31 57 64 
4 6 10 31 57 64 
4 5 10 32 57 64 
1 4 10 35 57 64 
1 2 4 13 17 24 57 64 
3 4 13 17 24 57 64 
2 4 13 18 24 57 64 
4 13 19 24 57 64 
1 4 13 17 25 57 64 
4 13 18 25 57 64 
4 13 17 26 57 64 
1 2 4 13 31 57 64 
3 4 13 31 57 64 
2 4 13 32 57 64 
1 4 13 33 57 64 
4 13 34 57 64 
4 14 17 24 57 64 
4 14 31 57 64 
1 2 4 23 24 57 64 
3 4 23 24 57 64 
1 4 23 25 57 64 
4 23 26 57 64 
1 2 4 5 17 27 57 64 
2 4 6 17 27 57 64 
2 4 5 18 27 57 64 
1 2 4 20 27 57 64 
2 4 21 27 57 64 
3 4 5 17 27 57 64 
3 4 20 27 57 64 
4 5 19 27 57 64 
1 4 5 17 28 57 64 
4 6 17 28 57 64 
4 5 18 28 57 64 
1 4 20 28 57 64 
4 21 28 57 64 
1 2 4 17 30 57 64 
3 4 17 30 57 64 
2 4 18 30 57 64 
4 19 30 57 64 
1 2 4 5 36 57 64 
3 4 5 36 57 64 
2 4 6 36 57 64 
1 2 4 37 57 64 
3 4 37 57 64 
4 38 57 64 
1 4 5 9 17 24 57 65 
1 4 13 17 24 57 65 
1 4 9 20 24 57 65 
1 4 23 24 57 65 
1 4 5 17 27 57 65 
1 4 20 27 57 65 
1 4 17 30 57 65 
1 4 5 9 31 57 65 
1 4 13 31 57 65 
1 4 9 35 57 65 
1 4 5 36 57 65 
1 4 37 57 65 
4 6 9 17 24 57 65 
4 6 17 27 57 65 
4 6 9 31 57 65 
4 6 36 57 65 
4 5 9 18 24 57 65 
4 13 18 24 57 65 
4 5 18 27 57 65 
4 18 30 57 65 
4 9 21 24 57 65 
4 21 27 57 65 
4 5 9 32 57 65 
4 13 32 57 65 
4 5 9 17 24 57 66 
4 13 17 24 57 66 
4 9 20 24 57 66 
4 23 24 57 66 
4 5 17 27 57 66 
4 20 27 57 66 
4 17 30 57 66 
4 5 9 31 57 66 
4 13 31 57 66 
4 9 35 57 66 
4 5 36 57 66 
4 37 57 66 
1 2 4 5 17 24 57 67 
3 4 5 17 24 57 67 
2 4 5 18 24 57 67 
4 5 19 24 57 67 
1 4 5 17 25 57 67 
4 5 18 25 57 67 
4 5 17 26 57 67 
1 2 4 5 31 57 67 
3 4 5 31 57 67 
2 4 5 32 57 67 
1 4 5 33 57 67 
4 5 34 57 67 
2 4 6 17 24 57 67 
4 6 17 25 57 67 
2 4 6 31 57 67 
4 6 33 57 67 
1 2 4 20 24 57 67 
3 4 20 24 57 67 
1 4 20 25 57 67 
4 20 26 57 67 
2 4 21 24 57 67 
4 21 25 57 67 
1 2 4 35 57 67 
3 4 35 57 67 
1 4 5 17 24 57 68 
4 6 17 24 57 68 
4 5 18 24 57 68 
1 4 20 24 57 68 
4 21 24 57 68 
1 4 5 31 57 68 
4 6 31 57 68 
4 5 32 57 68 
1 4 35 57 68 
1 2 4 17 24 57 69 
3 4 17 24 57 69 
2 4 18 24 57 69 
4 19 24 57 69 
1 4 17 25 57 69 
4 18 25 57 69 
4 17 26 57 69 
1 2 4 31 57 69 
3 4 31 57 69 
2 4 32 57 69 
1 4 33 57 69 
4 34 57 69 
1 2 4 5 9 17 57 70 
2 4 6 9 17 57 70 
2 4 5 9 18 57 70 
1 2 4 9 20 57 70 
2 4 9 21 57 70 
3 4 5 9 17 57 70 
3 4 9 20 57 70 
4 5 9 19 57 70 
1 4 5 10 17 57 70 
4 6 10 17 57 70 
4 5 10 18 57 70 
1 4 10 20 57 70 
4 10 21 57 70 
1 2 4 13 17 57 70 
3 4 13 17 57 70 
2 4 13 18 57 70 
4 13 19 57 70 
4 14 17 57 70 
1 2 4 23 57 70 
3 4 23 57 70 
1 4 5 9 17 57 71 
4 6 9 17 57 71 
4 5 9 18 57 71 
1 4 9 20 57 71 
4 9 21 57 71 
1 4 13 17 57 71 
4 13 18 57 71 
1 4 23 57 71 
1 2 4 5 17 57 72 
2 4 6 17 57 72 
2 4 5 18 57 72 
1 2 4 20 57 72 
2 4 21 57 72 
3 4 5 17 57 72 
3 4 20 57 72 
4 5 19 57 72 
1 4 5 17 57 73 
4 6 17 57 73 
4 5 18 57 73 
1 4 20 57 73 
4 21 57 73 
4 17 57 75 
1 2 7 9 17 24 57 64 
1 7 10 17 24 57 64 
1 7 9 17 25 57 64 
1 2 7 17 27 57 64 
1 7 17 28 57 64 
1 7 9 17 24 57 65 
1 7 17 27 57 65 
1 2 7 17 24 57 67 
1 7 17 25 57 67 
1 7 17 24 57 68 
1 2 7 9 17 57 70 
1 7 10 17 57 70 
1 7 9 17 57 71 
1 2 7 17 57 72 
1 7 17 57 73 
3 7 9 17 24 57 64 
3 7 17 27 57 64 
3 7 17 24 57 67 
3 7 9 17 57 70 
3 7 17 57 72 
7 9 17 26 57 64 
7 17 26 57 67 
7 9 17 24 57 66 
7 17 27 57 66 
2 7 9 18 24 57 64 
7 10 18 24 57 64 
7 9 18 25 57 64 
2 7 18 27 57 64 
7 18 28 57 64 
7 9 18 24 57 65 
7 18 27 57 65 
2 7 18 24 57 67 
7 18 25 57 67 
7 18 24 57 68 
2 7 9 18 57 70 
7 10 18 57 70 
7 9 18 57 71 
2 7 18 57 72 
7 18 57 73 
7 9 19 24 57 64 
7 19 27 57 64 
7 19 24 57 67 
7 9 19 57 70 
7 19 57 72 
1 2 7 9 31 57 64 
1 7 10 31 57 64 
1 7 9 31 57 65 
1 2 7 31 57 67 
1 7 31 57 68 
3 7 9 31 57 64 
3 7 31 57 67 
7 9 31 57 66 
2 7 9 32 57 64 
7 10 32 57 64 
7 9 32 57 65 
2 7 32 57 67 
7 32 57 68 
1 7 9 33 57 64 
1 7 33 57 67 
7 9 34 57 64 
7 34 57 67 
1 2 7 36 57 64 
3 7 36 57 64 
1 7 36 57 65 
7 36 57 66 
2 8 9 17 24 57 64 
8 10 17 24 57 64 
8 9 17 25 57 64 
2 8 17 27 57 64 
8 17 28 57 64 
8 9 17 24 57 65 
8 17 27 57 65 
2 8 17 24 57 67 
8 17 25 57 67 
8 17 24 57 68 
2 8 9 17 57 70 
8 10 17 57 70 
8 9 17 57 71 
2 8 17 57 72 
8 17 57 73 
2 8 9 31 57 64 
8 10 31 57 64 
8 9 31 57 65 
2 8 31 57 67 
8 31 57 68 
8 9 33 57 64 
8 33 57 67 
2 8 36 57 64 
8 36 57 65 
1 2 5 11 17 24 57 64 
3 5 11 17 24 57 64 
2 5 11 18 24 57 64 
5 11 19 24 57 64 
1 5 11 17 25 57 64 
5 11 18 25 57 64 
5 11 17 26 57 64 
1 2 5 11 31 57 64 
3 5 11 31 57 64 
2 5 11 32 57 64 
1 5 11 33 57 64 
5 11 34 57 64 
2 6 11 17 24 57 64 
6 11 17 25 57 64 
2 6 11 31 57 64 
6 11 33 57 64 
1 2 11 20 24 57 64 
3 11 20 24 57 64 
1 11 20 25 57 64 
11 20 26 57 64 
2 11 21 24 57 64 
11 21 25 57 64 
1 2 11 35 57 64 
3 11 35 57 64 
1 5 11 17 24 57 65 
6 11 17 24 57 65 
5 11 18 24 57 65 
1 11 20 24 57 65 
11 21 24 57 65 
1 5 11 31 57 65 
6 11 31 57 65 
5 11 32 57 65 
1 11 35 57 65 
5 11 17 24 57 66 
11 20 24 57 66 
5 11 31 57 66 
11 35 57 66 
1 2 5 11 17 57 70 
2 6 11 17 57 70 
2 5 11 18 57 70 
1 2 11 20 57 70 
2 11 21 57 70 
3 5 11 17 57 70 
3 11 20 57 70 
5 11 19 57 70 
1 5 11 17 57 71 
6 11 17 57 71 
5 11 18 57 71 
1 11 20 57 71 
11 21 57 71 
1 5 12 17 24 57 64 
6 12 17 24 57 64 
5 12 18 24 57 64 
1 12 20 24 57 64 
12 21 24 57 64 
1 5 12 31 57 64 
6 12 31 57 64 
5 12 32 57 64 
1 12 35 57 64 
1 5 12 17 57 70 
6 12 17 57 70 
5 12 18 57 70 
1 12 20 57 70 
12 21 57 70 
1 2 15 17 24 57 64 
3 15 17 24 57 64 
2 15 18 24 57 64 
15 19 24 57 64 
1 15 17 25 57 64 
15 18 25 57 64 
15 17 26 57 64 
1 2 15 31 57 64 
3 15 31 57 64 
2 15 32 57 64 
1 15 33 57 64 
15 34 57 64 
1 15 17 24 57 65 
15 18 24 57 65 
1 15 31 57 65 
15 32 57 65 
15 17 24 57 66 
15 31 57 66 
1 2 15 17 57 70 
3 15 17 57 70 
2 15 18 57 70 
15 19 57 70 
1 15 17 57 71 
15 18 57 71 
16 17 24 57 64 
16 31 57 64 
16 17 57 70 
1 2 9 22 24 57 64 
1 10 22 24 57 64 
1 9 22 25 57 64 
1 2 22 27 57 64 
1 22 28 57 64 
1 9 22 24 57 65 
1 22 27 57 65 
1 2 22 24 57 67 
1 22 25 57 67 
1 22 24 57 68 
1 2 9 22 57 70 
1 10 22 57 70 
1 9 22 57 71 
1 2 22 57 72 
1 22 57 73 
3 9 22 24 57 64 
3 22 27 57 64 
3 22 24 57 67 
3 9 22 57 70 
3 22 57 72 
9 22 26 57 64 
22 26 57 67 
9 22 24 57 66 
22 27 57 66 
1 2 5 17 29 57 64 
2 6 17 29 57 64 
2 5 18 29 57 64 
1 2 20 29 57 64 
2 21 29 57 64 
3 5 17 29 57 64 
3 20 29 57 64 
5 19 29 57 64 
1 5 17 29 57 65 
6 17 29 57 65 
5 18 29 57 65 
1 20 29 57 65 
21 29 57 65 
5 17 29 57 66 
20 29 57 66 
1 2 39 57 64 
3 39 57 64 
1 39 57 65 
39 57 66 
1 5 17 57 74 
6 17 57 74 
5 18 57 74 
1 20 57 74 
21 57 74 
17 57 76 
2 4 5 9 17 24 58 64 
4 5 10 17 24 58 64 
4 5 9 17 25 58 64 
2 4 5 17 27 58 64 
4 5 17 28 58 64 
4 5 9 17 24 58 65 
4 5 17 27 58 65 
2 4 5 17 24 58 67 
4 5 17 25 58 67 
4 5 17 24 58 68 
2 4 5 9 17 58 70 
4 5 10 17 58 70 
4 5 9 17 58 71 
2 4 5 17 58 72 
4 5 17 58 73 
2 4 13 17 24 58 64 
4 13 17 25 58 64 
4 13 17 24 58 65 
2 4 13 17 58 70 
4 13 17 58 71 
2 4 17 30 58 64 
4 17 30 58 65 
2 4 17 24 58 69 
4 17 25 58 69 
2 4 9 20 24 58 64 
4 10 20 24 58 64 
4 9 20 25 58 64 
2 4 20 27 58 64 
4 20 28 58 64 
4 9 20 24 58 65 
4 20 27 58 65 
2 4 20 24 58 67 
4 20 25 58 67 
4 20 24 58 68 
2 4 9 20 58 70 
4 10 20 58 70 
4 9 20 58 71 
2 4 20 58 72 
4 20 58 73 
2 4 23 24 58 64 
4 23 25 58 64 
4 23 24 58 65 
2 4 23 58 70 
4 23 58 71 
2 4 5 9 31 58 64 
4 5 10 31 58 64 
4 5 9 31 58 65 
2 4 5 31 58 67 
4 5 31 58 68 
2 4 13 31 58 64 
4 13 31 58 65 
2 4 31 58 69 
4 5 9 33 58 64 
4 13 33 58 64 
4 5 33 58 67 
4 33 58 69 
2 4 9 35 58 64 
4 10 35 58 64 
4 9 35 58 65 
2 4 35 58 67 
4 35 58 68 
2 4 5 36 58 64 
4 5 36 58 65 
2 4 37 58 64 
4 37 58 65 
2 7 9 17 24 58 64 
7 10 17 24 58 64 
7 9 17 25 58 64 
2 7 17 27 58 64 
7 17 28 58 64 
7 9 17 24 58 65 
7 17 27 58 65 
2 7 17 24 58 67 
7 17 25 58 67 
7 17 24 58 68 
2 7 9 17 58 70 
7 10 17 58 70 
7 9 17 58 71 
2 7 17 58 72 
7 17 58 73 
2 7 9 31 58 64 
7 10 31 58 64 
7 9 31 58 65 
2 7 31 58 67 
7 31 58 68 
7 9 33 58 64 
7 33 58 67 
2 7 36 58 64 
7 36 58 65 
2 5 11 17 24 58 64 
5 11 17 25 58 64 
5 11 17 24 58 65 
2 5 11 17 58 70 
5 11 17 58 71 
2 5 11 31 58 64 
5 11 31 58 65 
5 11 33 58 64 
2 11 20 24 58 64 
11 20 25 58 64 
11 20 24 58 65 
2 11 20 58 70 
11 20 58 71 
2 11 35 58 64 
11 35 58 65 
5 12 17 24 58 64 
12 20 24 58 64 
5 12 31 58 64 
12 35 58 64 
5 12 17 58 70 
12 20 58 70 
2 15 17 24 58 64 
15 17 25 58 64 
15 17 24 58 65 
2 15 17 58 70 
15 17 58 71 
2 15 31 58 64 
15 31 58 65 
15 33 58 64 
2 9 22 24 58 64 
10 22 24 58 64 
9 22 25 58 64 
2 22 27 58 64 
22 28 58 64 
9 22 24 58 65 
22 27 58 65 
2 22 24 58 67 
22 25 58 67 
22 24 58 68 
2 9 22 58 70 
10 22 58 70 
9 22 58 71 
2 22 58 72 
22 58 73 
2 5 17 29 58 64 
2 20 29 58 64 
5 17 29 58 65 
20 29 58 65 
2 39 58 64 
39 58 65 
5 17 58 74 
20 58 74 
1 2 9 17 24 59 64 
1 10 17 24 59 64 
1 9 17 25 59 64 
1 2 17 27 59 64 
1 17 28 59 64 
1 9 17 24 59 65 
1 17 27 59 65 
1 2 17 24 59 67 
1 17 25 59 67 
1 17 24 59 68 
1 2 9 17 59 70 
1 10 17 59 70 
1 9 17 59 71 
1 2 17 59 72 
1 17 59 73 
3 9 17 24 59 64 
3 17 27 59 64 
3 17 24 59 67 
3 9 17 59 70 
3 17 59 72 
9 17 26 59 64 
17 26 59 67 
9 17 24 59 66 
17 27 59 66 
2 9 18 24 59 64 
10 18 24 59 64 
9 18 25 59 64 
2 18 27 59 64 
18 28 59 64 
9 18 24 59 65 
18 27 59 65 
2 18 24 59 67 
18 25 59 67 
18 24 59 68 
2 9 18 59 70 
10 18 59 70 
9 18 59 71 
2 18 59 72 
18 59 73 
9 19 24 59 64 
19 27 59 64 
19 24 59 67 
9 19 59 70 
19 59 72 
1 2 9 31 59 64 
1 10 31 59 64 
1 9 31 59 65 
1 2 31 59 67 
1 31 59 68 
3 9 31 59 64 
3 31 59 67 
9 31 59 66 
2 9 32 59 64 
10 32 59 64 
9 32 59 65 
2 32 59 67 
32 59 68 
1 9 33 59 64 
1 33 59 67 
9 34 59 64 
34 59 67 
1 2 36 59 64 
3 36 59 64 
1 36 59 65 
36 59 66 
1 2 4 5 9 24 60 64 
1 4 5 10 24 60 64 
1 4 5 9 25 60 64 
1 2 4 5 27 60 64 
1 4 5 28 60 64 
1 4 5 9 24 60 65 
1 4 5 27 60 65 
1 2 4 5 24 60 67 
1 4 5 25 60 67 
1 4 5 24 60 68 
1 2 4 5 9 60 70 
1 4 5 10 60 70 
1 4 5 9 60 71 
1 2 4 5 60 72 
1 4 5 60 73 
3 4 5 9 24 60 64 
3 4 5 27 60 64 
3 4 5 24 60 67 
3 4 5 9 60 70 
3 4 5 60 72 
4 5 9 26 60 64 
4 5 26 60 67 
4 5 9 24 60 66 
4 5 27 60 66 
2 4 6 9 24 60 64 
4 6 10 24 60 64 
4 6 9 25 60 64 
2 4 6 27 60 64 
4 6 28 60 64 
4 6 9 24 60 65 
4 6 27 60 65 
2 4 6 24 60 67 
4 6 25 60 67 
4 6 24 60 68 
2 4 6 9 60 70 
4 6 10 60 70 
4 6 9 60 71 
2 4 6 60 72 
4 6 60 73 
1 2 4 13 24 60 64 
1 4 13 25 60 64 
1 4 13 24 60 65 
1 2 4 13 60 70 
1 4 13 60 71 
3 4 13 24 60 64 
3 4 13 60 70 
4 13 26 60 64 
4 13 24 60 66 
4 14 24 60 64 
4 14 60 70 
1 2 4 30 60 64 
3 4 30 60 64 
1 4 30 60 65 
4 30 60 66 
1 2 4 24 60 69 
3 4 24 60 69 
1 4 25 60 69 
4 26 60 69 
4 60 75 
1 2 7 9 24 60 64 
1 7 10 24 60 64 
1 7 9 25 60 64 
1 2 7 27 60 64 
1 7 28 60 64 
1 7 9 24 60 65 
1 7 27 60 65 
1 2 7 24 60 67 
1 7 25 60 67 
1 7 24 60 68 
1 2 7 9 60 70 
1 7 10 60 70 
1 7 9 60 71 
1 2 7 60 72 
1 7 60 73 
3 7 9 24 60 64 
3 7 27 60 64 
3 7 24 60 67 
3 7 9 60 70 
3 7 60 72 
7 9 26 60 64 
7 26 60 67 
7 9 24 60 66 
7 27 60 66 
2 8 9 24 60 64 
8 10 24 60 64 
8 9 25 60 64 
2 8 27 60 64 
8 28 60 64 
8 9 24 60 65 
8 27 60 65 
2 8 24 60 67 
8 25 60 67 
8 24 60 68 
2 8 9 60 70 
8 10 60 70 
8 9 60 71 
2 8 60 72 
8 60 73 
1 2 5 11 24 60 64 
1 5 11 25 60 64 
1 5 11 24 60 65 
1 2 5 11 60 70 
1 5 11 60 71 
3 5 11 24 60 64 
3 5 11 60 70 
5 11 26 60 64 
5 11 24 60 66 
2 6 11 24 60 64 
6 11 25 60 64 
6 11 24 60 65 
2 6 11 60 70 
6 11 60 71 
1 5 12 24 60 64 
6 12 24 60 64 
1 5 12 60 70 
6 12 60 70 
1 2 15 24 60 64 
1 15 25 60 64 
1 15 24 60 65 
1 2 15 60 70 
1 15 60 71 
3 15 24 60 64 
3 15 60 70 
15 26 60 64 
15 24 60 66 
16 24 60 64 
16 60 70 
1 2 5 29 60 64 
3 5 29 60 64 
1 5 29 60 65 
5 29 60 66 
2 6 29 60 64 
6 29 60 65 
1 5 60 74 
6 60 74 
60 76 
2 4 9 24 61 64 
4 10 24 61 64 
4 9 25 61 64 
2 4 27 61 64 
4 28 61 64 
4 9 24 61 65 
4 27 61 65 
2 4 24 61 67 
4 25 61 67 
4 24 61 68 
2 4 9 61 70 
4 10 61 70 
4 9 61 71 
2 4 61 72 
4 61 73 
2 11 24 61 64 
11 25 61 64 
11 24 61 65 
2 11 61 70 
11 61 71 
12 24 61 64 
12 61 70 
2 29 61 64 
29 61 65 
61 74 
2 9 24 62 64 
10 24 62 64 
9 25 62 64 
2 27 62 64 
28 62 64 
9 24 62 65 
27 62 65 
2 24 62 67 
25 62 67 
24 62 68 
2 9 62 70 
10 62 70 
9 62 71 
2 62 72 
62 73 
24 63 64 
63 70 
1 2 4 5 9 17 24 44 77 
3 4 5 9 17 24 44 77 
2 4 5 9 18 24 44 77 
4 5 9 19 24 44 77 
1 4 5 9 17 25 44 77 
4 5 9 18 25 44 77 
4 5 9 17 26 44 77 
1 2 4 5 9 31 44 77 
3 4 5 9 31 44 77 
2 4 5 9 32 44 77 
1 4 5 9 33 44 77 
4 5 9 34 44 77 
2 4 6 9 17 24 44 77 
4 6 9 17 25 44 77 
2 4 6 9 31 44 77 
4 6 9 33 44 77 
1 2 4 9 20 24 44 77 
3 4 9 20 24 44 77 
1 4 9 20 25 44 77 
4 9 20 26 44 77 
2 4 9 21 24 44 77 
4 9 21 25 44 77 
1 2 4 9 35 44 77 
3 4 9 35 44 77 
1 4 5 10 17 24 44 77 
4 6 10 17 24 44 77 
4 5 10 18 24 44 77 
1 4 10 20 24 44 77 
4 10 21 24 44 77 
1 4 5 10 31 44 77 
4 6 10 31 44 77 
4 5 10 32 44 77 
1 4 10 35 44 77 
1 2 4 13 17 24 44 77 
3 4 13 17 24 44 77 
2 4 13 18 24 44 77 
4 13 19 24 44 77 
1 4 13 17 25 44 77 
4 13 18 25 44 77 
4 13 17 26 44 77 
1 2 4 13 31 44 77 
3 4 13 31 44 77 
2 4 13 32 44 77 
1 4 13 33 44 77 
4 13 34 44 77 
4 14 17 24 44 77 
4 14 31 44 77 
1 2 4 23 24 44 77 
3 4 23 24 44 77 
1 4 23 25 44 77 
4 23 26 44 77 
1 2 4 5 17 27 44 77 
2 4 6 17 27 44 77 
2 4 5 18 27 44 77 
1 2 4 20 27 44 77 
2 4 21 27 44 77 
3 4 5 17 27 44 77 
3 4 20 27 44 77 
4 5 19 27 44 77 
1 4 5 17 28 44 77 
4 6 17 28 44 77 
4 5 18 28 44 77 
1 4 20 28 44 77 
4 21 28 44 77 
1 2 4 17 30 44 77 
3 4 17 30 44 77 
2 4 18 30 44 77 
4 19 30 44 77 
1 2 4 5 36 44 77 
3 4 5 36 44 77 
2 4 6 36 44 77 
1 2 4 37 44 77 
3 4 37 44 77 
4 38 44 77 
2 4 5 9 17 24 45 77 
2 4 13 17 24 45 77 
2 4 9 20 24 45 77 
2 4 23 24 45 77 
2 4 5 17 27 45 77 
2 4 20 27 45 77 
2 4 17 30 45 77 
2 4 5 9 31 45 77 
2 4 13 31 45 77 
2 4 9 35 45 77 
2 4 5 36 45 77 
2 4 37 45 77 
4 5 10 17 24 45 77 
4 10 20 24 45 77 
4 5 10 31 45 77 
4 10 35 45 77 
4 5 9 17 25 45 77 
4 13 17 25 45 77 
4 9 20 25 45 77 
4 23 25 45 77 
4 5 17 28 45 77 
4 20 28 45 77 
4 5 9 33 45 77 
4 13 33 45 77 
4 5 9 17 24 46 77 
4 13 17 24 46 77 
4 9 20 24 46 77 
4 23 24 46 77 
4 5 17 27 46 77 
4 20 27 46 77 
4 17 30 46 77 
4 5 9 31 46 77 
4 13 31 46 77 
4 9 35 46 77 
4 5 36 46 77 
4 37 46 77 
1 2 4 9 17 24 47 77 
3 4 9 17 24 47 77 
2 4 9 18 24 47 77 
4 9 19 24 47 77 
1 4 9 17 25 47 77 
4 9 18 25 47 77 
4 9 17 26 47 77 
1 2 4 9 31 47 77 
3 4 9 31 47 77 
2 4 9 32 47 77 
1 4 9 33 47 77 
4 9 34 47 77 
1 4 10 17 24 47 77 
4 10 18 24 47 77 
1 4 10 31 47 77 
4 10 32 47 77 
1 2 4 17 27 47 77 
3 4 17 27 47 77 
2 4 18 27 47 77 
4 19 27 47 77 
1 4 17 28 47 77 
4 18 28 47 77 
1 2 4 36 47 77 
3 4 36 47 77 
2 4 9 17 24 48 77 
4 10 17 24 48 77 
4 9 17 25 48 77 
2 4 17 27 48 77 
4 17 28 48 77 
2 4 9 31 48 77 
4 10 31 48 77 
4 9 33 48 77 
2 4 36 48 77 
1 2 4 17 24 49 77 
3 4 17 24 49 77 
2 4 18 24 49 77 
4 19 24 49 77 
1 4 17 25 49 77 
4 18 25 49 77 
4 17 26 49 77 
1 2 4 31 49 77 
3 4 31 49 77 
2 4 32 49 77 
1 4 33 49 77 
4 34 49 77 
1 2 4 5 9 24 50 77 
1 4 5 10 24 50 77 
1 4 5 9 25 50 77 
1 2 4 5 27 50 77 
1 4 5 28 50 77 
3 4 5 9 24 50 77 
3 4 5 27 50 77 
4 5 9 26 50 77 
2 4 6 9 24 50 77 
4 6 10 24 50 77 
4 6 9 25 50 77 
2 4 6 27 50 77 
4 6 28 50 77 
1 2 4 13 24 50 77 
3 4 13 24 50 77 
1 4 13 25 50 77 
4 13 26 50 77 
4 14 24 50 77 
1 2 4 30 50 77 
3 4 30 50 77 
2 4 5 9 24 51 77 
4 5 10 24 51 77 
4 5 9 25 51 77 
2 4 5 27 51 77 
4 5 28 51 77 
2 4 13 24 51 77 
4 13 25 51 77 
2 4 30 51 77 
1 2 4 9 24 52 77 
1 4 10 24 52 77 
1 4 9 25 52 77 
1 2 4 27 52 77 
1 4 28 52 77 
3 4 9 24 52 77 
3 4 27 52 77 
4 9 26 52 77 
2 4 9 24 53 77 
4 10 24 53 77 
4 9 25 53 77 
2 4 27 53 77 
4 28 53 77 
4 24 55 77 
1 2 7 9 17 24 44 77 
3 7 9 17 24 44 77 
2 7 9 18 24 44 77 
7 9 19 24 44 77 
1 7 9 17 25 44 77 
7 9 18 25 44 77 
7 9 17 26 44 77 
1 2 7 9 31 44 77 
3 7 9 31 44 77 
2 7 9 32 44 77 
1 7 9 33 44 77 
7 9 34 44 77 
1 7 10 17 24 44 77 
7 10 18 24 44 77 
1 7 10 31 44 77 
7 10 32 44 77 
1 2 7 17 27 44 77 
3 7 17 27 44 77 
2 7 18 27 44 77 
7 19 27 44 77 
1 7 17 28 44 77 
7 18 28 44 77 
1 2 7 36 44 77 
3 7 36 44 77 
2 7 9 17 24 45 77 
7 10 17 24 45 77 
7 9 17 25 45 77 
2 7 17 27 45 77 
7 17 28 45 77 
2 7 9 31 45 77 
7 10 31 45 77 
7 9 33 45 77 
2 7 36 45 77 
7 9 17 24 46 77 
7 17 27 46 77 
7 9 31 46 77 
7 36 46 77 
1 2 7 9 24 50 77 
1 7 10 24 50 77 
1 7 9 25 50 77 
1 2 7 27 50 77 
1 7 28 50 77 
3 7 9 24 50 77 
3 7 27 50 77 
7 9 26 50 77 
2 7 9 24 51 77 
7 10 24 51 77 
7 9 25 51 77 
2 7 27 51 77 
7 28 51 77 
2 8 9 17 24 44 77 
8 10 17 24 44 77 
8 9 17 25 44 77 
2 8 17 27 44 77 
8 17 28 44 77 
2 8 9 31 44 77 
8 10 31 44 77 
8 9 33 44 77 
2 8 36 44 77 
2 8 9 24 50 77 
8 10 24 50 77 
8 9 25 50 77 
2 8 27 50 77 
8 28 50 77 
1 2 5 11 17 24 44 77 
2 6 11 17 24 44 77 
2 5 11 18 24 44 77 
1 2 11 20 24 44 77 
2 11 21 24 44 77 
2 5 11 17 24 45 77 
2 11 20 24 45 77 
1 2 11 17 24 47 77 
2 11 18 24 47 77 
2 11 17 24 48 77 
1 2 5 11 24 50 77 
2 6 11 24 50 77 
2 5 11 24 51 77 
1 2 11 24 52 77 
2 11 24 53 77 
3 5 11 17 24 44 77 
3 11 20 24 44 77 
3 11 17 24 47 77 
3 5 11 24 50 77 
3 11 24 52 77 
5 11 19 24 44 77 
11 19 24 47 77 
5 11 17 24 46 77 
11 20 24 46 77 
1 5 11 17 25 44 77 
6 11 17 25 44 77 
5 11 18 25 44 77 
1 11 20 25 44 77 
11 21 25 44 77 
5 11 17 25 45 77 
11 20 25 45 77 
1 11 17 25 47 77 
11 18 25 47 77 
11 17 25 48 77 
1 5 11 25 50 77 
6 11 25 50 77 
5 11 25 51 77 
1 11 25 52 77 
11 25 53 77 
5 11 17 26 44 77 
11 20 26 44 77 
11 17 26 47 77 
5 11 26 50 77 
11 26 52 77 
1 2 5 11 31 44 77 
2 6 11 31 44 77 
2 5 11 31 45 77 
1 2 11 31 47 77 
2 11 31 48 77 
3 5 11 31 44 77 
3 11 31 47 77 
5 11 31 46 77 
2 5 11 32 44 77 
2 11 32 47 77 
1 5 11 33 44 77 
6 11 33 44 77 
5 11 33 45 77 
1 11 33 47 77 
11 33 48 77 
5 11 34 44 77 
11 34 47 77 
1 2 11 35 44 77 
3 11 35 44 77 
2 11 35 45 77 
11 35 46 77 
1 5 12 17 24 44 77 
6 12 17 24 44 77 
5 12 18 24 44 77 
1 12 20 24 44 77 
12 21 24 44 77 
5 12 17 24 45 77 
12 20 24 45 77 
1 12 17 24 47 77 
12 18 24 47 77 
12 17 24 48 77 
1 5 12 24 50 77 
6 12 24 50 77 
5 12 24 51 77 
1 12 24 52 77 
12 24 53 77 
1 5 12 31 44 77 
6 12 31 44 77 
5 12 31 45 77 
1 12 31 47 77 
12 31 48 77 
5 12 32 44 77 
12 32 47 77 
1 12 35 44 77 
12 35 45 77 
1 2 15 17 24 44 77 
3 15 17 24 44 77 
2 15 18 24 44 77 
15 19 24 44 77 
1 15 17 25 44 77 
15 18 25 44 77 
15 17 26 44 77 
1 2 15 31 44 77 
3 15 31 44 77 
2 15 32 44 77 
1 15 33 44 77 
15 34 44 77 
2 15 17 24 45 77 
15 17 25 45 77 
2 15 31 45 77 
15 33 45 77 
15 17 24 46 77 
15 31 46 77 
1 2 15 24 50 77 
3 15 24 50 77 
1 15 25 50 77 
15 26 50 77 
2 15 24 51 77 
15 25 51 77 
16 17 24 44 77 
16 31 44 77 
16 24 50 77 
1 2 9 22 24 44 77 
1 10 22 24 44 77 
1 9 22 25 44 77 
1 2 22 27 44 77 
1 22 28 44 77 
3 9 22 24 44 77 
3 22 27 44 77 
9 22 26 44 77 
2 9 22 24 45 77 
10 22 24 45 77 
9 22 25 45 77 
2 22 27 45 77 
22 28 45 77 
9 22 24 46 77 
22 27 46 77 
1 2 5 17 29 44 77 
2 6 17 29 44 77 
2 5 18 29 44 77 
1 2 20 29 44 77 
2 21 29 44 77 
2 5 17 29 45 77 
2 20 29 45 77 
1 2 17 29 47 77 
2 18 29 47 77 
2 17 29 48 77 
1 2 5 29 50 77 
2 6 29 50 77 
2 5 29 51 77 
1 2 29 52 77 
2 29 53 77 
3 5 17 29 44 77 
3 20 29 44 77 
3 17 29 47 77 
3 5 29 50 77 
3 29 52 77 
5 19 29 44 77 
19 29 47 77 
5 17 29 46 77 
20 29 46 77 
1 2 39 44 77 
3 39 44 77 
2 39 45 77 
39 46 77 
2 9 24 54 77 
10 24 54 77 
9 25 54 77 
2 27 54 77 
28 54 77 
24 56 77 
1 4 5 9 17 24 44 78 
4 6 9 17 24 44 78 
4 5 9 18 24 44 78 
1 4 9 20 24 44 78 
4 9 21 24 44 78 
4 5 9 17 24 45 78 
4 9 20 24 45 78 
1 4 9 17 24 47 78 
4 9 18 24 47 78 
4 9 17 24 48 78 
1 4 5 9 24 50 78 
4 6 9 24 50 78 
4 5 9 24 51 78 
1 4 9 24 52 78 
4 9 24 53 78 
1 4 13 17 24 44 78 
4 13 18 24 44 78 
4 13 17 24 45 78 
1 4 13 24 50 78 
4 13 24 51 78 
1 4 23 24 44 78 
4 23 24 45 78 
1 4 17 24 49 78 
4 18 24 49 78 
1 4 5 17 27 44 78 
4 6 17 27 44 78 
4 5 18 27 44 78 
1 4 20 27 44 78 
4 21 27 44 78 
4 5 17 27 45 78 
4 20 27 45 78 
1 4 17 27 47 78 
4 18 27 47 78 
4 17 27 48 78 
1 4 5 27 50 78 
4 6 27 50 78 
4 5 27 51 78 
1 4 27 52 78 
4 27 53 78 
1 4 17 30 44 78 
4 18 30 44 78 
4 17 30 45 78 
1 4 30 50 78 
4 30 51 78 
1 4 5 9 31 44 78 
4 6 9 31 44 78 
4 5 9 31 45 78 
1 4 9 31 47 78 
4 9 31 48 78 
1 4 13 31 44 78 
4 13 31 45 78 
1 4 31 49 78 
4 5 9 32 44 78 
4 13 32 44 78 
4 9 32 47 78 
4 32 49 78 
1 4 9 35 44 78 
4 9 35 45 78 
1 4 5 36 44 78 
4 6 36 44 78 
4 5 36 45 78 
1 4 36 47 78 
4 36 48 78 
1 4 37 44 78 
4 37 45 78 
1 7 9 17 24 44 78 
7 9 18 24 44 78 
7 9 17 24 45 78 
1 7 9 24 50 78 
7 9 24 51 78 
1 7 9 31 44 78 
7 9 31 45 78 
7 9 32 44 78 
1 7 17 27 44 78 
7 18 27 44 78 
7 17 27 45 78 
1 7 27 50 78 
7 27 51 78 
1 7 36 44 78 
7 36 45 78 
8 9 17 24 44 78 
8 17 27 44 78 
8 9 31 44 78 
8 36 44 78 
8 9 24 50 78 
8 27 50 78 
1 5 11 17 24 44 78 
6 11 17 24 44 78 
5 11 18 24 44 78 
1 11 20 24 44 78 
11 21 24 44 78 
5 11 17 24 45 78 
11 20 24 45 78 
1 11 17 24 47 78 
11 18 24 47 78 
11 17 24 48 78 
1 5 11 24 50 78 
6 11 24 50 78 
5 11 24 51 78 
1 11 24 52 78 
11 24 53 78 
1 5 11 31 44 78 
6 11 31 44 78 
5 11 31 45 78 
1 11 31 47 78 
11 31 48 78 
5 11 32 44 78 
11 32 47 78 
1 11 35 44 78 
11 35 45 78 
1 15 17 24 44 78 
15 18 24 44 78 
15 17 24 45 78 
1 15 24 50 78 
15 24 51 78 
1 15 31 44 78 
15 31 45 78 
15 32 44 78 
1 9 22 24 44 78 
1 22 27 44 78 
9 22 24 45 78 
22 27 45 78 
1 5 17 29 44 78 
6 17 29 44 78 
5 18 29 44 78 
1 20 29 44 78 
21 29 44 78 
5 17 29 45 78 
20 29 45 78 
1 17 29 47 78 
18 29 47 78 
17 29 48 78 
1 5 29 50 78 
6 29 50 78 
5 29 51 78 
1 29 52 78 
29 53 78 
1 39 44 78 
39 45 78 
9 24 54 78 
27 54 78 
1 2 5 17 24 44 79 
2 6 17 24 44 79 
2 5 18 24 44 79 
1 2 20 24 44 79 
2 21 24 44 79 
2 5 17 24 45 79 
2 20 24 45 79 
1 2 17 24 47 79 
2 18 24 47 79 
2 17 24 48 79 
1 2 5 24 50 79 
2 6 24 50 79 
2 5 24 51 79 
1 2 24 52 79 
2 24 53 79 
3 5 17 24 44 79 
3 20 24 44 79 
3 17 24 47 79 
3 5 24 50 79 
3 24 52 79 
5 19 24 44 79 
19 24 47 79 
5 17 24 46 79 
20 24 46 79 
1 5 17 25 44 79 
6 17 25 44 79 
5 18 25 44 79 
1 20 25 44 79 
21 25 44 79 
5 17 25 45 79 
20 25 45 79 
1 17 25 47 79 
18 25 47 79 
17 25 48 79 
1 5 25 50 79 
6 25 50 79 
5 25 51 79 
1 25 52 79 
25 53 79 
5 17 26 44 79 
20 26 44 79 
17 26 47 79 
5 26 50 79 
26 52 79 
1 2 5 31 44 79 
2 6 31 44 79 
2 5 31 45 79 
1 2 31 47 79 
2 31 48 79 
3 5 31 44 79 
3 31 47 79 
5 31 46 79 
2 5 32 44 79 
2 32 47 79 
1 5 33 44 79 
6 33 44 79 
5 33 45 79 
1 33 47 79 
33 48 79 
5 34 44 79 
34 47 79 
1 2 35 44 79 
3 35 44 79 
2 35 45 79 
35 46 79 
1 2 4 5 9 17 44 80 
2 4 6 9 17 44 80 
2 4 5 9 18 44 80 
1 2 4 9 20 44 80 
2 4 9 21 44 80 
2 4 5 9 17 45 80 
2 4 9 20 45 80 
1 2 4 9 17 47 80 
2 4 9 18 47 80 
2 4 9 17 48 80 
1 2 4 5 9 50 80 
2 4 6 9 50 80 
2 4 5 9 51 80 
1 2 4 9 52 80 
2 4 9 53 80 
3 4 5 9 17 44 80 
3 4 9 20 44 80 
3 4 9 17 47 80 
3 4 5 9 50 80 
3 4 9 52 80 
4 5 9 19 44 80 
4 9 19 47 80 
4 5 9 17 46 80 
4 9 20 46 80 
1 4 5 10 17 44 80 
4 6 10 17 44 80 
4 5 10 18 44 80 
1 4 10 20 44 80 
4 10 21 44 80 
4 5 10 17 45 80 
4 10 20 45 80 
1 4 10 17 47 80 
4 10 18 47 80 
4 10 17 48 80 
1 4 5 10 50 80 
4 6 10 50 80 
4 5 10 51 80 
1 4 10 52 80 
4 10 53 80 
1 2 4 13 17 44 80 
2 4 13 18 44 80 
2 4 13 17 45 80 
1 2 4 13 50 80 
2 4 13 51 80 
3 4 13 17 44 80 
3 4 13 50 80 
4 13 19 44 80 
4 13 17 46 80 
4 14 17 44 80 
4 14 50 80 
1 2 4 23 44 80 
3 4 23 44 80 
2 4 23 45 80 
4 23 46 80 
1 2 4 17 49 80 
3 4 17 49 80 
2 4 18 49 80 
4 19 49 80 
4 55 80 
1 2 7 9 17 44 80 
2 7 9 18 44 80 
2 7 9 17 45 80 
1 2 7 9 50 80 
2 7 9 51 80 
3 7 9 17 44 80 
3 7 9 50 80 
7 9 19 44 80 
7 9 17 46 80 
1 7 10 17 44 80 
7 10 18 44 80 
7 10 17 45 80 
1 7 10 50 80 
7 10 51 80 
2 8 9 17 44 80 
8 10 17 44 80 
2 8 9 50 80 
8 10 50 80 
1 2 5 11 17 44 80 
2 6 11 17 44 80 
2 5 11 18 44 80 
1 2 11 20 44 80 
2 11 21 44 80 
2 5 11 17 45 80 
2 11 20 45 80 
1 2 11 17 47 80 
2 11 18 47 80 
2 11 17 48 80 
1 2 5 11 50 80 
2 6 11 50 80 
2 5 11 51 80 
1 2 11 52 80 
2 11 53 80 
3 5 11 17 44 80 
3 11 20 44 80 
3 11 17 47 80 
3 5 11 50 80 
3 11 52 80 
5 11 19 44 80 
11 19 47 80 
5 11 17 46 80 
11 20 46 80 
1 5 12 17 44 80 
6 12 17 44 80 
5 12 18 44 80 
1 12 20 44 80 
12 21 44 80 
5 12 17 45 80 
12 20 45 80 
1 12 17 47 80 
12 18 47 80 
12 17 48 80 
1 5 12 50 80 
6 12 50 80 
5 12 51 80 
1 12 52 80 
12 53 80 
1 2 15 17 44 80 
2 15 18 44 80 
2 15 17 45 80 
1 2 15 50 80 
2 15 51 80 
3 15 17 44 80 
3 15 50 80 
15 19 44 80 
15 17 46 80 
16 17 44 80 
16 50 80 
1 2 9 22 44 80 
3 9 22 44 80 
2 9 22 45 80 
9 22 46 80 
1 10 22 44 80 
10 22 45 80 
2 9 54 80 
10 54 80 
56 80 
1 4 5 17 44 81 
4 6 17 44 81 
4 5 18 44 81 
1 4 20 44 81 
4 21 44 81 
4 5 17 45 81 
4 20 45 81 
1 4 17 47 81 
4 18 47 81 
4 17 48 81 
1 4 5 50 81 
4 6 50 81 
4 5 51 81 
1 4 52 81 
4 53 81 
1 7 17 44 81 
7 18 44 81 
7 17 45 81 
1 7 50 81 
7 51 81 
8 17 44 81 
8 50 81 
1 22 44 81 
22 45 81 
54 81 
1 5 17 44 82 
6 17 44 82 
5 18 44 82 
1 20 44 82 
21 44 82 
5 17 45 82 
20 45 82 
1 17 47 82 
18 47 82 
17 48 82 
1 5 50 82 
6 50 82 
5 51 82 
1 52 82 
53 82 
17 44 83 
50 83 
1 2 4 5 9 17 24 100 
3 4 5 9 17 24 100 
2 4 5 9 18 24 100 
4 5 9 19 24 100 
1 4 5 9 17 25 100 
4 5 9 18 25 100 
4 5 9 17 26 100 
1 2 4 5 9 31 100 
3 4 5 9 31 100 
2 4 5 9 32 100 
1 4 5 9 33 100 
4 5 9 34 100 
2 4 6 9 17 24 100 
4 6 9 17 25 100 
2 4 6 9 31 100 
4 6 9 33 100 
1 2 4 9 20 24 100 
3 4 9 20 24 100 
1 4 9 20 25 100 
4 9 20 26 100 
2 4 9 21 24 100 
4 9 21 25 100 
1 2 4 9 35 100 
3 4 9 35 100 
1 4 5 10 17 24 100 
4 6 10 17 24 100 
4 5 10 18 24 100 
1 4 10 20 24 100 
4 10 21 24 100 
1 4 5 10 31 100 
4 6 10 31 100 
4 5 10 32 100 
1 4 10 35 100 
1 2 4 13 17 24 100 
3 4 13 17 24 100 
2 4 13 18 24 100 
4 13 19 24 100 
1 4 13 17 25 100 
4 13 18 25 100 
4 13 17 26 100 
1 2 4 13 31 100 
3 4 13 31 100 
2 4 13 32 100 
1 4 13 33 100 
4 13 34 100 
4 14 17 24 100 
4 14 31 100 
1 2 4 23 24 100 
3 4 23 24 100 
1 4 23 25 100 
4 23 26 100 
1 2 4 5 17 27 100 
2 4 6 17 27 100 
2 4 5 18 27 100 
1 2 4 20 27 100 
2 4 21 27 100 
3 4 5 17 27 100 
3 4 20 27 100 
4 5 19 27 100 
1 4 5 17 28 100 
4 6 17 28 100 
4 5 18 28 100 
1 4 20 28 100 
4 21 28 100 
1 2 4 17 30 100 
3 4 17 30 100 
2 4 18 30 100 
4 19 30 100 
1 2 4 5 36 100 
3 4 5 36 100 
2 4 6 36 100 
1 2 4 37 100 
3 4 37 100 
4 38 100 
1 2 7 9 17 24 100 
3 7 9 17 24 100 
2 7 9 18 24 100 
7 9 19 24 100 
1 7 9 17 25 100 
7 9 18 25 100 
7 9 17 26 100 
1 2 7 9 31 100 
3 7 9 31 100 
2 7 9 32 100 
1 7 9 33 100 
7 9 34 100 
1 7 10 17 24 100 
7 10 18 24 100 
1 7 10 31 100 
7 10 32 100 
1 2 7 17 27 100 
3 7 17 27 100 
2 7 18 27 100 
7 19 27 100 
1 7 17 28 100 
7 18 28 100 
1 2 7 36 100 
3 7 36 100 
2 8 9 17 24 100 
8 10 17 24 100 
8 9 17 25 100 
2 8 17 27 100 
8 17 28 100 
2 8 9 31 100 
8 10 31 100 
8 9 33 100 
2 8 36 100 
1 2 5 11 17 24 100 
3 5 11 17 24 100 
2 5 11 18 24 100 
5 11 19 24 100 
1 5 11 17 25 100 
5 11 18 25 100 
5 11 17 26 100 
1 2 5 11 31 100 
3 5 11 31 100 
2 5 11 32 100 
1 5 11 33 100 
5 11 34 100 
2 6 11 17 24 100 
6 11 17 25 100 
2 6 11 31 100 
6 11 33 100 
1 2 11 20 24 100 
3 11 20 24 100 
1 11 20 25 100 
11 20 26 100 
2 11 21 24 100 
11 21 25 100 
1 2 11 35 100 
3 11 35 100 
1 5 12 17 24 100 
6 12 17 24 100 
5 12 18 24 100 
1 12 20 24 100 
12 21 24 100 
1 5 12 31 100 
6 12 31 100 
5 12 32 100 
1 12 35 100 
1 2 15 17 24 100 
3 15 17 24 100 
2 15 18 24 100 
15 19 24 100 
1 15 17 25 100 
15 18 25 100 
15 17 26 100 
1 2 15 31 100 
3 15 31 100 
2 15 32 100 
1 15 33 100 
15 34 100 
16 17 24 100 
16 31 100 
1 2 9 22 24 100 
1 10 22 24 100 
1 9 22 25 100 
1 2 22 27 100 
1 22 28 100 
3 9 22 24 100 
3 22 27 100 
9 22 26 100 
1 2 5 17 29 100 
2 6 17 29 100 
2 5 18 29 100 
1 2 20 29 100 
2 21 29 100 
3 5 17 29 100 
3 20 29 100 
5 19 29 100 
1 2 39 100 
3 39 100 
4 5 9 17 24 101 
4 13 17 24 101 
4 9 20 24 101 
4 23 24 101 
4 5 17 27 101 
4 20 27 101 
4 17 30 101 
4 5 9 31 101 
4 13 31 101 
4 9 35 101 
4 5 36 101 
4 37 101 
7 9 17 24 101 
7 17 27 101 
7 9 31 101 
7 36 101 
5 11 17 24 101 
11 20 24 101 
5 11 31 101 
11 35 101 
15 17 24 101 
15 31 101 
9 22 24 101 
22 27 101 
5 17 29 101 
20 29 101 
39 101 
1 2 17 24 102 
3 17 24 102 
2 18 24 102 
19 24 102 
1 17 25 102 
18 25 102 
17 26 102 
1 2 31 102 
3 31 102 
2 32 102 
1 33 102 
34 102 
1 2 4 5 9 103 
1 2 7 9 103 
1 2 5 11 103 
1 2 4 13 103 
1 2 15 103 
2 4 6 9 103 
2 6 11 103 
2 8 9 103 
3 4 5 9 103 
3 7 9 103 
3 5 11 103 
3 4 13 103 
3 15 103 
1 4 5 10 103 
4 6 10 103 
1 7 10 103 
8 10 103 
1 5 12 103 
6 12 103 
4 14 103 
16 103 
1 2 5 9 104 
3 5 9 104 
2 6 9 104 
1 5 10 104 
6 10 104 
1 2 13 104 
3 13 104 
14 104 
2 4 9 105 
4 10 105 
2 11 105 
12 105 
2 9 106 
10 106 
1 4 5 107 
4 6 107 
1 7 107 
8 107 
1 5 108 
6 108 
4 109 
110 
Altogether 4142 solutions, after 103 updates
