17 34 68 129 
51 190 
85 158 
17 68 158 
235 
60 65 123 
12 48 65 123 
60 181 
3 12 48 178 
12 48 181 
1 2 12 48 64 121 
17 34 190 
1 2 4 8 16 32 64 121 
3 60 178 
34 85 129 
1 2 12 48 178 
1 2 60 64 121 
1 12 48 64 123 
1 16 34 68 129 
1 2 60 178 
17 32 68 131 
2 17 32 68 129 
12 17 34 64 121 
4 8 16 32 65 123 
3 48 190 
1 16 34 190 
12 16 32 181 
12 17 34 178 
1 12 16 34 178 
2 8 85 150 
12 81 152 
2 17 68 157 
1 2 16 68 157 
8 17 68 152 
1 12 16 64 152 
3 48 68 129 
1 60 64 123 
2 60 65 121 
12 49 64 123 
1 12 50 64 121 
8 17 34 68 121 
Altogether 41 solutions, after 103 updates
