17 21 83 103 1139 1176 1212 1310 1573 1843 2240 2257 2485 2722 2925 3432 4568 4906 
128 1203 1212 1310 1478 1493 1692 1728 2257 2757 2925 3445 4568 4906 
17 21 83 103 1034 1071 1125 1161 1212 1310 1573 1843 2240 2257 2485 2722 2925 3432 4568 4906 
83 103 1139 1176 1215 1313 1478 1493 1692 1728 2393 2485 2722 3647 4568 4906 
1139 1176 1227 1326 1573 1843 2257 2757 2925 3445 4568 4906 
128 1203 1212 1310 1696 1768 2257 2757 2925 3445 4568 4906 
124 1203 1215 1313 1595 1831 2393 2722 3682 5254 
124 1203 1215 1313 1595 1831 2393 2485 2722 3647 5254 
124 1215 1313 1595 1690 1720 2393 2485 2722 3647 5270 
124 1203 1215 1313 1595 1690 1720 2393 2485 2722 3647 5254 
124 1203 1215 1313 1696 1768 2393 2722 3682 4568 4906 
124 1203 1215 1313 1573 1843 2393 2485 2722 3647 4568 4906 
83 103 1203 1215 1313 1478 1692 1768 2393 2485 2722 3647 4568 4906 
128 1203 1212 1310 1478 1692 1768 2257 2757 2925 3445 4568 4906 
1203 1227 1326 1478 1493 1692 1728 2257 2757 2925 3445 4568 4906 
25 124 1139 1176 1212 1310 1573 1843 2240 2257 2485 2722 2925 3432 4568 4906 
17 21 83 103 1203 1212 1310 1478 1692 1768 2240 2257 2485 2722 2925 3432 4568 4906 
85 109 1212 1310 1999 2797 3682 5270 
124 1203 1215 1313 1573 1843 2393 2722 3682 5254 
124 1203 1215 1313 1999 2393 2485 2722 3647 5254 
85 109 1203 1212 1310 1478 1692 1768 2393 2485 2722 3647 5254 
124 216 1203 1215 1313 1566 1690 1720 2393 2485 2722 3647 5254 
124 1203 1215 1313 1595 1690 1720 2230 2235 2257 2485 2722 2925 3277 3322 5254 
85 109 1280 1381 1595 1831 4677 5024 
85 109 1203 1212 1310 1696 1768 2797 3682 4568 4906 
124 1203 1215 1313 1999 2393 2722 3682 4568 4906 
124 1203 1215 1313 1999 2393 2485 2722 3647 4568 4906 
25 124 1203 1212 1310 1573 1843 2393 2485 2722 3647 4568 4906 
124 1203 1215 1313 1595 1831 2393 2485 2722 3647 4568 4906 
1203 1227 1326 1573 1843 2257 2757 2925 3445 4568 4906 
128 1203 1212 1310 1573 1843 2257 2757 2925 3445 4568 4906 
151 216 1203 1227 1326 1566 1824 2257 2757 2925 3445 4568 4906 
128 1203 1212 1310 1595 1690 1720 2257 2757 2925 3445 4568 4906 
1139 1176 1227 1326 1478 1493 1692 1728 2257 2757 2925 3445 4568 4906 
17 21 83 103 1139 1176 1212 1310 1573 1843 2240 2257 2722 2925 3445 4568 4906 
25 124 1203 1212 1310 1999 2240 2257 2485 2722 2925 3432 4568 4906 
25 124 1203 1212 1310 1573 1843 2240 2257 2485 2722 2925 3432 4568 4906 
124 151 1203 1215 1313 1595 1824 2240 2257 2485 2722 2925 3432 4568 4906 
1139 1176 1227 1326 1573 1843 2240 2257 2485 2722 2925 3432 4568 4906 
25 124 1034 1071 1125 1161 1212 1310 1573 1843 2240 2257 2485 2722 2925 3432 4568 4906 
1203 1227 1326 1478 1692 1768 2240 2257 2485 2722 2925 3432 4568 4906 
83 103 1203 1215 1313 1478 1692 1768 2240 2257 2485 2722 2925 3432 4568 4906 
25 124 1139 1176 1212 1310 1478 1692 1768 2240 2257 2485 2722 2925 3432 4568 4906 
124 216 1203 1215 1313 1566 1690 1720 2240 2257 2485 2722 2925 3432 4568 4906 
124 1203 1215 1313 1478 1493 1692 1728 2240 2257 2485 2722 2925 3432 4568 4906 
128 1203 1212 1310 1696 1768 2257 2657 2684 2925 3282 3327 4568 4906 
17 21 83 103 1034 1071 1125 1161 1212 1310 1573 1843 2240 2257 2485 2722 2925 3432 4139 4237 4486 4780 
25 124 1212 1310 1478 1493 1692 1728 2240 2257 2485 2722 2925 3432 4140 4253 4487 4785 
124 1203 1215 1313 1999 2235 2257 2445 2657 2672 2925 3282 3322 4139 4237 4486 4780 
14 23 74 117 1212 1310 1478 1493 1692 1728 2230 2235 2257 2427 2445 2650 2672 2925 3277 3322 4140 4253 4487 4785 
128 1212 1310 1999 2797 3682 5270 
85 109 1212 1310 1595 1831 2797 3682 5270 
85 109 216 1139 1176 1212 1310 1566 1831 2797 3682 5254 
83 1215 1326 1493 1696 1728 2797 3682 5270 
128 216 1203 1212 1310 1566 1690 1720 2797 3682 5254 
25 83 103 1203 1212 1310 1478 1493 1692 1728 2797 3682 5254 
124 1203 1215 1313 1999 2393 2722 3682 5254 
124 1215 1313 1696 1768 2393 2722 3682 5270 
85 109 1212 1310 1696 1768 2393 2722 3682 5270 
25 124 1203 1212 1310 1595 1690 1720 2240 2257 2722 3682 5254 
124 1203 1215 1313 1595 1690 1720 2230 2235 2257 2722 3682 5254 
124 1215 1313 1999 2393 2485 2722 3647 5270 
25 124 1212 1310 1999 2393 2485 2722 3647 5270 
85 109 1203 1212 1310 1999 2393 2485 2722 3647 5254 
124 1215 1313 1595 1831 2393 2485 2722 3647 5270 
83 103 1215 1313 1595 1831 2393 2485 2722 3647 5270 
83 103 151 1215 1313 1595 1824 2393 2485 2722 3647 5270 
124 151 216 1215 1313 1566 1824 2393 2485 2722 3647 5270 
124 151 1203 1215 1313 1595 1824 2393 2485 2722 3647 5254 
124 216 1203 1215 1313 1566 1831 2393 2485 2722 3647 5254 
124 1215 1313 1478 1493 1843 2393 2485 2722 3647 5270 
25 124 1203 1212 1310 1696 1768 2393 2485 2722 3647 5254 
17 21 124 1203 1212 1310 1696 1768 2393 2485 2722 3647 5254 
124 1203 1215 1313 1478 1692 1768 2393 2485 2722 3647 5254 
103 1227 1313 1595 1690 1720 2393 2485 2722 3647 5270 
83 103 216 1215 1313 1566 1690 1720 2393 2485 2722 3647 5270 
124 139 1203 1215 1313 1595 1689 1720 2393 2485 2722 3647 5254 
1227 1326 1478 1493 1692 1728 2393 2485 2722 3647 5270 
25 124 216 1203 1212 1310 1566 1690 1720 2240 2257 2485 2722 3647 5254 
103 1203 1227 1313 1696 1768 2230 2235 2257 2485 2722 3647 5254 
124 216 1203 1215 1313 1571 1689 1720 2230 2235 2257 2485 2722 3647 5254 
128 1203 1212 1310 1999 2257 2757 2925 3445 5254 
128 151 216 1212 1310 1566 1824 2257 2757 2925 3445 5270 
109 1203 1227 1310 1573 1843 2257 2757 2925 3445 5254 
128 1203 1212 1310 1573 1843 2257 2757 2925 3445 5254 
1203 1227 1326 1696 1768 2257 2757 2925 3445 5254 
128 1203 1212 1310 1696 1768 2257 2757 2925 3445 5254 
85 109 1203 1212 1310 1696 1768 2257 2757 2925 3445 5254 
128 1203 1212 1310 1493 1696 1728 2257 2757 2925 3445 5254 
1203 1227 1326 1595 1690 1720 2257 2757 2925 3445 5254 
25 124 1203 1212 1310 1696 1768 2257 2485 2757 2925 3432 5254 
128 1212 1310 1493 1696 1728 2393 2485 2722 2925 3432 5270 
25 124 139 216 1203 1212 1310 1566 1689 1720 2393 2485 2722 2925 3432 5254 
124 1203 1215 1313 1595 1831 2240 2257 2485 2722 2925 3432 5254 
25 124 1203 1212 1310 1595 1831 2240 2257 2485 2722 2925 3432 5254 
124 1203 1215 1313 1696 1768 2240 2257 2485 2722 2925 3432 5254 
25 124 1203 1212 1310 1696 1768 2240 2257 2485 2722 2925 3432 5254 
124 1203 1215 1313 1478 1493 1692 1728 2240 2257 2485 2722 2925 3432 5254 
25 124 1203 1212 1310 1595 1690 1720 2230 2235 2257 2485 2722 2925 3432 5254 
14 23 124 1212 1310 1478 1493 1692 1728 2230 2235 2257 2485 2722 2925 3432 5270 
83 103 151 216 1203 1215 1313 1566 1824 2230 2235 2257 2722 2925 3282 3327 5254 
124 1203 1215 1313 1573 1843 2230 2235 2257 2485 2722 2925 3277 3322 5254 
124 139 140 216 1203 1215 1313 1566 1824 2230 2235 2257 2485 2722 2925 3277 3322 5254 
124 1203 1215 1313 1696 1768 2230 2235 2257 2485 2722 2925 3277 3322 5254 
25 124 1203 1212 1310 1696 1768 2230 2235 2257 2485 2722 2925 3277 3322 5254 
14 23 74 117 1203 1212 1310 1493 1696 1728 2230 2235 2257 2485 2722 2925 3277 3322 5254 
85 109 1203 1212 1310 1595 1690 1720 2230 2235 2257 2485 2722 2925 3277 3322 5254 
124 139 140 216 1203 1215 1313 1566 1689 1719 2230 2235 2257 2485 2722 2925 3277 3322 5254 
124 945 1203 1215 1313 1595 1690 1720 2230 2235 2257 2485 2722 2925 3277 3322 5250 
85 109 1203 1212 1310 1478 1493 1692 1728 2230 2235 2257 2485 2722 2925 3277 3322 5254 
128 1203 1212 1310 1478 1692 1768 2257 2427 2445 2757 2925 3277 3322 5254 
83 103 1215 1313 1478 1493 1692 1728 2230 2235 2257 2427 2445 2722 2925 3277 3322 5270 
128 216 1203 1212 1310 1566 1690 1720 2257 2657 2684 2925 3282 3327 5254 
74 216 1203 1222 1319 1566 1690 1720 2230 2235 2257 2650 2672 2925 3282 3327 5254 
69 73 79 101 1203 1212 1310 1696 1768 2230 2235 2257 2427 2445 2650 2672 2925 3277 3322 5254 
3 10 124 216 750 1202 1215 1313 1566 1831 2393 2485 2722 3647 4137 5239 
83 103 1203 1215 1313 1573 1843 2393 2485 2722 3647 4334 5074 
124 1203 1215 1313 1696 1768 2393 2485 2722 3647 4334 5074 
124 1203 1215 1313 1595 1690 1720 2393 2485 2722 3647 4334 5074 
124 216 1104 1190 1215 1313 1566 1690 1720 2393 2485 2722 3647 4334 5074 
17 21 83 103 420 1203 1212 1310 1478 1493 1692 1728 2393 2485 2712 2925 3432 4334 5074 
25 124 216 1212 1310 1477 1492 1831 2240 2257 2485 2722 2925 3432 4343 5081 
124 1203 1215 1313 1595 1690 1720 2240 2257 2485 2722 2925 3432 4334 5074 
85 109 1203 1212 1310 1478 1692 1768 2230 2235 2257 2427 2445 2722 2925 3277 3322 4139 4237 5074 
85 109 1280 1381 1696 1768 4677 5024 
85 109 1203 1212 1310 1999 2797 4568 5024 
25 124 1203 1212 1310 1573 1843 2240 2257 2722 3445 4568 4949 
17 21 83 103 151 216 1280 1381 1566 1824 2240 2257 2485 2722 3432 4568 4949 
5 9 85 109 822 888 1138 1174 1212 1310 1999 2797 3682 4565 4903 
85 109 216 1280 1381 1566 1831 2797 3682 4568 4906 
124 1203 1215 1313 1595 1831 2797 3682 4568 4906 
85 109 216 1203 1212 1310 1566 1831 2797 3682 4568 4906 
128 1203 1212 1310 1696 1768 2797 3682 4568 4906 
83 103 1203 1215 1313 1696 1768 2797 3682 4568 4906 
85 109 1034 1071 1125 1161 1212 1310 1696 1768 2797 3682 4568 4906 
85 109 216 1203 1212 1310 1566 1690 1720 2797 3682 4568 4906 
216 1139 1176 1227 1326 1566 1690 1720 2797 3682 4568 4906 
85 109 1280 1381 1478 1493 1692 1728 2797 3682 4568 4906 
85 109 1203 1212 1310 1478 1493 1692 1728 2797 3682 4568 4906 
1203 1227 1326 1999 2257 2757 3682 4568 4906 
128 1203 1212 1310 1696 1768 2257 2757 3682 4568 4906 
25 124 1280 1381 1999 2393 2722 3682 4568 4906 
11 124 1202 1215 1313 1999 2393 2722 3682 4568 4906 
14 23 74 117 1034 1071 1125 1161 1212 1310 1999 2393 2722 3682 4568 4906 
83 151 1148 1215 1326 1595 1824 2393 2722 3682 4566 4912 
124 151 1203 1215 1313 1566 1843 2393 2722 3682 4568 4906 
151 1203 1227 1326 1595 1824 2393 2722 3682 4568 4906 
85 109 151 216 1203 1212 1310 1566 1824 2393 2722 3682 4568 4906 
124 1139 1176 1215 1313 1595 1831 2393 2722 3682 4568 4906 
124 1203 1215 1313 1478 1493 1843 2393 2722 3682 4568 4906 
25 83 103 139 1203 1212 1310 1477 1493 1843 2393 2722 3682 4568 4906 
124 216 1104 1190 1215 1313 1566 1690 1720 2393 2722 3682 4568 4906 
124 1203 1215 1313 1478 1493 1692 1728 2393 2722 3682 4568 4906 
85 109 1203 1212 1310 1999 2240 2257 2722 3682 4568 4906 
124 1203 1215 1313 1999 2230 2235 2257 2722 3682 4568 4906 
11 85 109 1202 1212 1310 1478 1493 1692 1728 2257 2485 2757 3647 4568 4906 
124 1215 1313 1999 2393 2485 2722 3647 4579 4912 
83 103 1203 1215 1313 1999 2393 2485 2722 3647 4568 4906 
124 373 420 1203 1215 1313 1999 2393 2482 2712 3647 4568 4906 
124 1139 1176 1215 1313 1999 2393 2485 2722 3647 4568 4906 
25 83 103 1203 1212 1310 1573 1843 2393 2485 2722 3647 4568 4906 
124 216 1203 1215 1313 1566 1831 2393 2485 2722 3647 4568 4906 
124 151 216 1203 1215 1313 1566 1824 2393 2485 2722 3647 4568 4906 
25 124 139 140 216 1203 1212 1310 1566 1824 2393 2485 2722 3647 4568 4906 
83 103 139 140 822 1203 1215 1313 1595 1824 2393 2485 2722 3647 4565 4906 
124 1139 1176 1215 1313 1573 1843 2393 2485 2722 3647 4568 4906 
124 1139 1176 1215 1313 1595 1831 2393 2485 2722 3647 4568 4906 
124 216 1139 1176 1215 1313 1566 1831 2393 2485 2722 3647 4568 4906 
83 103 216 1139 1176 1215 1313 1566 1831 2393 2485 2722 3647 4568 4906 
124 151 216 1139 1176 1215 1313 1566 1824 2393 2485 2722 3647 4568 4906 
83 103 151 216 1139 1176 1215 1313 1566 1824 2393 2485 2722 3647 4568 4906 
83 103 139 140 216 1139 1176 1215 1313 1566 1824 2393 2485 2722 3647 4568 4906 
83 103 1203 1215 1313 1696 1768 2393 2485 2722 3647 4568 4906 
124 1139 1176 1215 1313 1696 1768 2393 2485 2722 3647 4568 4906 
85 109 1139 1176 1212 1310 1696 1768 2393 2485 2722 3647 4568 4906 
124 1203 1215 1313 1478 1692 1768 2393 2485 2722 3647 4568 4906 
83 103 1139 1176 1215 1313 1478 1692 1768 2393 2485 2722 3647 4568 4906 
83 103 1034 1071 1125 1161 1215 1313 1478 1692 1768 2393 2485 2722 3647 4568 4906 
216 1203 1227 1326 1566 1690 1720 2393 2485 2722 3647 4568 4906 
124 216 1203 1215 1313 1566 1690 1720 2393 2485 2722 3647 4568 4906 
17 21 124 216 1203 1212 1310 1566 1690 1720 2393 2485 2722 3647 4568 4906 
11 124 139 216 1202 1215 1313 1572 1689 1719 2393 2485 2722 3647 4568 4906 
11 124 139 140 216 1202 1215 1313 1566 1689 1719 2393 2485 2722 3647 4568 4906 
83 103 139 140 216 1203 1215 1313 1566 1689 1719 2393 2485 2722 3647 4568 4906 
83 103 140 1104 1190 1215 1313 1595 1690 1719 2393 2485 2722 3647 4568 4906 
124 1139 1176 1215 1313 1595 1690 1720 2393 2485 2722 3647 4568 4906 
83 103 216 1139 1176 1215 1313 1566 1690 1720 2393 2485 2722 3647 4568 4906 
11 124 1202 1215 1313 1478 1493 1692 1728 2393 2485 2722 3647 4568 4906 
83 103 1203 1215 1313 1478 1493 1692 1728 2393 2485 2722 3647 4568 4906 
83 103 139 1203 1215 1313 1477 1493 1692 1728 2393 2485 2722 3647 4568 4906 
25 83 103 139 1203 1212 1310 1477 1493 1692 1728 2393 2485 2722 3647 4568 4906 
124 139 140 175 180 1203 1215 1313 1477 1492 1689 1719 2393 2485 2722 3647 4568 4906 
83 103 139 140 175 180 420 1203 1215 1313 1477 1492 1689 1719 2393 2485 2712 3647 4568 4906 
124 139 140 175 180 822 888 1203 1215 1313 1477 1492 1689 1719 2393 2485 2722 3647 4565 4903 
17 21 83 103 1139 1176 1212 1310 1573 1843 2240 2257 2485 2722 3647 4568 4906 
25 124 216 1203 1212 1310 1566 1690 1720 2240 2257 2485 2722 3647 4568 4906 
83 1203 1215 1326 1478 1493 1692 1728 2240 2257 2485 2722 3647 4568 4906 
124 1203 1215 1313 1478 1493 1692 1728 2240 2257 2485 2722 3647 4568 4906 
11 25 124 139 1202 1212 1310 1477 1493 1692 1728 2240 2257 2485 2722 3647 4568 4906 
1139 1176 1227 1326 1478 1493 1692 1728 2240 2257 2485 2722 3647 4568 4906 
83 103 1139 1176 1215 1313 1478 1493 1692 1728 2240 2257 2485 2722 3647 4568 4906 
14 23 124 1203 1212 1310 1573 1843 2230 2235 2257 2485 2722 3647 4568 4906 
85 109 1139 1176 1212 1310 1493 1696 1728 2230 2235 2257 2485 2722 3647 4568 4906 
124 1203 1215 1313 1595 1690 1720 2230 2235 2257 2485 2722 3647 4568 4906 
14 23 124 1203 1212 1310 1595 1690 1720 2230 2235 2257 2485 2722 3647 4568 4906 
128 1280 1381 1999 2257 2757 2925 3445 4568 4906 
128 1203 1212 1310 1999 2257 2757 2925 3445 4568 4906 
1104 1190 1227 1326 1999 2257 2757 2925 3445 4568 4906 
128 1139 1176 1212 1310 1573 1843 2257 2757 2925 3445 4568 4906 
128 151 216 1139 1176 1212 1310 1566 1824 2257 2757 2925 3445 4568 4906 
25 124 1034 1071 1125 1161 1212 1310 1573 1843 2257 2757 2925 3445 4568 4906 
11 128 216 1202 1212 1310 1478 1493 1824 2257 2757 2925 3445 4568 4906 
128 1212 1310 1696 1768 2257 2757 2925 3445 4569 4915 
85 109 1203 1212 1310 1696 1768 2257 2757 2925 3445 4568 4906 
1227 1326 1478 1692 1768 2257 2757 2925 3445 4569 4915 
128 823 1212 1310 1478 1692 1768 2257 2757 2925 3445 4566 4915 
85 109 1280 1381 1595 1690 1720 2257 2757 2925 3445 4568 4906 
11 216 1202 1227 1326 1566 1690 1720 2257 2757 2925 3445 4568 4906 
128 139 140 216 1203 1212 1310 1566 1689 1719 2257 2757 2925 3445 4568 4906 
216 1139 1176 1227 1326 1566 1690 1720 2257 2757 2925 3445 4568 4906 
124 1203 1215 1313 1478 1493 1692 1728 2257 2757 2925 3445 4568 4906 
83 103 1203 1215 1313 1478 1493 1692 1728 2257 2757 2925 3445 4568 4906 
25 124 216 1203 1212 1310 1478 1493 1689 1719 2257 2757 2925 3445 4568 4906 
85 109 1139 1176 1212 1310 1478 1493 1692 1728 2257 2757 2925 3445 4568 4906 
1 2 4 7 1033 1069 1122 1157 1227 1326 1478 1493 1692 1728 2257 2757 2925 3445 4568 4906 
128 1034 1071 1125 1161 1212 1310 1478 1493 1692 1728 2257 2757 2925 3445 4568 4906 
5 9 124 1202 1215 1313 1573 1843 2393 2722 2925 3445 4568 4906 
17 21 83 103 1139 1176 1212 1310 1573 1843 2393 2722 2925 3445 4568 4906 
1203 1227 1326 1573 1843 2240 2257 2722 2925 3445 4568 4906 
25 124 1203 1212 1310 1573 1843 2240 2257 2722 2925 3445 4568 4906 
17 21 83 103 1203 1212 1310 1478 1692 1768 2240 2257 2722 2925 3445 4568 4906 
1139 1176 1227 1326 1595 1690 1720 2240 2257 2722 2925 3445 4568 4906 
1139 1176 1227 1326 1478 1493 1692 1728 2257 2485 2757 2925 3432 4568 4906 
17 21 83 103 1203 1212 1310 1573 1843 2393 2485 2722 2925 3432 4568 4906 
83 103 216 1203 1215 1313 1566 1690 1720 2393 2485 2722 2925 3432 4568 4906 
1203 1227 1326 1478 1493 1692 1728 2393 2485 2722 2925 3432 4568 4906 
17 21 83 103 139 140 175 180 1203 1212 1310 1477 1492 1689 1719 2393 2485 2722 2925 3432 4568 4906 
25 124 373 420 1203 1212 1310 1999 2240 2257 2482 2712 2925 3432 4568 4906 
1104 1125 1161 1227 1326 1999 2240 2257 2485 2722 2925 3432 4568 4906 
124 1203 1215 1313 1573 1843 2240 2257 2485 2722 2925 3432 4568 4906 
17 21 124 1203 1212 1310 1573 1843 2240 2257 2485 2722 2925 3432 4568 4906 
14 23 74 117 1203 1212 1310 1573 1843 2240 2257 2485 2722 2925 3432 4568 4906 
25 83 103 1203 1212 1310 1573 1843 2240 2257 2485 2722 2925 3432 4568 4906 
85 109 216 1203 1212 1310 1566 1831 2240 2257 2485 2722 2925 3432 4568 4906 
124 151 216 1203 1215 1313 1566 1824 2240 2257 2485 2722 2925 3432 4568 4906 
124 139 140 216 1203 1215 1313 1566 1824 2240 2257 2485 2722 2925 3432 4568 4906 
83 103 139 140 216 1203 1215 1313 1566 1824 2240 2257 2485 2722 2925 3432 4568 4906 
25 83 103 151 373 420 1203 1212 1310 1595 1824 2240 2257 2482 2712 2925 3432 4568 4906 
124 151 216 373 420 1203 1215 1313 1566 1824 2240 2257 2482 2712 2925 3432 4568 4906 
17 21 83 103 1104 1190 1212 1310 1573 1843 2240 2257 2485 2722 2925 3432 4568 4906 
25 124 1203 1212 1310 1478 1493 1843 2240 2257 2485 2722 2925 3432 4568 4906 
11 17 21 83 103 1202 1212 1310 1696 1768 2240 2257 2485 2722 2925 3432 4568 4906 
17 21 83 103 140 180 1203 1212 1310 1696 1767 2240 2257 2485 2722 2925 3432 4568 4906 
25 124 1212 1310 1478 1692 1768 2240 2257 2485 2722 2925 3432 4569 4915 
25 124 1203 1212 1310 1478 1692 1768 2240 2257 2485 2722 2925 3432 4568 4906 
11 25 124 1202 1212 1310 1478 1692 1768 2240 2257 2485 2722 2925 3432 4568 4906 
17 83 109 373 1203 1212 1310 1478 1692 1768 2240 2257 2482 2722 2925 3432 4568 4906 
17 21 83 103 1203 1212 1310 1493 1696 1728 2240 2257 2485 2722 2925 3432 4568 4906 
124 1203 1215 1313 1595 1690 1720 2240 2257 2485 2722 2925 3432 4568 4906 
17 21 83 103 139 140 1203 1212 1310 1595 1689 1719 2240 2257 2485 2722 2925 3432 4568 4906 
25 124 216 1203 1212 1310 1566 1690 1720 2240 2257 2485 2722 2925 3432 4568 4906 
83 103 216 1203 1215 1313 1566 1690 1720 2240 2257 2485 2722 2925 3432 4568 4906 
11 83 103 139 140 216 1202 1215 1313 1566 1689 1719 2240 2257 2485 2722 2925 3432 4568 4906 
85 109 139 140 216 1203 1212 1310 1566 1689 1719 2240 2257 2485 2722 2925 3432 4568 4906 
1203 1227 1326 1478 1493 1692 1728 2240 2257 2485 2722 2925 3432 4568 4906 
11 124 1202 1215 1313 1478 1493 1692 1728 2240 2257 2485 2722 2925 3432 4568 4906 
83 103 1203 1215 1313 1478 1493 1692 1728 2240 2257 2485 2722 2925 3432 4568 4906 
5 9 85 109 1202 1212 1310 1478 1493 1692 1728 2240 2257 2485 2722 2925 3432 4568 4906 
25 83 103 1203 1212 1310 1478 1493 1692 1728 2240 2257 2485 2722 2925 3432 4568 4906 
25 124 175 180 1203 1212 1310 1477 1492 1690 1720 2240 2257 2485 2722 2925 3432 4568 4906 
83 103 139 140 175 180 1203 1215 1313 1477 1492 1689 1719 2240 2257 2485 2722 2925 3432 4568 4906 
17 21 83 103 139 140 175 180 1203 1212 1310 1477 1492 1689 1719 2240 2257 2485 2722 2925 3432 4568 4906 
83 103 175 180 420 1203 1215 1313 1477 1492 1690 1720 2240 2257 2485 2712 2925 3432 4568 4906 
83 103 139 140 175 180 373 420 1203 1215 1313 1477 1492 1689 1719 2240 2257 2482 2712 2925 3432 4568 4906 
124 1139 1176 1215 1313 1478 1493 1692 1728 2240 2257 2485 2722 2925 3432 4568 4906 
128 1139 1176 1212 1310 1478 1493 1692 1728 2240 2257 2485 2722 2925 3432 4568 4906 
14 23 74 117 1139 1176 1212 1310 1478 1493 1692 1728 2240 2257 2485 2722 2925 3432 4568 4906 
83 103 1139 1176 1215 1313 1478 1493 1692 1728 2240 2257 2485 2722 2925 3432 4568 4906 
17 21 83 103 1139 1176 1212 1310 1478 1493 1692 1728 2240 2257 2485 2722 2925 3432 4568 4906 
124 1034 1071 1125 1161 1215 1313 1478 1493 1692 1728 2240 2257 2485 2722 2925 3432 4568 4906 
85 109 139 140 1203 1212 1310 1595 1824 2230 2235 2257 2485 2722 2925 3432 4568 4906 
83 103 151 216 1203 1215 1313 1566 1824 2230 2235 2257 2485 2722 2925 3432 4568 4906 
128 1203 1212 1310 1478 1692 1768 2230 2235 2257 2485 2722 2925 3432 4568 4906 
17 21 83 103 139 140 216 1203 1212 1310 1566 1689 1719 2230 2235 2257 2485 2722 2925 3432 4568 4906 
85 109 1203 1212 1310 1478 1493 1843 2230 2235 2257 2427 2445 2650 2672 2925 3432 4568 4906 
14 23 74 117 1139 1176 1212 1310 1478 1493 1692 1728 2230 2235 2485 2722 3277 3322 4609 4949 
17 21 83 103 1203 1212 1310 1573 1843 2230 2235 2257 2722 2925 3282 3327 4568 4906 
14 23 124 1203 1212 1310 1696 1768 2230 2235 2257 2722 2925 3282 3327 4568 4906 
128 1203 1212 1310 1478 1692 1768 2230 2235 2257 2722 2925 3282 3327 4568 4906 
83 103 1203 1215 1313 1478 1493 1692 1728 2393 2485 2722 2925 3277 3322 4568 4906 
124 1203 1215 1313 1999 2230 2235 2257 2485 2722 2925 3277 3322 4568 4906 
85 109 1203 1212 1310 1999 2230 2235 2257 2485 2722 2925 3277 3322 4568 4906 
11 14 23 124 1202 1212 1310 1573 1843 2230 2235 2257 2485 2722 2925 3277 3322 4568 4906 
25 124 1139 1176 1212 1310 1573 1843 2230 2235 2257 2485 2722 2925 3277 3322 4568 4906 
14 23 74 117 1203 1212 1310 1478 1493 1843 2230 2235 2257 2485 2722 2925 3277 3322 4568 4906 
139 216 1139 1176 1227 1326 1477 1493 1824 2230 2235 2257 2485 2722 2925 3277 3322 4568 4906 
124 1203 1215 1313 1478 1692 1768 2230 2235 2257 2485 2722 2925 3277 3322 4568 4906 
83 103 1203 1215 1313 1478 1692 1768 2230 2235 2257 2485 2722 2925 3277 3322 4568 4906 
14 23 124 1203 1212 1310 1595 1690 1720 2230 2235 2257 2485 2722 2925 3277 3322 4568 4906 
14 23 124 139 140 1203 1212 1310 1595 1689 1719 2230 2235 2257 2485 2722 2925 3277 3322 4568 4906 
11 124 139 140 216 1202 1215 1313 1566 1689 1719 2230 2235 2257 2485 2722 2925 3277 3322 4568 4906 
85 109 139 140 216 1203 1212 1310 1566 1689 1719 2230 2235 2257 2485 2722 2925 3277 3322 4568 4906 
124 216 1139 1176 1215 1313 1566 1690 1720 2230 2235 2257 2485 2722 2925 3277 3322 4568 4906 
25 124 1280 1381 1478 1493 1692 1728 2230 2235 2257 2485 2722 2925 3277 3322 4568 4906 
83 103 1203 1215 1313 1478 1493 1692 1728 2230 2235 2257 2485 2722 2925 3277 3322 4568 4906 
14 23 124 1139 1176 1212 1310 1478 1493 1692 1728 2230 2235 2257 2485 2722 2925 3277 3322 4568 4906 
83 103 1139 1176 1215 1313 1478 1493 1692 1728 2230 2235 2257 2485 2722 2925 3277 3322 4568 4906 
17 21 83 103 1139 1176 1212 1310 1478 1493 1692 1728 2230 2235 2257 2485 2722 2925 3277 3322 4568 4906 
12 13 15 19 83 103 1139 1176 1212 1310 1478 1493 1692 1728 2230 2235 2257 2485 2722 2925 3277 3322 4568 4906 
83 103 140 1139 1176 1215 1313 1478 1492 1692 1728 2230 2235 2257 2485 2722 2925 3277 3322 4568 4906 
17 21 83 103 1139 1176 1212 1310 1478 1493 1692 1728 2230 2235 2257 2427 2445 2722 2925 3277 3322 4568 4906 
128 1203 1212 1310 1478 1493 1843 2257 2657 2684 2925 3282 3327 4568 4906 
85 109 1203 1212 1310 1696 1768 2257 2657 2684 2925 3282 3327 4568 4906 
1203 1227 1326 1478 1493 1692 1728 2257 2657 2684 2925 3282 3327 4568 4906 
83 103 139 140 175 180 1034 1071 1125 1161 1215 1313 1477 1492 1689 1719 2235 2257 2445 2657 2672 2925 3282 3322 4568 4906 
17 83 109 1139 1176 1212 1310 1478 1692 1768 2230 2235 2257 2427 2445 2650 2672 2925 3277 3322 4568 4906 
85 109 1203 1212 1310 1573 1843 2393 2722 3682 4139 4486 4906 
83 103 1139 1176 1215 1313 1696 1768 2393 2485 2722 3647 4139 4486 4906 
1034 1071 1125 1161 1227 1326 1573 1843 2257 2757 2925 3445 4139 4486 4906 
124 1034 1071 1125 1161 1215 1313 1573 1843 2230 2235 2257 2722 2925 3445 4755 4780 
124 1203 1215 1313 1478 1493 1843 2393 2485 2722 3647 4237 4568 4780 
124 140 1139 1176 1215 1313 1478 1492 1692 1728 2393 2485 2722 3647 4237 4568 4780 
128 1203 1212 1310 1478 1493 1692 1728 2257 2757 2925 3445 4237 4568 4780 
25 124 1203 1212 1310 1478 1493 1692 1728 2257 2757 2925 3445 4237 4568 4780 
128 1203 1212 1310 1478 1493 1692 1728 2257 2485 2757 2925 3432 4237 4568 4780 
11 128 1202 1212 1310 1595 1831 2240 2257 2485 2722 2925 3432 4237 4568 4780 
17 21 124 1212 1310 1478 1493 1692 1728 2240 2257 2485 2722 2925 3432 4253 4569 4785 
11 12 13 15 19 124 1138 1174 1212 1310 1478 1493 1692 1728 2230 2235 2257 2485 2722 2925 3432 4237 4568 4780 
124 1215 1313 1478 1692 1768 2393 2485 2722 2925 3277 3322 4253 4569 4785 
25 124 1203 1212 1310 1478 1493 1692 1728 2230 2235 2257 2485 2722 2925 3277 3322 4237 4568 4780 
83 103 1139 1176 1215 1313 1478 1493 1692 1728 2230 2235 2257 2485 2722 2925 3277 3322 4237 4568 4780 
83 103 151 216 1104 1125 1161 1215 1313 1566 1824 2393 2722 3682 4334 4486 4780 
14 23 124 1212 1310 1478 1493 1692 1728 2230 2235 2257 2485 2722 2925 3277 3322 4343 4487 4785 
124 1203 1215 1313 1595 1831 2393 2722 3682 4139 4237 4486 4780 
3 10 17 21 124 216 1103 1188 1212 1310 1478 1493 1689 1719 2240 2257 2722 3682 4139 4237 4486 4780 
83 103 1215 1313 1573 1843 2393 2485 2722 3647 4140 4253 4487 4785 
25 124 216 1212 1310 1566 1831 2393 2485 2722 3647 4140 4253 4487 4785 
124 1203 1215 1313 1573 1843 2393 2485 2722 3647 4139 4237 4486 4780 
124 151 216 1104 1190 1215 1313 1566 1824 2393 2485 2722 3647 4139 4237 4486 4780 
17 21 124 1212 1310 1478 1493 1843 2393 2485 2722 3647 4140 4253 4487 4785 
124 1215 1313 1478 1692 1768 2393 2485 2722 3647 4140 4253 4487 4785 
3 124 1105 1188 1215 1313 1478 1692 1768 2393 2485 2722 3647 4139 4237 4486 4780 
124 139 140 216 1215 1313 1566 1689 1719 2393 2485 2722 3647 4140 4253 4487 4785 
124 1215 1313 1478 1493 1692 1728 2393 2485 2722 3647 4140 4253 4487 4785 
83 103 373 1215 1313 1478 1493 1692 1728 2393 2482 2722 3647 4140 4253 4487 4785 
3 10 83 103 1103 1188 1215 1313 1478 1493 1692 1728 2393 2485 2722 3647 4139 4237 4486 4780 
124 1215 1313 1478 1493 1692 1728 2230 2235 2257 2485 2722 3647 4140 4253 4487 4785 
1034 1071 1125 1161 1227 1326 1478 1493 1692 1728 2257 2757 2925 3445 4139 4237 4486 4780 
1 2 4 7 17 21 83 103 1033 1069 1122 1157 1212 1310 1478 1493 1692 1728 2257 2757 2925 3445 4139 4237 4486 4780 
17 21 83 103 1034 1071 1125 1161 1212 1310 1478 1493 1692 1728 2240 2257 2722 2925 3445 4139 4237 4486 4780 
83 103 1034 1071 1125 1161 1215 1313 1573 1843 2393 2485 2722 2925 3432 4139 4237 4486 4780 
3 10 14 23 124 139 216 373 1103 1188 1212 1310 1566 1689 1720 2393 2482 2722 2925 3432 4139 4237 4486 4780 
85 109 1203 1212 1310 1999 2240 2257 2485 2722 2925 3432 4139 4237 4486 4780 
25 124 1212 1310 1573 1843 2240 2257 2485 2722 2925 3432 4140 4253 4487 4785 
124 151 1215 1313 1595 1824 2240 2257 2485 2722 2925 3432 4140 4253 4487 4785 
25 124 216 1212 1310 1566 1831 2240 2257 2485 2722 2925 3432 4140 4253 4487 4785 
124 1203 1215 1313 1595 1831 2240 2257 2485 2722 2925 3432 4139 4237 4486 4780 
25 124 1139 1176 1212 1310 1573 1843 2240 2257 2485 2722 2925 3432 4139 4237 4486 4780 
17 21 83 103 1139 1176 1212 1310 1573 1843 2240 2257 2485 2722 2925 3432 4139 4237 4486 4780 
25 124 1104 1190 1212 1310 1478 1692 1768 2240 2257 2485 2722 2925 3432 4139 4237 4486 4780 
25 124 1139 1176 1212 1310 1478 1692 1768 2240 2257 2485 2722 2925 3432 4139 4237 4486 4780 
25 83 103 1034 1071 1125 1161 1212 1310 1493 1696 1728 2240 2257 2485 2722 2925 3432 4139 4237 4486 4780 
25 124 151 1212 1310 1566 1692 1728 2240 2257 2485 2722 2925 3432 4140 4253 4487 4785 
128 1212 1310 1478 1493 1692 1728 2240 2257 2485 2722 2925 3432 4140 4253 4487 4785 
17 21 124 1212 1310 1478 1493 1692 1728 2240 2257 2485 2722 2925 3432 4140 4253 4487 4785 
25 124 139 140 175 180 1212 1310 1477 1492 1689 1719 2240 2257 2485 2722 2925 3432 4140 4253 4487 4785 
25 83 103 1104 1190 1212 1310 1478 1493 1692 1728 2240 2257 2485 2722 2925 3432 4139 4237 4486 4780 
10 25 83 103 1104 1188 1212 1310 1478 1493 1692 1728 2240 2257 2485 2722 2925 3432 4139 4237 4486 4780 
128 1139 1176 1212 1310 1478 1493 1692 1728 2240 2257 2485 2722 2925 3432 4139 4237 4486 4780 
17 21 83 103 1034 1071 1125 1161 1212 1310 1478 1493 1692 1728 2240 2257 2485 2722 2925 3432 4139 4237 4486 4780 
12 13 15 19 83 103 1034 1071 1125 1161 1212 1310 1478 1493 1843 2230 2235 2257 2485 2722 2925 3432 4139 4237 4486 4780 
3 10 25 124 180 1103 1188 1212 1310 1478 1493 1692 1719 2230 2235 2257 2485 2722 2925 3432 4139 4237 4486 4780 
17 21 83 103 1139 1176 1212 1310 1478 1493 1692 1728 2230 2235 2257 2485 2722 2925 3432 4139 4237 4486 4780 
17 21 83 103 1034 1071 1125 1161 1212 1310 1478 1493 1692 1728 2230 2235 2257 2485 2722 2925 3432 4139 4237 4486 4780 
17 21 83 103 1034 1071 1125 1161 1212 1310 1478 1493 1692 1728 2230 2235 2257 2445 2722 2925 3282 3322 4139 4237 4486 4780 
124 1215 1313 1478 1692 1768 2240 2257 2485 2722 2925 3277 3322 4140 4253 4487 4785 
14 23 124 1104 1190 1212 1310 1478 1692 1768 2230 2235 2257 2485 2722 2925 3277 3322 4139 4237 4486 4780 
12 13 15 19 124 1139 1176 1212 1310 1478 1692 1768 2230 2235 2257 2485 2722 2925 3277 3322 4139 4237 4486 4780 
12 13 15 19 124 1104 1190 1212 1310 1493 1696 1728 2230 2235 2257 2485 2722 2925 3277 3322 4139 4237 4486 4780 
14 23 83 103 1104 1190 1212 1310 1493 1696 1728 2230 2235 2257 2485 2722 2925 3277 3322 4139 4237 4486 4780 
124 139 216 1215 1313 1566 1689 1720 2230 2235 2257 2485 2722 2925 3277 3322 4140 4253 4487 4785 
124 1203 1215 1313 1595 1690 1720 2230 2235 2257 2485 2722 2925 3277 3322 4139 4237 4486 4780 
17 21 83 103 139 140 216 1139 1176 1212 1310 1566 1689 1719 2230 2235 2257 2485 2722 2925 3277 3322 4139 4237 4486 4780 
14 23 74 117 1212 1310 1478 1493 1692 1728 2230 2235 2257 2485 2722 2925 3277 3322 4140 4253 4487 4785 
3 10 14 23 124 1103 1188 1212 1310 1478 1493 1692 1728 2230 2235 2257 2485 2722 2925 3277 3322 4139 4237 4486 4780 
1139 1176 1227 1326 1478 1493 1692 1728 2230 2235 2257 2485 2722 2925 3277 3322 4139 4237 4486 4780 
17 21 124 1034 1071 1125 1161 1212 1310 1478 1493 1692 1728 2230 2235 2257 2485 2722 2925 3277 3322 4139 4237 4486 4780 
17 21 83 103 1034 1071 1125 1161 1212 1310 1478 1493 1692 1728 2230 2235 2257 2485 2722 2925 3277 3322 4139 4237 4486 4780 
12 13 15 19 83 103 1034 1071 1125 1161 1212 1310 1478 1493 1692 1728 2230 2235 2257 2485 2722 2925 3277 3322 4139 4237 4486 4780 
128 1203 1212 1310 1696 1768 2257 2657 2684 2925 3282 3327 4139 4237 4486 4780 
14 23 74 117 1212 1310 1478 1493 1692 1728 2230 2235 2257 2485 2650 2672 2925 3277 3322 4140 4253 4487 4785 
25 124 1203 1212 1310 1478 1692 1768 2230 2235 2257 2427 2445 2650 2672 2925 3277 3322 4139 4237 4486 4780 
124 1203 1215 1313 1478 1493 1692 1728 2230 2235 2257 2427 2445 2650 2672 2925 3277 3322 4139 4237 4486 4780 
10 12 13 23 74 117 139 140 175 180 1104 1122 1157 1212 1310 1477 1492 1689 1719 2230 2235 2257 2427 2445 2650 2672 2925 3277 3322 4139 4237 4486 4780 
Altogether 394 solutions, after 103 updates
