1 2 3 4 5 6 7 8 9 A 
A 
9 
9 A 
8 
8 A 
8 9 A 
7 
7 9 
7 9 A 
7 8 
7 8 A 
7 8 9 
7 8 9 A 
6 
6 8 A 
6 7 8 9 A 
5 
5 7 9 
5 7 8 9 A 
5 6 
5 6 9 A 
5 6 7 8 
5 6 7 8 9 A 
4 
4 A 
4 9 
4 9 A 
4 8 A 
4 7 9 
4 7 8 9 A 
4 6 8 A 
4 5 7 9 
3 
3 A 
3 9 
3 9 A 
3 8 A 
3 7 9 
3 7 8 9 A 
3 6 8 A 
3 5 7 9 
3 4 
3 4 A 
3 4 9 
3 4 9 A 
3 4 8 A 
3 4 7 9 
3 4 7 8 9 A 
3 4 6 9 A 
3 4 5 9 A 
3 4 5 6 9 A 
3 4 5 6 7 8 9 A 
2 
2 8 
2 8 A 
2 7 
2 7 9 
2 7 8 
2 7 8 9 A 
2 6 8 A 
2 5 7 9 
2 4 
2 4 A 
2 4 9 
2 4 9 A 
2 4 8 
2 4 8 A 
2 4 8 9 A 
2 4 7 
2 4 7 9 
2 4 7 8 
2 4 7 8 A 
2 4 7 8 9 A 
2 4 6 A 
2 4 6 8 
2 4 6 8 A 
2 4 6 8 9 A 
2 4 6 7 9 
2 4 6 7 8 A 
2 4 6 7 8 9 A 
2 4 5 9 
2 4 5 8 A 
2 4 5 7 
2 4 5 7 9 
2 4 5 6 8 A 
2 4 5 6 7 9 
2 4 5 6 7 8 9 A 
2 3 4 
2 3 4 8 A 
2 3 4 8 9 A 
2 3 4 7 8 9 A 
2 3 4 6 8 A 
2 3 4 6 8 9 A 
2 3 4 6 7 8 9 A 
2 3 4 5 6 8 9 A 
1 
1 8 
1 8 A 
1 7 
1 7 9 
1 7 8 
1 7 8 9 A 
1 6 8 A 
1 5 7 9 
1 3 
1 3 A 
1 3 9 
1 3 9 A 
1 3 8 
1 3 8 A 
1 3 7 
1 3 7 9 
1 3 7 9 A 
1 3 7 8 
1 3 7 8 9 
1 3 7 8 9 A 
1 3 6 A 
1 3 6 8 
1 3 6 8 A 
1 3 6 7 9 
1 3 5 9 
1 3 5 8 A 
1 3 5 7 
1 3 5 7 9 
1 3 5 7 9 A 
1 3 5 7 8 9 
1 3 5 7 8 9 A 
1 3 5 6 8 A 
1 3 5 6 7 9 
1 3 5 6 7 8 9 A 
1 3 4 
1 3 4 7 9 
1 3 4 7 9 A 
1 3 4 7 8 9 A 
1 3 4 5 7 9 
1 3 4 5 7 9 A 
1 3 4 5 7 8 9 A 
1 3 4 5 6 7 9 A 
1 2 
1 2 8 
1 2 8 A 
1 2 7 
1 2 7 9 
1 2 7 8 
1 2 7 8 9 A 
1 2 6 7 8 
1 2 5 7 8 
1 2 5 6 
1 2 5 6 7 8 
1 2 5 6 7 8 9 A 
1 2 4 
1 2 4 8 A 
1 2 4 7 8 A 
1 2 4 7 8 9 A 
1 2 4 6 8 A 
1 2 4 6 7 8 A 
1 2 4 6 7 8 9 A 
1 2 4 5 6 7 8 A 
1 2 3 
1 2 3 7 9 
1 2 3 7 8 9 
1 2 3 7 8 9 A 
1 2 3 5 7 9 
1 2 3 5 7 8 9 
1 2 3 5 7 8 9 A 
1 2 3 5 6 7 8 9 
1 2 3 4 
1 2 3 4 A 
1 2 3 4 9 
1 2 3 4 9 A 
1 2 3 4 8 
1 2 3 4 8 A 
1 2 3 4 8 9 A 
1 2 3 4 7 
1 2 3 4 7 9 
1 2 3 4 7 9 A 
1 2 3 4 7 8 
1 2 3 4 7 8 A 
1 2 3 4 7 8 9 
1 2 3 4 7 8 9 A 
1 2 3 4 6 
1 2 3 4 6 8 A 
1 2 3 4 6 8 9 A 
1 2 3 4 6 7 8 A 
1 2 3 4 6 7 8 9 A 
1 2 3 4 5 
1 2 3 4 5 7 9 
1 2 3 4 5 7 9 A 
1 2 3 4 5 7 8 9 
1 2 3 4 5 7 8 9 A 
1 2 3 4 5 6 
1 2 3 4 5 6 9 A 
1 2 3 4 5 6 8 A 
1 2 3 4 5 6 7 9 
1 2 3 4 5 6 7 8 
1 2 3 4 5 6 7 8 9 A 
