21 26 135 207 3853 4592 5514 6822 10591 15146 20375 20496 24945 26196 27495 37553 49138 56606 
326 5178 5514 6822 9539 9950 11926 13359 20496 26325 27495 37627 49138 56606 
21 26 135 207 2924 3158 3633 4251 5514 6822 10591 15146 20375 20496 24945 26196 27495 37553 49138 56606 
135 207 3853 4592 5527 6835 9539 9950 11926 13359 24705 24945 26196 39644 49138 56606 
3853 4592 5564 6877 10591 15146 20496 26325 27495 37627 49138 56606 
326 5178 5514 6822 12331 14016 20496 26325 27495 37627 49138 56606 
302 5178 5527 6835 10671 15087 24705 26196 39707 63130 
302 5178 5527 6835 10671 15087 24705 24945 26196 39644 63130 
302 5527 6835 10671 11888 13322 24705 24945 26196 39644 63535 
302 5178 5527 6835 10671 11888 13322 24705 24945 26196 39644 63130 
302 5178 5527 6835 12331 14016 24705 26196 39707 49138 56606 
302 5178 5527 6835 10591 15146 24705 24945 26196 39644 49138 56606 
135 207 5178 5527 6835 9539 11926 14016 24705 24945 26196 39644 49138 56606 
326 5178 5514 6822 9539 11926 14016 20496 26325 27495 37627 49138 56606 
5178 5564 6877 9539 9950 11926 13359 20496 26325 27495 37627 49138 56606 
33 302 3853 4592 5514 6822 10591 15146 20375 20496 24945 26196 27495 37553 49138 56606 
21 26 135 207 5178 5514 6822 9539 11926 14016 20375 20496 24945 26196 27495 37553 49138 56606 
141 224 5514 6822 17475 26461 39707 63535 
302 5178 5527 6835 10591 15146 24705 26196 39707 63130 
302 5178 5527 6835 17475 24705 24945 26196 39644 63130 
141 224 5178 5514 6822 9539 11926 14016 24705 24945 26196 39644 63130 
302 612 5178 5527 6835 10553 11888 13322 24705 24945 26196 39644 63130 
302 5178 5527 6835 10671 11888 13322 20343 20358 20496 24945 26196 27495 36705 37079 63130 
141 224 6238 7651 10671 15087 51363 59676 
141 224 5178 5514 6822 12331 14016 26461 39707 49138 56606 
302 5178 5527 6835 17475 24705 26196 39707 49138 56606 
302 5178 5527 6835 17475 24705 24945 26196 39644 49138 56606 
33 302 5178 5514 6822 10591 15146 24705 24945 26196 39644 49138 56606 
302 5178 5527 6835 10671 15087 24705 24945 26196 39644 49138 56606 
5178 5564 6877 10591 15146 20496 26325 27495 37627 49138 56606 
326 5178 5514 6822 10591 15146 20496 26325 27495 37627 49138 56606 
399 612 5178 5564 6877 10553 15049 20496 26325 27495 37627 49138 56606 
326 5178 5514 6822 10671 11888 13322 20496 26325 27495 37627 49138 56606 
3853 4592 5564 6877 9539 9950 11926 13359 20496 26325 27495 37627 49138 56606 
21 26 135 207 3853 4592 5514 6822 10591 15146 20375 20496 26196 27495 37627 49138 56606 
33 302 5178 5514 6822 17475 20375 20496 24945 26196 27495 37553 49138 56606 
33 302 5178 5514 6822 10591 15146 20375 20496 24945 26196 27495 37553 49138 56606 
302 399 5178 5527 6835 10671 15049 20375 20496 24945 26196 27495 37553 49138 56606 
3853 4592 5564 6877 10591 15146 20375 20496 24945 26196 27495 37553 49138 56606 
33 302 2924 3158 3633 4251 5514 6822 10591 15146 20375 20496 24945 26196 27495 37553 49138 56606 
5178 5564 6877 9539 11926 14016 20375 20496 24945 26196 27495 37553 49138 56606 
135 207 5178 5527 6835 9539 11926 14016 20375 20496 24945 26196 27495 37553 49138 56606 
33 302 3853 4592 5514 6822 9539 11926 14016 20375 20496 24945 26196 27495 37553 49138 56606 
302 612 5178 5527 6835 10553 11888 13322 20375 20496 24945 26196 27495 37553 49138 56606 
302 5178 5527 6835 9539 9950 11926 13359 20375 20496 24945 26196 27495 37553 49138 56606 
326 5178 5514 6822 12331 14016 20496 26025 26097 27495 36724 37098 49138 56606 
21 26 135 207 2924 3158 3633 4251 5514 6822 10591 15146 20375 20496 24945 26196 27495 37553 42627 44204 47802 53978 
33 302 5514 6822 9539 9950 11926 13359 20375 20496 24945 26196 27495 37553 42628 44371 47808 54131 
302 5178 5527 6835 17475 20358 20496 24837 26025 26076 27495 36724 37079 42627 44204 47802 53978 
18 29 114 269 5514 6822 9539 9950 11926 13359 20343 20358 20496 24754 24837 26009 26076 27495 36705 37079 42628 44371 47808 54131 
326 5514 6822 17475 26461 39707 63535 
141 224 5514 6822 10671 15087 26461 39707 63535 
141 224 612 3853 4592 5514 6822 10553 15087 26461 39707 63130 
135 5527 6877 9950 12331 13359 26461 39707 63535 
326 612 5178 5514 6822 10553 11888 13322 26461 39707 63130 
33 135 207 5178 5514 6822 9539 9950 11926 13359 26461 39707 63130 
302 5178 5527 6835 17475 24705 26196 39707 63130 
302 5527 6835 12331 14016 24705 26196 39707 63535 
141 224 5514 6822 12331 14016 24705 26196 39707 63535 
33 302 5178 5514 6822 10671 11888 13322 20375 20496 26196 39707 63130 
302 5178 5527 6835 10671 11888 13322 20343 20358 20496 26196 39707 63130 
302 5527 6835 17475 24705 24945 26196 39644 63535 
33 302 5514 6822 17475 24705 24945 26196 39644 63535 
141 224 5178 5514 6822 17475 24705 24945 26196 39644 63130 
302 5527 6835 10671 15087 24705 24945 26196 39644 63535 
135 207 5527 6835 10671 15087 24705 24945 26196 39644 63535 
135 207 399 5527 6835 10671 15049 24705 24945 26196 39644 63535 
302 399 612 5527 6835 10553 15049 24705 24945 26196 39644 63535 
302 399 5178 5527 6835 10671 15049 24705 24945 26196 39644 63130 
302 612 5178 5527 6835 10553 15087 24705 24945 26196 39644 63130 
302 5527 6835 9539 9950 15146 24705 24945 26196 39644 63535 
33 302 5178 5514 6822 12331 14016 24705 24945 26196 39644 63130 
21 26 302 5178 5514 6822 12331 14016 24705 24945 26196 39644 63130 
302 5178 5527 6835 9539 11926 14016 24705 24945 26196 39644 63130 
207 5564 6835 10671 11888 13322 24705 24945 26196 39644 63535 
135 207 612 5527 6835 10553 11888 13322 24705 24945 26196 39644 63535 
302 365 5178 5527 6835 10671 11886 13322 24705 24945 26196 39644 63130 
5564 6877 9539 9950 11926 13359 24705 24945 26196 39644 63535 
33 302 612 5178 5514 6822 10553 11888 13322 20375 20496 24945 26196 39644 63130 
19 137 224 3853 4592 5514 6822 9539 9945 11926 13388 20375 20496 24945 26196 39644 63130 
207 5178 5564 6835 12331 14016 20343 20358 20496 24945 26196 39644 63130 
302 612 5178 5527 6835 10585 11886 13322 20343 20358 20496 24945 26196 39644 63130 
326 5178 5514 6822 17475 20496 26325 27495 37627 63130 
326 399 612 5514 6822 10553 15049 20496 26325 27495 37627 63535 
224 5178 5564 6822 10591 15146 20496 26325 27495 37627 63130 
326 5178 5514 6822 10591 15146 20496 26325 27495 37627 63130 
5178 5564 6877 12331 14016 20496 26325 27495 37627 63130 
326 5178 5514 6822 12331 14016 20496 26325 27495 37627 63130 
141 224 5178 5514 6822 12331 14016 20496 26325 27495 37627 63130 
326 5178 5514 6822 9950 12331 13359 20496 26325 27495 37627 63130 
5178 5564 6877 10671 11888 13322 20496 26325 27495 37627 63130 
33 302 5178 5514 6822 12331 14016 20496 24945 26325 27495 37553 63130 
326 5514 6822 9950 12331 13359 24705 24945 26196 27495 37553 63535 
33 302 365 612 5178 5514 6822 10553 11886 13322 24705 24945 26196 27495 37553 63130 
302 5178 5527 6835 10671 15087 20375 20496 24945 26196 27495 37553 63130 
33 302 5178 5514 6822 10671 15087 20375 20496 24945 26196 27495 37553 63130 
302 5178 5527 6835 12331 14016 20375 20496 24945 26196 27495 37553 63130 
33 302 5178 5514 6822 12331 14016 20375 20496 24945 26196 27495 37553 63130 
302 5178 5527 6835 9539 9950 11926 13359 20375 20496 24945 26196 27495 37553 63130 
33 302 5178 5514 6822 10671 11888 13322 20343 20358 20496 24945 26196 27495 37553 63130 
18 29 302 5514 6822 9539 9950 11926 13359 20343 20358 20496 24945 26196 27495 37553 63535 
135 207 399 612 5178 5527 6835 10553 15049 20343 20358 20496 26196 27495 36724 37098 63130 
302 5178 5527 6835 10591 15146 20343 20358 20496 24945 26196 27495 36705 37079 63130 
302 365 375 612 5178 5527 6835 10553 15049 20343 20358 20496 24945 26196 27495 36705 37079 63130 
302 5178 5527 6835 12331 14016 20343 20358 20496 24945 26196 27495 36705 37079 63130 
33 302 5178 5514 6822 12331 14016 20343 20358 20496 24945 26196 27495 36705 37079 63130 
18 29 114 269 5178 5514 6822 9950 12331 13359 20343 20358 20496 24945 26196 27495 36705 37079 63130 
141 224 5178 5514 6822 10671 11888 13322 20343 20358 20496 24945 26196 27495 36705 37079 63130 
302 365 375 612 5178 5527 6835 10553 11886 13317 20343 20358 20496 24945 26196 27495 36705 37079 63130 
302 2617 5178 5527 6835 10671 11888 13322 20343 20358 20496 24945 26196 27495 36705 37079 62985 
141 224 5178 5514 6822 9539 9950 11926 13359 20343 20358 20496 24945 26196 27495 36705 37079 63130 
326 5178 5514 6822 9539 11926 14016 20496 24754 24837 26325 27495 36705 37079 63130 
135 207 5527 6835 9539 9950 11926 13359 20343 20358 20496 24754 24837 26196 27495 36705 37079 63535 
326 612 5178 5514 6822 10553 11888 13322 20496 26025 26097 27495 36724 37098 63130 
114 612 5178 5557 6865 10553 11888 13322 20343 20358 20496 26009 26076 27495 36724 37098 63130 
101 109 127 202 5178 5514 6822 12331 14016 20343 20358 20496 24754 24837 26009 26076 27495 36705 37079 63130 
3 12 302 612 1835 5163 5527 6835 10553 15087 24705 24945 26196 39644 42613 62818 
135 207 5178 5527 6835 10591 15146 24705 24945 26196 39644 45808 60554 
302 5178 5527 6835 12331 14016 24705 24945 26196 39644 45808 60554 
302 5178 5527 6835 10671 11888 13322 24705 24945 26196 39644 45808 60554 
302 612 3390 4865 5527 6835 10553 11888 13322 24705 24945 26196 39644 45808 60554 
21 26 135 207 1133 5178 5514 6822 9539 9950 11926 13359 24705 24945 26174 27495 37553 45808 60554 
33 302 612 5514 6822 9537 9945 15087 20375 20496 24945 26196 27495 37553 45950 60718 
302 5178 5527 6835 10671 11888 13322 20375 20496 24945 26196 27495 37553 45808 60554 
141 224 5178 5514 6822 9539 11926 14016 20343 20358 20496 24754 24837 26196 27495 36705 37079 42627 44204 60554 
141 224 6238 7651 12331 14016 51363 59676 
141 224 5178 5514 6822 17475 26461 49138 59676 
33 302 5178 5514 6822 10591 15146 20375 20496 26196 37627 49138 57979 
21 26 135 207 399 612 6238 7651 10553 15049 20375 20496 24945 26196 37553 49138 57979 
5 10 141 224 2027 2353 3848 4582 5514 6822 17475 26461 39707 49092 56511 
141 224 612 6238 7651 10553 15087 26461 39707 49138 56606 
302 5178 5527 6835 10671 15087 26461 39707 49138 56606 
141 224 612 5178 5514 6822 10553 15087 26461 39707 49138 56606 
326 5178 5514 6822 12331 14016 26461 39707 49138 56606 
135 207 5178 5527 6835 12331 14016 26461 39707 49138 56606 
141 224 2924 3158 3633 4251 5514 6822 12331 14016 26461 39707 49138 56606 
141 224 612 5178 5514 6822 10553 11888 13322 26461 39707 49138 56606 
612 3853 4592 5564 6877 10553 11888 13322 26461 39707 49138 56606 
141 224 6238 7651 9539 9950 11926 13359 26461 39707 49138 56606 
141 224 5178 5514 6822 9539 9950 11926 13359 26461 39707 49138 56606 
5178 5564 6877 17475 20496 26325 39707 49138 56606 
326 5178 5514 6822 12331 14016 20496 26325 39707 49138 56606 
33 302 6238 7651 17475 24705 26196 39707 49138 56606 
15 302 5163 5527 6835 17475 24705 26196 39707 49138 56606 
18 29 114 269 2924 3158 3633 4251 5514 6822 17475 24705 26196 39707 49138 56606 
135 399 4047 5527 6877 10671 15049 24705 26196 39707 49097 56805 
302 399 5178 5527 6835 10553 15146 24705 26196 39707 49138 56606 
399 5178 5564 6877 10671 15049 24705 26196 39707 49138 56606 
141 224 399 612 5178 5514 6822 10553 15049 24705 26196 39707 49138 56606 
302 3853 4592 5527 6835 10671 15087 24705 26196 39707 49138 56606 
302 5178 5527 6835 9539 9950 15146 24705 26196 39707 49138 56606 
33 135 207 365 5178 5514 6822 9537 9950 15146 24705 26196 39707 49138 56606 
302 612 3390 4865 5527 6835 10553 11888 13322 24705 26196 39707 49138 56606 
302 5178 5527 6835 9539 9950 11926 13359 24705 26196 39707 49138 56606 
141 224 5178 5514 6822 17475 20375 20496 26196 39707 49138 56606 
302 5178 5527 6835 17475 20343 20358 20496 26196 39707 49138 56606 
15 141 224 5163 5514 6822 9539 9950 11926 13359 20496 24945 26325 39644 49138 56606 
302 5527 6835 17475 24705 24945 26196 39644 49347 56805 
135 207 5178 5527 6835 17475 24705 24945 26196 39644 49138 56606 
302 1069 1133 5178 5527 6835 17475 24705 24939 26174 39644 49138 56606 
302 3853 4592 5527 6835 17475 24705 24945 26196 39644 49138 56606 
33 135 207 5178 5514 6822 10591 15146 24705 24945 26196 39644 49138 56606 
302 612 5178 5527 6835 10553 15087 24705 24945 26196 39644 49138 56606 
302 399 612 5178 5527 6835 10553 15049 24705 24945 26196 39644 49138 56606 
33 302 365 375 612 5178 5514 6822 10553 15049 24705 24945 26196 39644 49138 56606 
135 207 365 375 2027 5178 5527 6835 10671 15049 24705 24945 26196 39644 49092 56606 
302 3853 4592 5527 6835 10591 15146 24705 24945 26196 39644 49138 56606 
302 3853 4592 5527 6835 10671 15087 24705 24945 26196 39644 49138 56606 
302 612 3853 4592 5527 6835 10553 15087 24705 24945 26196 39644 49138 56606 
135 207 612 3853 4592 5527 6835 10553 15087 24705 24945 26196 39644 49138 56606 
302 399 612 3853 4592 5527 6835 10553 15049 24705 24945 26196 39644 49138 56606 
135 207 399 612 3853 4592 5527 6835 10553 15049 24705 24945 26196 39644 49138 56606 
135 207 365 375 612 3853 4592 5527 6835 10553 15049 24705 24945 26196 39644 49138 56606 
135 207 5178 5527 6835 12331 14016 24705 24945 26196 39644 49138 56606 
302 3853 4592 5527 6835 12331 14016 24705 24945 26196 39644 49138 56606 
141 224 3853 4592 5514 6822 12331 14016 24705 24945 26196 39644 49138 56606 
302 5178 5527 6835 9539 11926 14016 24705 24945 26196 39644 49138 56606 
302 534 5178 5527 6835 9539 11926 14007 24705 24945 26196 39644 49138 56606 
135 207 3853 4592 5527 6835 9539 11926 14016 24705 24945 26196 39644 49138 56606 
135 207 2924 3158 3633 4251 5527 6835 9539 11926 14016 24705 24945 26196 39644 49138 56606 
612 5178 5564 6877 10553 11888 13322 24705 24945 26196 39644 49138 56606 
302 612 5178 5527 6835 10553 11888 13322 24705 24945 26196 39644 49138 56606 
21 26 302 612 5178 5514 6822 10553 11888 13322 24705 24945 26196 39644 49138 56606 
15 302 365 612 5163 5527 6835 10587 11886 13317 24705 24945 26196 39644 49138 56606 
15 302 365 375 612 5163 5527 6835 10553 11886 13317 24705 24945 26196 39644 49138 56606 
135 207 365 375 612 5178 5527 6835 10553 11886 13317 24705 24945 26196 39644 49138 56606 
135 207 375 3390 4865 5527 6835 10671 11888 13317 24705 24945 26196 39644 49138 56606 
302 3853 4592 5527 6835 10671 11888 13322 24705 24945 26196 39644 49138 56606 
135 207 612 3853 4592 5527 6835 10553 11888 13322 24705 24945 26196 39644 49138 56606 
15 302 5163 5527 6835 9539 9950 11926 13359 24705 24945 26196 39644 49138 56606 
135 207 5178 5527 6835 9539 9950 11926 13359 24705 24945 26196 39644 49138 56606 
135 207 365 5178 5527 6835 9537 9950 11926 13359 24705 24945 26196 39644 49138 56606 
33 135 207 365 5178 5514 6822 9537 9950 11926 13359 24705 24945 26196 39644 49138 56606 
302 365 375 478 534 5178 5527 6835 9537 9945 11886 13317 24705 24945 26196 39644 49138 56606 
135 207 365 375 478 534 1133 5178 5527 6835 9537 9945 11886 13317 24705 24945 26174 39644 49138 56606 
302 365 375 478 534 2027 2353 5178 5527 6835 9537 9945 11886 13317 24705 24945 26196 39644 49092 56511 
21 26 135 207 3853 4592 5514 6822 10591 15146 20375 20496 24945 26196 39644 49138 56606 
33 302 612 5178 5514 6822 10553 11888 13322 20375 20496 24945 26196 39644 49138 56606 
135 5178 5527 6877 9539 9950 11926 13359 20375 20496 24945 26196 39644 49138 56606 
302 5178 5527 6835 9539 9950 11926 13359 20375 20496 24945 26196 39644 49138 56606 
15 33 302 365 5163 5514 6822 9537 9950 11926 13359 20375 20496 24945 26196 39644 49138 56606 
3853 4592 5564 6877 9539 9950 11926 13359 20375 20496 24945 26196 39644 49138 56606 
135 207 3853 4592 5527 6835 9539 9950 11926 13359 20375 20496 24945 26196 39644 49138 56606 
18 29 302 5178 5514 6822 10591 15146 20343 20358 20496 24945 26196 39644 49138 56606 
141 224 3853 4592 5514 6822 9950 12331 13359 20343 20358 20496 24945 26196 39644 49138 56606 
302 5178 5527 6835 10671 11888 13322 20343 20358 20496 24945 26196 39644 49138 56606 
18 29 302 5178 5514 6822 10671 11888 13322 20343 20358 20496 24945 26196 39644 49138 56606 
326 6238 7651 17475 20496 26325 27495 37627 49138 56606 
326 5178 5514 6822 17475 20496 26325 27495 37627 49138 56606 
3390 4865 5564 6877 17475 20496 26325 27495 37627 49138 56606 
326 3853 4592 5514 6822 10591 15146 20496 26325 27495 37627 49138 56606 
326 399 612 3853 4592 5514 6822 10553 15049 20496 26325 27495 37627 49138 56606 
33 302 2924 3158 3633 4251 5514 6822 10591 15146 20496 26325 27495 37627 49138 56606 
15 326 612 5163 5514 6822 9539 9950 15049 20496 26325 27495 37627 49138 56606 
326 5514 6822 12331 14016 20496 26325 27495 37627 49147 56860 
141 224 5178 5514 6822 12331 14016 20496 26325 27495 37627 49138 56606 
612 5178 5564 6877 12318 14007 20496 26325 27495 37627 49138 56606 
5564 6877 9539 11926 14016 20496 26325 27495 37627 49147 56860 
326 2030 5514 6822 9539 11926 14016 20496 26325 27495 37627 49097 56860 
141 224 375 5178 5514 6822 9539 11926 14014 20496 26325 27495 37627 49138 56606 
141 224 6238 7651 10671 11888 13322 20496 26325 27495 37627 49138 56606 
15 612 5163 5564 6877 10553 11888 13322 20496 26325 27495 37627 49138 56606 
326 365 375 612 5178 5514 6822 10553 11886 13317 20496 26325 27495 37627 49138 56606 
612 3853 4592 5564 6877 10553 11888 13322 20496 26325 27495 37627 49138 56606 
302 5178 5527 6835 9539 9950 11926 13359 20496 26325 27495 37627 49138 56606 
135 207 5178 5527 6835 9539 9950 11926 13359 20496 26325 27495 37627 49138 56606 
33 302 612 5178 5514 6822 9539 9950 11886 13317 20496 26325 27495 37627 49138 56606 
141 224 3853 4592 5514 6822 9539 9950 11926 13359 20496 26325 27495 37627 49138 56606 
1 2 4 8 2923 3156 3629 4243 5564 6877 9539 9950 11926 13359 20496 26325 27495 37627 49138 56606 
326 2924 3158 3633 4251 5514 6822 9539 9950 11926 13359 20496 26325 27495 37627 49138 56606 
5 10 302 5163 5527 6835 10591 15146 24705 26196 27495 37627 49138 56606 
21 26 135 207 3853 4592 5514 6822 10591 15146 24705 26196 27495 37627 49138 56606 
5178 5564 6877 10591 15146 20375 20496 26196 27495 37627 49138 56606 
33 302 5178 5514 6822 10591 15146 20375 20496 26196 27495 37627 49138 56606 
21 26 135 207 5178 5514 6822 9539 11926 14016 20375 20496 26196 27495 37627 49138 56606 
3853 4592 5564 6877 10671 11888 13322 20375 20496 26196 27495 37627 49138 56606 
3853 4592 5564 6877 9539 9950 11926 13359 20496 24945 26325 27495 37553 49138 56606 
21 26 135 207 5178 5514 6822 10591 15146 24705 24945 26196 27495 37553 49138 56606 
135 207 612 5178 5527 6835 10553 11888 13322 24705 24945 26196 27495 37553 49138 56606 
5178 5564 6877 9539 9950 11926 13359 24705 24945 26196 27495 37553 49138 56606 
21 26 135 207 365 375 478 534 5178 5514 6822 9537 9945 11886 13317 24705 24945 26196 27495 37553 49138 56606 
33 302 1069 1133 5178 5514 6822 17475 20375 20496 24939 26174 27495 37553 49138 56606 
3390 3633 4251 5564 6877 17475 20375 20496 24945 26196 27495 37553 49138 56606 
302 5178 5527 6835 10591 15146 20375 20496 24945 26196 27495 37553 49138 56606 
21 26 302 5178 5514 6822 10591 15146 20375 20496 24945 26196 27495 37553 49138 56606 
18 29 114 269 5178 5514 6822 10591 15146 20375 20496 24945 26196 27495 37553 49138 56606 
33 135 207 5178 5514 6822 10591 15146 20375 20496 24945 26196 27495 37553 49138 56606 
141 224 612 5178 5514 6822 10553 15087 20375 20496 24945 26196 27495 37553 49138 56606 
302 399 612 5178 5527 6835 10553 15049 20375 20496 24945 26196 27495 37553 49138 56606 
302 365 375 612 5178 5527 6835 10553 15049 20375 20496 24945 26196 27495 37553 49138 56606 
135 207 365 375 612 5178 5527 6835 10553 15049 20375 20496 24945 26196 27495 37553 49138 56606 
33 135 207 399 1069 1133 5178 5514 6822 10671 15049 20375 20496 24939 26174 27495 37553 49138 56606 
302 399 612 1069 1133 5178 5527 6835 10553 15049 20375 20496 24939 26174 27495 37553 49138 56606 
21 26 135 207 3390 4865 5514 6822 10591 15146 20375 20496 24945 26196 27495 37553 49138 56606 
33 302 5178 5514 6822 9539 9950 15146 20375 20496 24945 26196 27495 37553 49138 56606 
15 21 26 135 207 5163 5514 6822 12331 14016 20375 20496 24945 26196 27495 37553 49138 56606 
21 26 135 207 375 534 5178 5514 6822 12331 13983 20375 20496 24945 26196 27495 37553 49138 56606 
33 302 5514 6822 9539 11926 14016 20375 20496 24945 26196 27495 37553 49147 56860 
33 302 5178 5514 6822 9539 11926 14016 20375 20496 24945 26196 27495 37553 49138 56606 
15 33 302 5163 5514 6822 9539 11926 14016 20375 20496 24945 26196 27495 37553 49138 56606 
21 135 224 1069 5178 5514 6822 9539 11926 14016 20375 20496 24939 26196 27495 37553 49138 56606 
21 26 135 207 5178 5514 6822 9950 12331 13359 20375 20496 24945 26196 27495 37553 49138 56606 
302 5178 5527 6835 10671 11888 13322 20375 20496 24945 26196 27495 37553 49138 56606 
21 26 135 207 365 375 5178 5514 6822 10671 11886 13317 20375 20496 24945 26196 27495 37553 49138 56606 
33 302 612 5178 5514 6822 10553 11888 13322 20375 20496 24945 26196 27495 37553 49138 56606 
135 207 612 5178 5527 6835 10553 11888 13322 20375 20496 24945 26196 27495 37553 49138 56606 
15 135 207 365 375 612 5163 5527 6835 10553 11886 13317 20375 20496 24945 26196 27495 37553 49138 56606 
141 224 365 375 612 5178 5514 6822 10553 11886 13317 20375 20496 24945 26196 27495 37553 49138 56606 
5178 5564 6877 9539 9950 11926 13359 20375 20496 24945 26196 27495 37553 49138 56606 
15 302 5163 5527 6835 9539 9950 11926 13359 20375 20496 24945 26196 27495 37553 49138 56606 
135 207 5178 5527 6835 9539 9950 11926 13359 20375 20496 24945 26196 27495 37553 49138 56606 
5 10 141 224 5163 5514 6822 9539 9950 11926 13359 20375 20496 24945 26196 27495 37553 49138 56606 
33 135 207 5178 5514 6822 9539 9950 11926 13359 20375 20496 24945 26196 27495 37553 49138 56606 
33 302 478 534 5178 5514 6822 9537 9945 11888 13322 20375 20496 24945 26196 27495 37553 49138 56606 
135 207 365 375 478 534 5178 5527 6835 9537 9945 11886 13317 20375 20496 24945 26196 27495 37553 49138 56606 
21 26 135 207 365 375 478 534 5178 5514 6822 9537 9945 11886 13317 20375 20496 24945 26196 27495 37553 49138 56606 
135 207 478 534 1133 5178 5527 6835 9537 9945 11888 13322 20375 20496 24945 26174 27495 37553 49138 56606 
135 207 365 375 478 534 1069 1133 5178 5527 6835 9537 9945 11886 13317 20375 20496 24939 26174 27495 37553 49138 56606 
302 3853 4592 5527 6835 9539 9950 11926 13359 20375 20496 24945 26196 27495 37553 49138 56606 
326 3853 4592 5514 6822 9539 9950 11926 13359 20375 20496 24945 26196 27495 37553 49138 56606 
18 29 114 269 3853 4592 5514 6822 9539 9950 11926 13359 20375 20496 24945 26196 27495 37553 49138 56606 
135 207 3853 4592 5527 6835 9539 9950 11926 13359 20375 20496 24945 26196 27495 37553 49138 56606 
21 26 135 207 3853 4592 5514 6822 9539 9950 11926 13359 20375 20496 24945 26196 27495 37553 49138 56606 
302 2924 3158 3633 4251 5527 6835 9539 9950 11926 13359 20375 20496 24945 26196 27495 37553 49138 56606 
141 224 365 375 5178 5514 6822 10671 15049 20343 20358 20496 24945 26196 27495 37553 49138 56606 
135 207 399 612 5178 5527 6835 10553 15049 20343 20358 20496 24945 26196 27495 37553 49138 56606 
326 5178 5514 6822 9539 11926 14016 20343 20358 20496 24945 26196 27495 37553 49138 56606 
21 26 135 207 365 375 612 5178 5514 6822 10553 11886 13317 20343 20358 20496 24945 26196 27495 37553 49138 56606 
141 224 5178 5514 6822 9539 9950 15146 20343 20358 20496 24754 24837 26009 26076 27495 37553 49138 56606 
18 29 114 269 3853 4592 5514 6822 9539 9950 11926 13359 20343 20358 24945 26196 36705 37079 50312 57979 
21 26 135 207 5178 5514 6822 10591 15146 20343 20358 20496 26196 27495 36724 37098 49138 56606 
18 29 302 5178 5514 6822 12331 14016 20343 20358 20496 26196 27495 36724 37098 49138 56606 
326 5178 5514 6822 9539 11926 14016 20343 20358 20496 26196 27495 36724 37098 49138 56606 
135 207 5178 5527 6835 9539 9950 11926 13359 24705 24945 26196 27495 36705 37079 49138 56606 
302 5178 5527 6835 17475 20343 20358 20496 24945 26196 27495 36705 37079 49138 56606 
141 224 5178 5514 6822 17475 20343 20358 20496 24945 26196 27495 36705 37079 49138 56606 
15 18 29 302 5163 5514 6822 10591 15146 20343 20358 20496 24945 26196 27495 36705 37079 49138 56606 
33 302 3853 4592 5514 6822 10591 15146 20343 20358 20496 24945 26196 27495 36705 37079 49138 56606 
18 29 114 269 5178 5514 6822 9539 9950 15146 20343 20358 20496 24945 26196 27495 36705 37079 49138 56606 
365 612 3853 4592 5564 6877 9537 9950 15049 20343 20358 20496 24945 26196 27495 36705 37079 49138 56606 
302 5178 5527 6835 9539 11926 14016 20343 20358 20496 24945 26196 27495 36705 37079 49138 56606 
135 207 5178 5527 6835 9539 11926 14016 20343 20358 20496 24945 26196 27495 36705 37079 49138 56606 
18 29 302 5178 5514 6822 10671 11888 13322 20343 20358 20496 24945 26196 27495 36705 37079 49138 56606 
18 29 302 365 375 5178 5514 6822 10671 11886 13317 20343 20358 20496 24945 26196 27495 36705 37079 49138 56606 
15 302 365 375 612 5163 5527 6835 10553 11886 13317 20343 20358 20496 24945 26196 27495 36705 37079 49138 56606 
141 224 365 375 612 5178 5514 6822 10553 11886 13317 20343 20358 20496 24945 26196 27495 36705 37079 49138 56606 
302 612 3853 4592 5527 6835 10553 11888 13322 20343 20358 20496 24945 26196 27495 36705 37079 49138 56606 
33 302 6238 7651 9539 9950 11926 13359 20343 20358 20496 24945 26196 27495 36705 37079 49138 56606 
135 207 5178 5527 6835 9539 9950 11926 13359 20343 20358 20496 24945 26196 27495 36705 37079 49138 56606 
18 29 302 3853 4592 5514 6822 9539 9950 11926 13359 20343 20358 20496 24945 26196 27495 36705 37079 49138 56606 
135 207 3853 4592 5527 6835 9539 9950 11926 13359 20343 20358 20496 24945 26196 27495 36705 37079 49138 56606 
21 26 135 207 3853 4592 5514 6822 9539 9950 11926 13359 20343 20358 20496 24945 26196 27495 36705 37079 49138 56606 
16 17 19 24 135 207 3853 4592 5514 6822 9539 9950 11926 13359 20343 20358 20496 24945 26196 27495 36705 37079 49138 56606 
135 207 375 3853 4592 5527 6835 9539 9945 11926 13359 20343 20358 20496 24945 26196 27495 36705 37079 49138 56606 
21 26 135 207 3853 4592 5514 6822 9539 9950 11926 13359 20343 20358 20496 24754 24837 26196 27495 36705 37079 49138 56606 
326 5178 5514 6822 9539 9950 15146 20496 26025 26097 27495 36724 37098 49138 56606 
141 224 5178 5514 6822 12331 14016 20496 26025 26097 27495 36724 37098 49138 56606 
5178 5564 6877 9539 9950 11926 13359 20496 26025 26097 27495 36724 37098 49138 56606 
135 207 365 375 478 534 2924 3158 3633 4251 5527 6835 9537 9945 11886 13317 20358 20496 24837 26025 26076 27495 36724 37079 49138 56606 
21 135 224 3853 4592 5514 6822 9539 11926 14016 20343 20358 20496 24754 24837 26009 26076 27495 36705 37079 49138 56606 
141 224 5178 5514 6822 10591 15146 24705 26196 39707 42627 47802 56606 
135 207 3853 4592 5527 6835 12331 14016 24705 24945 26196 39644 42627 47802 56606 
2924 3158 3633 4251 5564 6877 10591 15146 20496 26325 27495 37627 42627 47802 56606 
302 2924 3158 3633 4251 5527 6835 10591 15146 20343 20358 20496 26196 27495 37627 53713 53978 
302 5178 5527 6835 9539 9950 15146 24705 24945 26196 39644 44204 49138 53978 
302 375 3853 4592 5527 6835 9539 9945 11926 13359 24705 24945 26196 39644 44204 49138 53978 
326 5178 5514 6822 9539 9950 11926 13359 20496 26325 27495 37627 44204 49138 53978 
33 302 5178 5514 6822 9539 9950 11926 13359 20496 26325 27495 37627 44204 49138 53978 
326 5178 5514 6822 9539 9950 11926 13359 20496 24945 26325 27495 37553 44204 49138 53978 
15 326 5163 5514 6822 10671 15087 20375 20496 24945 26196 27495 37553 44204 49138 53978 
21 26 302 5514 6822 9539 9950 11926 13359 20375 20496 24945 26196 27495 37553 44371 49147 54131 
15 16 17 19 24 302 3848 4582 5514 6822 9539 9950 11926 13359 20343 20358 20496 24945 26196 27495 37553 44204 49138 53978 
302 5527 6835 9539 11926 14016 24705 24945 26196 27495 36705 37079 44371 49147 54131 
33 302 5178 5514 6822 9539 9950 11926 13359 20343 20358 20496 24945 26196 27495 36705 37079 44204 49138 53978 
135 207 3853 4592 5527 6835 9539 9950 11926 13359 20343 20358 20496 24945 26196 27495 36705 37079 44204 49138 53978 
135 207 399 612 3390 3633 4251 5527 6835 10553 15049 24705 26196 39707 45808 47802 53978 
18 29 302 5514 6822 9539 9950 11926 13359 20343 20358 20496 24945 26196 27495 36705 37079 45950 47808 54131 
302 5178 5527 6835 10671 15087 24705 26196 39707 42627 44204 47802 53978 
3 12 21 26 302 612 3387 4853 5514 6822 9539 9950 11886 13317 20375 20496 26196 39707 42627 44204 47802 53978 
135 207 5527 6835 10591 15146 24705 24945 26196 39644 42628 44371 47808 54131 
33 302 612 5514 6822 10553 15087 24705 24945 26196 39644 42628 44371 47808 54131 
302 5178 5527 6835 10591 15146 24705 24945 26196 39644 42627 44204 47802 53978 
302 399 612 3390 4865 5527 6835 10553 15049 24705 24945 26196 39644 42627 44204 47802 53978 
21 26 302 5514 6822 9539 9950 15146 24705 24945 26196 39644 42628 44371 47808 54131 
302 5527 6835 9539 11926 14016 24705 24945 26196 39644 42628 44371 47808 54131 
3 302 3399 4853 5527 6835 9539 11926 14016 24705 24945 26196 39644 42627 44204 47802 53978 
302 365 375 612 5527 6835 10553 11886 13317 24705 24945 26196 39644 42628 44371 47808 54131 
302 5527 6835 9539 9950 11926 13359 24705 24945 26196 39644 42628 44371 47808 54131 
135 207 1069 5527 6835 9539 9950 11926 13359 24705 24939 26196 39644 42628 44371 47808 54131 
3 12 135 207 3387 4853 5527 6835 9539 9950 11926 13359 24705 24945 26196 39644 42627 44204 47802 53978 
302 5527 6835 9539 9950 11926 13359 20343 20358 20496 24945 26196 39644 42628 44371 47808 54131 
2924 3158 3633 4251 5564 6877 9539 9950 11926 13359 20496 26325 27495 37627 42627 44204 47802 53978 
1 2 4 8 21 26 135 207 2923 3156 3629 4243 5514 6822 9539 9950 11926 13359 20496 26325 27495 37627 42627 44204 47802 53978 
21 26 135 207 2924 3158 3633 4251 5514 6822 9539 9950 11926 13359 20375 20496 26196 27495 37627 42627 44204 47802 53978 
135 207 2924 3158 3633 4251 5527 6835 10591 15146 24705 24945 26196 27495 37553 42627 44204 47802 53978 
3 12 18 29 302 365 612 1069 3387 4853 5514 6822 10553 11886 13322 24705 24939 26196 27495 37553 42627 44204 47802 53978 
141 224 5178 5514 6822 17475 20375 20496 24945 26196 27495 37553 42627 44204 47802 53978 
33 302 5514 6822 10591 15146 20375 20496 24945 26196 27495 37553 42628 44371 47808 54131 
302 399 5527 6835 10671 15049 20375 20496 24945 26196 27495 37553 42628 44371 47808 54131 
33 302 612 5514 6822 10553 15087 20375 20496 24945 26196 27495 37553 42628 44371 47808 54131 
302 5178 5527 6835 10671 15087 20375 20496 24945 26196 27495 37553 42627 44204 47802 53978 
33 302 3853 4592 5514 6822 10591 15146 20375 20496 24945 26196 27495 37553 42627 44204 47802 53978 
21 26 135 207 3853 4592 5514 6822 10591 15146 20375 20496 24945 26196 27495 37553 42627 44204 47802 53978 
33 302 365 612 5514 6822 9537 11886 14007 20375 20496 24945 26196 27495 37553 42628 44371 47808 54131 
33 302 3390 4865 5514 6822 9539 11926 14016 20375 20496 24945 26196 27495 37553 42627 44204 47802 53978 
33 302 3853 4592 5514 6822 9539 11926 14016 20375 20496 24945 26196 27495 37553 42627 44204 47802 53978 
33 135 207 2924 3158 3633 4251 5514 6822 9950 12331 13359 20375 20496 24945 26196 27495 37553 42627 44204 47802 53978 
33 302 399 5514 6822 10553 11926 13359 20375 20496 24945 26196 27495 37553 42628 44371 47808 54131 
326 5514 6822 9539 9950 11926 13359 20375 20496 24945 26196 27495 37553 42628 44371 47808 54131 
21 26 302 5514 6822 9539 9950 11926 13359 20375 20496 24945 26196 27495 37553 42628 44371 47808 54131 
33 302 365 375 478 534 5514 6822 9537 9945 11886 13317 20375 20496 24945 26196 27495 37553 42628 44371 47808 54131 
33 135 207 3390 4865 5514 6822 9539 9950 11926 13359 20375 20496 24945 26196 27495 37553 42627 44204 47802 53978 
12 33 135 207 3390 4853 5514 6822 9539 9950 11926 13359 20375 20496 24945 26196 27495 37553 42627 44204 47802 53978 
1 2 12 302 1835 2264 3387 4853 5527 6835 9539 9945 11926 13388 20375 20496 24945 26196 27495 37553 42613 44204 47802 53874 
326 3853 4592 5514 6822 9539 9950 11926 13359 20375 20496 24945 26196 27495 37553 42627 44204 47802 53978 
21 26 135 207 2924 3158 3633 4251 5514 6822 9539 9950 11926 13359 20375 20496 24945 26196 27495 37553 42627 44204 47802 53978 
16 17 19 24 135 207 2924 3158 3633 4251 5514 6822 9539 9950 15146 20343 20358 20496 24945 26196 27495 37553 42627 44204 47802 53978 
3 12 33 302 534 3387 4853 5514 6822 9539 9950 11926 13317 20343 20358 20496 24945 26196 27495 37553 42627 44204 47802 53978 
21 26 135 207 3853 4592 5514 6822 9539 9950 11926 13359 20343 20358 20496 24945 26196 27495 37553 42627 44204 47802 53978 
21 26 135 207 2924 3158 3633 4251 5514 6822 9539 9950 11926 13359 20343 20358 20496 24945 26196 27495 37553 42627 44204 47802 53978 
21 26 135 207 2924 3158 3633 4251 5514 6822 9539 9950 11926 13359 20343 20358 20496 24837 26196 27495 36724 37079 42627 44204 47802 53978 
302 5527 6835 9539 11926 14016 20375 20496 24945 26196 27495 36705 37079 42628 44371 47808 54131 
18 29 302 3390 4865 5514 6822 9539 11926 14016 20343 20358 20496 24945 26196 27495 36705 37079 42627 44204 47802 53978 
16 17 19 24 302 3853 4592 5514 6822 9539 11926 14016 20343 20358 20496 24945 26196 27495 36705 37079 42627 44204 47802 53978 
16 17 19 24 302 3390 4865 5514 6822 9950 12331 13359 20343 20358 20496 24945 26196 27495 36705 37079 42627 44204 47802 53978 
18 29 135 207 3390 4865 5514 6822 9950 12331 13359 20343 20358 20496 24945 26196 27495 36705 37079 42627 44204 47802 53978 
302 365 612 5527 6835 10553 11886 13322 20343 20358 20496 24945 26196 27495 36705 37079 42628 44371 47808 54131 
302 5178 5527 6835 10671 11888 13322 20343 20358 20496 24945 26196 27495 36705 37079 42627 44204 47802 53978 
21 26 135 207 365 375 612 3853 4592 5514 6822 10553 11886 13317 20343 20358 20496 24945 26196 27495 36705 37079 42627 44204 47802 53978 
18 29 114 269 5514 6822 9539 9950 11926 13359 20343 20358 20496 24945 26196 27495 36705 37079 42628 44371 47808 54131 
3 12 18 29 302 3387 4853 5514 6822 9539 9950 11926 13359 20343 20358 20496 24945 26196 27495 36705 37079 42627 44204 47802 53978 
3853 4592 5564 6877 9539 9950 11926 13359 20343 20358 20496 24945 26196 27495 36705 37079 42627 44204 47802 53978 
21 26 302 2924 3158 3633 4251 5514 6822 9539 9950 11926 13359 20343 20358 20496 24945 26196 27495 36705 37079 42627 44204 47802 53978 
21 26 135 207 2924 3158 3633 4251 5514 6822 9539 9950 11926 13359 20343 20358 20496 24945 26196 27495 36705 37079 42627 44204 47802 53978 
16 17 19 24 135 207 2924 3158 3633 4251 5514 6822 9539 9950 11926 13359 20343 20358 20496 24945 26196 27495 36705 37079 42627 44204 47802 53978 
326 5178 5514 6822 12331 14016 20496 26025 26097 27495 36724 37098 42627 44204 47802 53978 
117 275 365 375 5514 6822 9537 11926 14014 20496 24754 26025 26097 27495 36705 37098 42628 44371 47808 54131 
18 29 114 269 5514 6822 9539 9950 11926 13359 20343 20358 20496 24945 26009 26076 27495 36705 37079 42628 44371 47808 54131 
33 302 5178 5514 6822 9539 11926 14016 20343 20358 20496 24754 24837 26009 26076 27495 36705 37079 42627 44204 47802 53978 
302 5178 5527 6835 9539 9950 11926 13359 20343 20358 20496 24754 24837 26009 26076 27495 36705 37079 42627 44204 47802 53978 
12 16 17 29 114 269 365 375 478 534 3390 3629 4243 5514 6822 9537 9945 11886 13317 20343 20358 20496 24754 24837 26009 26076 27495 36705 37079 42627 44204 47802 53978 
Altogether 401 solutions, after 103 updates
