1 2 4 7 14 17 24 33 53 96 
2 5 7 14 17 24 33 53 96 
2 4 7 14 17 25 33 53 96 
2 7 14 17 28 33 53 96 
1 2 7 14 17 24 33 54 96 
2 7 14 17 25 33 54 96 
2 7 14 17 24 33 55 96 
1 2 4 7 14 17 33 62 96 
2 5 7 14 17 33 62 96 
2 4 7 14 17 33 63 96 
1 2 7 14 17 33 66 96 
2 7 14 17 33 67 96 
3 4 7 14 17 24 33 53 96 
3 7 14 17 24 33 54 96 
3 4 7 14 17 33 62 96 
3 7 14 17 33 66 96 
6 7 14 17 24 33 53 96 
6 7 14 17 33 62 96 
1 4 7 14 17 26 33 53 96 
5 7 14 17 26 33 53 96 
1 7 14 17 26 33 54 96 
7 14 17 26 33 55 96 
4 7 14 17 27 33 53 96 
7 14 17 27 33 54 96 
1 4 7 14 17 33 64 96 
5 7 14 17 33 64 96 
4 7 14 17 33 65 96 
7 14 17 33 68 96 
1 4 8 14 17 24 33 53 96 
5 8 14 17 24 33 53 96 
4 8 14 17 25 33 53 96 
8 14 17 28 33 53 96 
1 8 14 17 24 33 54 96 
8 14 17 25 33 54 96 
8 14 17 24 33 55 96 
1 4 8 14 17 33 62 96 
5 8 14 17 33 62 96 
4 8 14 17 33 63 96 
1 8 14 17 33 66 96 
8 14 17 33 67 96 
4 9 14 17 24 33 53 96 
9 14 17 24 33 54 96 
4 9 14 17 33 62 96 
9 14 17 33 66 96 
1 2 10 14 17 24 33 53 96 
3 10 14 17 24 33 53 96 
2 10 14 17 25 33 53 96 
1 10 14 17 26 33 53 96 
10 14 17 27 33 53 96 
1 2 10 14 17 33 62 96 
3 10 14 17 33 62 96 
2 10 14 17 33 63 96 
1 10 14 17 33 64 96 
10 14 17 33 65 96 
2 11 14 17 24 33 53 96 
11 14 17 26 33 53 96 
2 11 14 17 33 62 96 
11 14 17 33 64 96 
1 12 14 17 24 33 53 96 
12 14 17 25 33 53 96 
1 12 14 17 33 62 96 
12 14 17 33 63 96 
13 14 17 24 33 53 96 
13 14 17 33 62 96 
1 4 14 17 29 33 53 96 
5 14 17 29 33 53 96 
1 14 17 29 33 54 96 
14 17 29 33 55 96 
14 17 30 33 53 96 
1 2 4 14 17 24 33 56 96 
3 4 14 17 24 33 56 96 
2 4 14 17 25 33 56 96 
1 4 14 17 26 33 56 96 
4 14 17 27 33 56 96 
2 5 14 17 24 33 56 96 
5 14 17 26 33 56 96 
6 14 17 24 33 56 96 
2 14 17 28 33 56 96 
1 4 14 17 24 33 57 96 
5 14 17 24 33 57 96 
4 14 17 25 33 57 96 
14 17 28 33 57 96 
1 2 14 17 24 33 58 96 
3 14 17 24 33 58 96 
2 14 17 25 33 58 96 
1 14 17 26 33 58 96 
14 17 27 33 58 96 
14 17 24 33 59 96 
1 2 4 14 17 33 69 96 
3 4 14 17 33 69 96 
2 5 14 17 33 69 96 
6 14 17 33 69 96 
1 4 14 17 33 70 96 
5 14 17 33 70 96 
1 2 14 17 33 71 96 
3 14 17 33 71 96 
2 14 17 33 72 96 
14 17 33 73 96 
2 4 7 14 17 24 34 53 96 
4 8 14 17 24 34 53 96 
4 7 14 17 26 34 53 96 
4 14 17 29 34 53 96 
2 4 14 17 24 34 56 96 
4 14 17 26 34 56 96 
4 14 17 24 34 57 96 
2 4 7 14 17 34 62 96 
4 8 14 17 34 62 96 
4 7 14 17 34 64 96 
2 4 14 17 34 69 96 
4 14 17 34 70 96 
2 10 14 17 24 34 53 96 
10 14 17 26 34 53 96 
2 10 14 17 34 62 96 
10 14 17 34 64 96 
12 14 17 24 34 53 96 
12 14 17 34 62 96 
2 7 14 17 24 34 54 96 
8 14 17 24 34 54 96 
7 14 17 26 34 54 96 
14 17 29 34 54 96 
2 14 17 24 34 58 96 
14 17 26 34 58 96 
2 7 14 17 34 66 96 
8 14 17 34 66 96 
2 14 17 34 71 96 
1 4 7 14 17 24 35 53 96 
5 7 14 17 24 35 53 96 
4 7 14 17 25 35 53 96 
7 14 17 28 35 53 96 
1 7 14 17 24 35 54 96 
7 14 17 25 35 54 96 
7 14 17 24 35 55 96 
1 4 7 14 17 35 62 96 
5 7 14 17 35 62 96 
4 7 14 17 35 63 96 
1 7 14 17 35 66 96 
7 14 17 35 67 96 
1 10 14 17 24 35 53 96 
10 14 17 25 35 53 96 
1 10 14 17 35 62 96 
10 14 17 35 63 96 
11 14 17 24 35 53 96 
11 14 17 35 62 96 
1 4 14 17 24 35 56 96 
5 14 17 24 35 56 96 
4 14 17 25 35 56 96 
14 17 28 35 56 96 
1 14 17 24 35 58 96 
14 17 25 35 58 96 
1 4 14 17 35 69 96 
5 14 17 35 69 96 
1 14 17 35 71 96 
14 17 35 72 96 
4 7 14 17 24 36 53 96 
10 14 17 24 36 53 96 
7 14 17 24 36 54 96 
4 14 17 24 36 56 96 
14 17 24 36 58 96 
4 7 14 17 36 62 96 
10 14 17 36 62 96 
7 14 17 36 66 96 
4 14 17 36 69 96 
14 17 36 71 96 
2 7 14 17 24 37 53 96 
8 14 17 24 37 53 96 
7 14 17 26 37 53 96 
14 17 29 37 53 96 
2 14 17 24 37 56 96 
14 17 26 37 56 96 
14 17 24 37 57 96 
2 7 14 17 37 62 96 
8 14 17 37 62 96 
7 14 17 37 64 96 
2 14 17 37 69 96 
14 17 37 70 96 
1 4 14 17 24 38 53 96 
5 14 17 24 38 53 96 
4 14 17 25 38 53 96 
14 17 28 38 53 96 
1 14 17 24 38 54 96 
14 17 25 38 54 96 
14 17 24 38 55 96 
1 4 14 17 38 62 96 
5 14 17 38 62 96 
4 14 17 38 63 96 
1 14 17 38 66 96 
14 17 38 67 96 
14 17 24 39 53 96 
14 17 39 62 96 
1 2 4 7 14 17 42 53 96 
3 4 7 14 17 42 53 96 
2 5 7 14 17 42 53 96 
6 7 14 17 42 53 96 
1 4 8 14 17 42 53 96 
5 8 14 17 42 53 96 
4 9 14 17 42 53 96 
1 2 10 14 17 42 53 96 
3 10 14 17 42 53 96 
2 11 14 17 42 53 96 
1 12 14 17 42 53 96 
13 14 17 42 53 96 
1 2 7 14 17 42 54 96 
3 7 14 17 42 54 96 
1 8 14 17 42 54 96 
9 14 17 42 54 96 
2 7 14 17 42 55 96 
8 14 17 42 55 96 
1 2 4 14 17 42 56 96 
3 4 14 17 42 56 96 
2 5 14 17 42 56 96 
6 14 17 42 56 96 
1 4 14 17 42 57 96 
5 14 17 42 57 96 
1 2 14 17 42 58 96 
3 14 17 42 58 96 
14 17 42 59 96 
2 4 7 14 17 43 53 96 
2 10 14 17 43 53 96 
2 7 14 17 43 54 96 
2 4 14 17 43 56 96 
2 14 17 43 58 96 
4 8 14 17 43 53 96 
8 14 17 43 54 96 
12 14 17 43 53 96 
4 14 17 43 57 96 
1 4 7 14 17 44 53 96 
1 10 14 17 44 53 96 
1 7 14 17 44 54 96 
1 4 14 17 44 56 96 
1 14 17 44 58 96 
5 7 14 17 44 53 96 
5 14 17 44 56 96 
11 14 17 44 53 96 
7 14 17 44 55 96 
4 7 14 17 45 53 96 
10 14 17 45 53 96 
7 14 17 45 54 96 
4 14 17 45 56 96 
14 17 45 58 96 
2 7 14 17 46 53 96 
8 14 17 46 53 96 
2 14 17 46 56 96 
14 17 46 57 96 
1 4 14 17 47 53 96 
5 14 17 47 53 96 
1 14 17 47 54 96 
14 17 47 55 96 
14 17 48 53 96 
1 2 4 7 14 17 88 96 
3 4 7 14 17 88 96 
2 5 7 14 17 88 96 
6 7 14 17 88 96 
1 4 8 14 17 88 96 
5 8 14 17 88 96 
4 9 14 17 88 96 
1 2 10 14 17 88 96 
3 10 14 17 88 96 
2 11 14 17 88 96 
1 12 14 17 88 96 
13 14 17 88 96 
2 7 14 17 89 96 
8 14 17 89 96 
7 14 17 90 96 
14 17 91 96 
1 2 7 14 17 24 33 53 97 
3 7 14 17 24 33 53 97 
2 7 14 17 25 33 53 97 
1 7 14 17 26 33 53 97 
7 14 17 27 33 53 97 
2 7 14 17 24 34 53 97 
7 14 17 26 34 53 97 
1 7 14 17 24 35 53 97 
7 14 17 25 35 53 97 
7 14 17 24 36 53 97 
1 2 7 14 17 42 53 97 
3 7 14 17 42 53 97 
2 7 14 17 43 53 97 
1 7 14 17 44 53 97 
7 14 17 45 53 97 
1 8 14 17 24 33 53 97 
8 14 17 25 33 53 97 
8 14 17 24 34 53 97 
1 8 14 17 42 53 97 
8 14 17 43 53 97 
9 14 17 24 33 53 97 
9 14 17 42 53 97 
1 14 17 29 33 53 97 
14 17 29 34 53 97 
1 14 17 24 38 53 97 
14 17 25 38 53 97 
1 14 17 47 53 97 
1 2 14 17 24 33 56 97 
3 14 17 24 33 56 97 
2 14 17 25 33 56 97 
1 14 17 26 33 56 97 
14 17 27 33 56 97 
2 14 17 24 34 56 97 
14 17 26 34 56 97 
1 14 17 24 35 56 97 
14 17 25 35 56 97 
14 17 24 36 56 97 
1 2 14 17 42 56 97 
3 14 17 42 56 97 
2 14 17 43 56 97 
1 14 17 44 56 97 
14 17 45 56 97 
1 14 17 24 33 57 97 
14 17 25 33 57 97 
14 17 24 34 57 97 
1 14 17 42 57 97 
14 17 43 57 97 
1 2 7 14 17 33 62 97 
3 7 14 17 33 62 97 
2 7 14 17 34 62 97 
1 7 14 17 35 62 97 
7 14 17 36 62 97 
1 8 14 17 33 62 97 
8 14 17 34 62 97 
9 14 17 33 62 97 
1 14 17 38 62 97 
2 7 14 17 33 63 97 
8 14 17 33 63 97 
7 14 17 35 63 97 
14 17 38 63 97 
1 7 14 17 33 64 97 
7 14 17 34 64 97 
7 14 17 33 65 97 
1 2 14 17 33 69 97 
3 14 17 33 69 97 
2 14 17 34 69 97 
1 14 17 35 69 97 
14 17 36 69 97 
1 14 17 33 70 97 
14 17 34 70 97 
1 2 7 14 17 88 97 
3 7 14 17 88 97 
1 8 14 17 88 97 
9 14 17 88 97 
2 7 14 17 24 33 53 98 
8 14 17 24 33 53 98 
7 14 17 26 33 53 98 
14 17 29 33 53 98 
2 14 17 24 33 56 98 
14 17 26 33 56 98 
14 17 24 33 57 98 
2 7 14 17 33 62 98 
8 14 17 33 62 98 
7 14 17 33 64 98 
2 14 17 33 69 98 
14 17 33 70 98 
7 14 17 24 35 53 98 
14 17 24 35 56 98 
7 14 17 35 62 98 
14 17 35 69 98 
14 17 24 38 53 98 
14 17 38 62 98 
2 7 14 17 42 53 98 
8 14 17 42 53 98 
2 14 17 42 56 98 
14 17 42 57 98 
7 14 17 44 53 98 
14 17 44 56 98 
14 17 47 53 98 
2 7 14 17 88 98 
8 14 17 88 98 
1 2 4 14 17 24 33 53 99 
3 4 14 17 24 33 53 99 
2 4 14 17 25 33 53 99 
1 4 14 17 26 33 53 99 
4 14 17 27 33 53 99 
2 4 14 17 24 34 53 99 
4 14 17 26 34 53 99 
1 4 14 17 24 35 53 99 
4 14 17 25 35 53 99 
4 14 17 24 36 53 99 
1 2 4 14 17 42 53 99 
3 4 14 17 42 53 99 
2 4 14 17 43 53 99 
1 4 14 17 44 53 99 
4 14 17 45 53 99 
2 5 14 17 24 33 53 99 
5 14 17 26 33 53 99 
5 14 17 24 35 53 99 
2 5 14 17 42 53 99 
5 14 17 44 53 99 
6 14 17 24 33 53 99 
6 14 17 42 53 99 
2 14 17 28 33 53 99 
14 17 28 35 53 99 
2 14 17 24 37 53 99 
14 17 26 37 53 99 
2 14 17 46 53 99 
1 2 14 17 24 33 54 99 
3 14 17 24 33 54 99 
2 14 17 25 33 54 99 
1 14 17 26 33 54 99 
14 17 27 33 54 99 
2 14 17 24 34 54 99 
14 17 26 34 54 99 
1 14 17 24 35 54 99 
14 17 25 35 54 99 
14 17 24 36 54 99 
1 2 14 17 42 54 99 
3 14 17 42 54 99 
2 14 17 43 54 99 
1 14 17 44 54 99 
14 17 45 54 99 
2 14 17 24 33 55 99 
14 17 26 33 55 99 
14 17 24 35 55 99 
2 14 17 42 55 99 
14 17 44 55 99 
1 2 4 14 17 33 62 99 
3 4 14 17 33 62 99 
2 4 14 17 34 62 99 
1 4 14 17 35 62 99 
4 14 17 36 62 99 
2 5 14 17 33 62 99 
5 14 17 35 62 99 
6 14 17 33 62 99 
2 14 17 37 62 99 
2 4 14 17 33 63 99 
4 14 17 35 63 99 
1 4 14 17 33 64 99 
5 14 17 33 64 99 
4 14 17 34 64 99 
14 17 37 64 99 
4 14 17 33 65 99 
1 2 14 17 33 66 99 
3 14 17 33 66 99 
2 14 17 34 66 99 
1 14 17 35 66 99 
14 17 36 66 99 
2 14 17 33 67 99 
14 17 35 67 99 
14 17 33 68 99 
1 2 4 14 17 88 99 
3 4 14 17 88 99 
2 5 14 17 88 99 
6 14 17 88 99 
2 14 17 89 99 
14 17 90 99 
1 4 14 17 24 33 53 100 
5 14 17 24 33 53 100 
4 14 17 25 33 53 100 
14 17 28 33 53 100 
1 14 17 24 33 54 100 
14 17 25 33 54 100 
14 17 24 33 55 100 
1 4 14 17 33 62 100 
5 14 17 33 62 100 
4 14 17 33 63 100 
1 14 17 33 66 100 
14 17 33 67 100 
4 14 17 24 34 53 100 
14 17 24 34 54 100 
4 14 17 34 62 100 
14 17 34 66 100 
14 17 24 37 53 100 
14 17 37 62 100 
1 4 14 17 42 53 100 
5 14 17 42 53 100 
1 14 17 42 54 100 
14 17 42 55 100 
4 14 17 43 53 100 
14 17 43 54 100 
14 17 46 53 100 
1 4 14 17 88 100 
5 14 17 88 100 
14 17 89 100 
1 2 14 17 24 33 53 101 
3 14 17 24 33 53 101 
2 14 17 25 33 53 101 
1 14 17 26 33 53 101 
14 17 27 33 53 101 
2 14 17 24 34 53 101 
14 17 26 34 53 101 
1 14 17 24 35 53 101 
14 17 25 35 53 101 
14 17 24 36 53 101 
1 2 14 17 42 53 101 
3 14 17 42 53 101 
2 14 17 43 53 101 
1 14 17 44 53 101 
14 17 45 53 101 
1 2 14 17 33 62 101 
3 14 17 33 62 101 
2 14 17 34 62 101 
1 14 17 35 62 101 
14 17 36 62 101 
2 14 17 33 63 101 
14 17 35 63 101 
1 14 17 33 64 101 
14 17 34 64 101 
14 17 33 65 101 
1 2 14 17 88 101 
3 14 17 88 101 
14 17 24 33 53 102 
14 17 42 53 102 
14 17 33 62 102 
14 17 88 102 
1 2 4 7 14 17 24 53 105 
2 5 7 14 17 24 53 105 
2 4 7 14 17 25 53 105 
2 7 14 17 28 53 105 
1 2 7 14 17 24 54 105 
2 7 14 17 25 54 105 
2 7 14 17 24 55 105 
1 2 4 7 14 17 62 105 
2 5 7 14 17 62 105 
2 4 7 14 17 63 105 
1 2 7 14 17 66 105 
2 7 14 17 67 105 
3 4 7 14 17 24 53 105 
3 7 14 17 24 54 105 
3 4 7 14 17 62 105 
3 7 14 17 66 105 
6 7 14 17 24 53 105 
6 7 14 17 62 105 
1 4 7 14 17 26 53 105 
5 7 14 17 26 53 105 
1 7 14 17 26 54 105 
7 14 17 26 55 105 
4 7 14 17 27 53 105 
7 14 17 27 54 105 
1 4 7 14 17 64 105 
5 7 14 17 64 105 
4 7 14 17 65 105 
7 14 17 68 105 
1 4 8 14 17 24 53 105 
5 8 14 17 24 53 105 
4 8 14 17 25 53 105 
8 14 17 28 53 105 
1 8 14 17 24 54 105 
8 14 17 25 54 105 
8 14 17 24 55 105 
1 4 8 14 17 62 105 
5 8 14 17 62 105 
4 8 14 17 63 105 
1 8 14 17 66 105 
8 14 17 67 105 
4 9 14 17 24 53 105 
9 14 17 24 54 105 
4 9 14 17 62 105 
9 14 17 66 105 
1 2 10 14 17 24 53 105 
3 10 14 17 24 53 105 
2 10 14 17 25 53 105 
1 10 14 17 26 53 105 
10 14 17 27 53 105 
1 2 10 14 17 62 105 
3 10 14 17 62 105 
2 10 14 17 63 105 
1 10 14 17 64 105 
10 14 17 65 105 
2 11 14 17 24 53 105 
11 14 17 26 53 105 
2 11 14 17 62 105 
11 14 17 64 105 
1 12 14 17 24 53 105 
12 14 17 25 53 105 
1 12 14 17 62 105 
12 14 17 63 105 
13 14 17 24 53 105 
13 14 17 62 105 
1 4 14 17 29 53 105 
5 14 17 29 53 105 
1 14 17 29 54 105 
14 17 29 55 105 
14 17 30 53 105 
1 2 4 14 17 24 56 105 
3 4 14 17 24 56 105 
2 4 14 17 25 56 105 
1 4 14 17 26 56 105 
4 14 17 27 56 105 
2 5 14 17 24 56 105 
5 14 17 26 56 105 
6 14 17 24 56 105 
2 14 17 28 56 105 
1 4 14 17 24 57 105 
5 14 17 24 57 105 
4 14 17 25 57 105 
14 17 28 57 105 
1 2 14 17 24 58 105 
3 14 17 24 58 105 
2 14 17 25 58 105 
1 14 17 26 58 105 
14 17 27 58 105 
14 17 24 59 105 
1 2 4 14 17 69 105 
3 4 14 17 69 105 
2 5 14 17 69 105 
6 14 17 69 105 
1 4 14 17 70 105 
5 14 17 70 105 
1 2 14 17 71 105 
3 14 17 71 105 
2 14 17 72 105 
14 17 73 105 
2 4 7 14 17 24 53 106 
4 8 14 17 24 53 106 
4 7 14 17 26 53 106 
4 14 17 29 53 106 
2 4 14 17 24 56 106 
4 14 17 26 56 106 
4 14 17 24 57 106 
2 4 7 14 17 62 106 
4 8 14 17 62 106 
4 7 14 17 64 106 
2 4 14 17 69 106 
4 14 17 70 106 
2 10 14 17 24 53 106 
10 14 17 26 53 106 
2 10 14 17 62 106 
10 14 17 64 106 
12 14 17 24 53 106 
12 14 17 62 106 
2 7 14 17 24 54 106 
8 14 17 24 54 106 
7 14 17 26 54 106 
14 17 29 54 106 
2 14 17 24 58 106 
14 17 26 58 106 
2 7 14 17 66 106 
8 14 17 66 106 
2 14 17 71 106 
1 4 7 14 17 24 53 107 
5 7 14 17 24 53 107 
4 7 14 17 25 53 107 
7 14 17 28 53 107 
1 7 14 17 24 54 107 
7 14 17 25 54 107 
7 14 17 24 55 107 
1 4 7 14 17 62 107 
5 7 14 17 62 107 
4 7 14 17 63 107 
1 7 14 17 66 107 
7 14 17 67 107 
1 10 14 17 24 53 107 
10 14 17 25 53 107 
1 10 14 17 62 107 
10 14 17 63 107 
11 14 17 24 53 107 
11 14 17 62 107 
1 4 14 17 24 56 107 
5 14 17 24 56 107 
4 14 17 25 56 107 
14 17 28 56 107 
1 14 17 24 58 107 
14 17 25 58 107 
1 4 14 17 69 107 
5 14 17 69 107 
1 14 17 71 107 
14 17 72 107 
4 7 14 17 24 53 108 
10 14 17 24 53 108 
7 14 17 24 54 108 
4 14 17 24 56 108 
14 17 24 58 108 
4 7 14 17 62 108 
10 14 17 62 108 
7 14 17 66 108 
4 14 17 69 108 
14 17 71 108 
1 2 7 14 17 24 53 109 
1 8 14 17 24 53 109 
1 7 14 17 26 53 109 
1 14 17 29 53 109 
1 2 14 17 24 56 109 
1 14 17 26 56 109 
1 14 17 24 57 109 
1 2 7 14 17 62 109 
1 8 14 17 62 109 
1 7 14 17 64 109 
1 2 14 17 69 109 
1 14 17 70 109 
3 7 14 17 24 53 109 
3 14 17 24 56 109 
3 7 14 17 62 109 
3 14 17 69 109 
9 14 17 24 53 109 
9 14 17 62 109 
2 7 14 17 25 53 109 
8 14 17 25 53 109 
2 14 17 25 56 109 
14 17 25 57 109 
7 14 17 27 53 109 
14 17 27 56 109 
2 7 14 17 63 109 
8 14 17 63 109 
7 14 17 65 109 
2 7 14 17 24 53 110 
8 14 17 24 53 110 
7 14 17 26 53 110 
14 17 29 53 110 
2 14 17 24 56 110 
14 17 26 56 110 
14 17 24 57 110 
2 7 14 17 62 110 
8 14 17 62 110 
7 14 17 64 110 
2 14 17 69 110 
14 17 70 110 
1 2 4 14 17 24 53 111 
2 5 14 17 24 53 111 
2 4 14 17 25 53 111 
2 14 17 28 53 111 
1 2 14 17 24 54 111 
2 14 17 25 54 111 
2 14 17 24 55 111 
1 2 4 14 17 62 111 
2 5 14 17 62 111 
2 4 14 17 63 111 
1 2 14 17 66 111 
2 14 17 67 111 
3 4 14 17 24 53 111 
3 14 17 24 54 111 
3 4 14 17 62 111 
3 14 17 66 111 
6 14 17 24 53 111 
6 14 17 62 111 
1 4 14 17 26 53 111 
5 14 17 26 53 111 
1 14 17 26 54 111 
14 17 26 55 111 
4 14 17 27 53 111 
14 17 27 54 111 
1 4 14 17 64 111 
5 14 17 64 111 
4 14 17 65 111 
14 17 68 111 
1 4 14 17 24 53 112 
5 14 17 24 53 112 
4 14 17 25 53 112 
14 17 28 53 112 
1 14 17 24 54 112 
14 17 25 54 112 
14 17 24 55 112 
1 4 14 17 62 112 
5 14 17 62 112 
4 14 17 63 112 
1 14 17 66 112 
14 17 67 112 
4 14 17 24 53 113 
14 17 24 54 113 
4 14 17 62 113 
14 17 66 113 
1 2 14 17 24 53 114 
3 14 17 24 53 114 
2 14 17 25 53 114 
1 14 17 26 53 114 
14 17 27 53 114 
1 2 14 17 62 114 
3 14 17 62 114 
2 14 17 63 114 
1 14 17 64 114 
14 17 65 114 
1 14 17 24 53 115 
14 17 25 53 115 
1 14 17 62 115 
14 17 63 115 
14 17 24 53 116 
14 17 62 116 
1 2 4 7 14 17 53 131 
3 4 7 14 17 53 131 
2 5 7 14 17 53 131 
6 7 14 17 53 131 
1 4 8 14 17 53 131 
5 8 14 17 53 131 
4 9 14 17 53 131 
1 2 10 14 17 53 131 
3 10 14 17 53 131 
2 11 14 17 53 131 
1 12 14 17 53 131 
13 14 17 53 131 
1 2 7 14 17 54 131 
3 7 14 17 54 131 
1 8 14 17 54 131 
9 14 17 54 131 
2 7 14 17 55 131 
8 14 17 55 131 
1 2 4 14 17 56 131 
3 4 14 17 56 131 
2 5 14 17 56 131 
6 14 17 56 131 
1 4 14 17 57 131 
5 14 17 57 131 
1 2 14 17 58 131 
3 14 17 58 131 
14 17 59 131 
1 4 14 17 53 132 
5 14 17 53 132 
1 14 17 54 132 
14 17 55 132 
4 14 17 53 133 
14 17 54 133 
14 17 53 134 
1 2 4 7 14 17 24 33 139 
3 4 7 14 17 24 33 139 
2 4 7 14 17 25 33 139 
1 4 7 14 17 26 33 139 
4 7 14 17 27 33 139 
2 4 7 14 17 24 34 139 
4 7 14 17 26 34 139 
1 4 7 14 17 24 35 139 
4 7 14 17 25 35 139 
4 7 14 17 24 36 139 
1 2 4 7 14 17 42 139 
3 4 7 14 17 42 139 
2 4 7 14 17 43 139 
1 4 7 14 17 44 139 
4 7 14 17 45 139 
2 5 7 14 17 24 33 139 
5 7 14 17 26 33 139 
5 7 14 17 24 35 139 
2 5 7 14 17 42 139 
5 7 14 17 44 139 
6 7 14 17 24 33 139 
6 7 14 17 42 139 
2 7 14 17 28 33 139 
7 14 17 28 35 139 
2 7 14 17 24 37 139 
7 14 17 26 37 139 
2 7 14 17 46 139 
1 4 8 14 17 24 33 139 
4 8 14 17 25 33 139 
4 8 14 17 24 34 139 
1 4 8 14 17 42 139 
4 8 14 17 43 139 
5 8 14 17 24 33 139 
5 8 14 17 42 139 
8 14 17 28 33 139 
8 14 17 24 37 139 
8 14 17 46 139 
4 9 14 17 24 33 139 
4 9 14 17 42 139 
1 2 10 14 17 24 33 139 
3 10 14 17 24 33 139 
2 10 14 17 25 33 139 
1 10 14 17 26 33 139 
10 14 17 27 33 139 
2 10 14 17 24 34 139 
10 14 17 26 34 139 
1 10 14 17 24 35 139 
10 14 17 25 35 139 
10 14 17 24 36 139 
1 2 10 14 17 42 139 
3 10 14 17 42 139 
2 10 14 17 43 139 
1 10 14 17 44 139 
10 14 17 45 139 
2 11 14 17 24 33 139 
11 14 17 26 33 139 
11 14 17 24 35 139 
2 11 14 17 42 139 
11 14 17 44 139 
1 12 14 17 24 33 139 
12 14 17 25 33 139 
12 14 17 24 34 139 
1 12 14 17 42 139 
12 14 17 43 139 
13 14 17 24 33 139 
13 14 17 42 139 
1 4 14 17 29 33 139 
5 14 17 29 33 139 
4 14 17 29 34 139 
14 17 29 37 139 
14 17 30 33 139 
1 4 14 17 24 38 139 
5 14 17 24 38 139 
4 14 17 25 38 139 
14 17 28 38 139 
14 17 24 39 139 
1 4 14 17 47 139 
5 14 17 47 139 
14 17 48 139 
1 2 7 14 17 24 33 140 
3 7 14 17 24 33 140 
2 7 14 17 25 33 140 
1 7 14 17 26 33 140 
7 14 17 27 33 140 
2 7 14 17 24 34 140 
7 14 17 26 34 140 
1 7 14 17 24 35 140 
7 14 17 25 35 140 
7 14 17 24 36 140 
1 2 7 14 17 42 140 
3 7 14 17 42 140 
2 7 14 17 43 140 
1 7 14 17 44 140 
7 14 17 45 140 
1 8 14 17 24 33 140 
8 14 17 25 33 140 
8 14 17 24 34 140 
1 8 14 17 42 140 
8 14 17 43 140 
9 14 17 24 33 140 
9 14 17 42 140 
1 14 17 29 33 140 
14 17 29 34 140 
1 14 17 24 38 140 
14 17 25 38 140 
1 14 17 47 140 
2 7 14 17 24 33 141 
7 14 17 26 33 141 
7 14 17 24 35 141 
2 7 14 17 42 141 
7 14 17 44 141 
8 14 17 24 33 141 
8 14 17 42 141 
14 17 29 33 141 
14 17 24 38 141 
14 17 47 141 
1 2 4 14 17 24 33 142 
3 4 14 17 24 33 142 
2 4 14 17 25 33 142 
1 4 14 17 26 33 142 
4 14 17 27 33 142 
2 4 14 17 24 34 142 
4 14 17 26 34 142 
1 4 14 17 24 35 142 
4 14 17 25 35 142 
4 14 17 24 36 142 
1 2 4 14 17 42 142 
3 4 14 17 42 142 
2 4 14 17 43 142 
1 4 14 17 44 142 
4 14 17 45 142 
2 5 14 17 24 33 142 
5 14 17 26 33 142 
5 14 17 24 35 142 
2 5 14 17 42 142 
5 14 17 44 142 
6 14 17 24 33 142 
6 14 17 42 142 
2 14 17 28 33 142 
14 17 28 35 142 
2 14 17 24 37 142 
14 17 26 37 142 
2 14 17 46 142 
1 4 14 17 24 33 143 
4 14 17 25 33 143 
4 14 17 24 34 143 
1 4 14 17 42 143 
4 14 17 43 143 
5 14 17 24 33 143 
5 14 17 42 143 
14 17 28 33 143 
14 17 24 37 143 
14 17 46 143 
1 2 14 17 24 33 144 
3 14 17 24 33 144 
2 14 17 25 33 144 
1 14 17 26 33 144 
14 17 27 33 144 
2 14 17 24 34 144 
14 17 26 34 144 
1 14 17 24 35 144 
14 17 25 35 144 
14 17 24 36 144 
1 2 14 17 42 144 
3 14 17 42 144 
2 14 17 43 144 
1 14 17 44 144 
14 17 45 144 
14 17 24 33 145 
14 17 42 145 
1 2 4 7 14 17 33 151 
3 4 7 14 17 33 151 
2 5 7 14 17 33 151 
6 7 14 17 33 151 
1 4 8 14 17 33 151 
5 8 14 17 33 151 
4 9 14 17 33 151 
1 2 10 14 17 33 151 
3 10 14 17 33 151 
2 11 14 17 33 151 
1 12 14 17 33 151 
13 14 17 33 151 
2 4 7 14 17 34 151 
4 8 14 17 34 151 
2 10 14 17 34 151 
12 14 17 34 151 
1 4 7 14 17 35 151 
5 7 14 17 35 151 
1 10 14 17 35 151 
11 14 17 35 151 
4 7 14 17 36 151 
10 14 17 36 151 
2 7 14 17 37 151 
8 14 17 37 151 
1 4 14 17 38 151 
5 14 17 38 151 
14 17 39 151 
2 7 14 17 33 152 
8 14 17 33 152 
7 14 17 35 152 
14 17 38 152 
2 14 17 33 153 
14 17 35 153 
14 17 33 154 
1 2 4 7 14 17 24 159 
3 4 7 14 17 24 159 
2 5 7 14 17 24 159 
6 7 14 17 24 159 
1 4 8 14 17 24 159 
5 8 14 17 24 159 
4 9 14 17 24 159 
1 2 10 14 17 24 159 
3 10 14 17 24 159 
2 11 14 17 24 159 
1 12 14 17 24 159 
13 14 17 24 159 
2 4 7 14 17 25 159 
4 8 14 17 25 159 
2 10 14 17 25 159 
12 14 17 25 159 
1 4 7 14 17 26 159 
5 7 14 17 26 159 
1 10 14 17 26 159 
11 14 17 26 159 
4 7 14 17 27 159 
10 14 17 27 159 
2 7 14 17 28 159 
8 14 17 28 159 
1 4 14 17 29 159 
5 14 17 29 159 
14 17 30 159 
1 4 14 17 24 160 
5 14 17 24 160 
4 14 17 25 160 
14 17 28 160 
1 14 17 24 161 
14 17 25 161 
14 17 24 162 
1 2 4 7 14 17 167 
3 4 7 14 17 167 
2 5 7 14 17 167 
6 7 14 17 167 
1 4 8 14 17 167 
5 8 14 17 167 
4 9 14 17 167 
1 2 10 14 17 167 
3 10 14 17 167 
2 11 14 17 167 
1 12 14 17 167 
13 14 17 167 
2 4 7 14 17 168 
4 8 14 17 168 
2 10 14 17 168 
12 14 17 168 
1 4 7 14 17 169 
5 7 14 17 169 
1 10 14 17 169 
11 14 17 169 
4 7 14 17 170 
10 14 17 170 
1 2 7 14 17 171 
3 7 14 17 171 
1 8 14 17 171 
9 14 17 171 
2 7 14 17 172 
8 14 17 172 
7 14 17 173 
1 2 4 14 17 174 
3 4 14 17 174 
2 5 14 17 174 
6 14 17 174 
1 4 14 17 175 
5 14 17 175 
4 14 17 176 
1 2 14 17 177 
3 14 17 177 
2 14 17 178 
1 14 17 179 
14 17 180 
2 7 15 17 24 33 53 96 
8 15 17 24 33 53 96 
7 15 17 24 35 53 96 
15 17 24 38 53 96 
2 15 17 24 33 53 99 
15 17 24 35 53 99 
15 17 24 33 53 100 
2 7 15 17 24 53 105 
8 15 17 24 53 105 
7 15 17 24 53 107 
2 15 17 24 53 111 
15 17 24 53 112 
7 15 17 26 33 53 96 
15 17 26 33 53 99 
7 15 17 26 53 105 
15 17 26 53 111 
15 17 29 33 53 96 
15 17 29 53 105 
2 7 15 17 42 53 96 
8 15 17 42 53 96 
2 15 17 42 53 99 
15 17 42 53 100 
7 15 17 44 53 96 
15 17 44 53 99 
15 17 47 53 96 
2 7 15 17 53 131 
8 15 17 53 131 
15 17 53 132 
2 15 17 24 33 56 96 
15 17 26 33 56 96 
15 17 24 35 56 96 
2 15 17 42 56 96 
15 17 44 56 96 
2 15 17 24 56 105 
15 17 26 56 105 
15 17 24 56 107 
2 15 17 56 131 
15 17 24 33 57 96 
15 17 42 57 96 
15 17 24 57 105 
15 17 57 131 
2 7 15 17 33 62 96 
8 15 17 33 62 96 
7 15 17 35 62 96 
15 17 38 62 96 
2 15 17 33 62 99 
15 17 35 62 99 
15 17 33 62 100 
2 7 15 17 62 105 
8 15 17 62 105 
7 15 17 62 107 
2 15 17 62 111 
15 17 62 112 
7 15 17 33 64 96 
15 17 33 64 99 
7 15 17 64 105 
15 17 64 111 
2 15 17 33 69 96 
15 17 35 69 96 
2 15 17 69 105 
15 17 69 107 
15 17 33 70 96 
15 17 70 105 
2 7 15 17 88 96 
8 15 17 88 96 
2 15 17 88 99 
15 17 88 100 
2 7 15 17 24 33 139 
7 15 17 26 33 139 
7 15 17 24 35 139 
2 7 15 17 42 139 
7 15 17 44 139 
8 15 17 24 33 139 
8 15 17 42 139 
15 17 29 33 139 
15 17 24 38 139 
15 17 47 139 
2 15 17 24 33 142 
15 17 26 33 142 
15 17 24 35 142 
2 15 17 42 142 
15 17 44 142 
15 17 24 33 143 
15 17 42 143 
2 7 15 17 33 151 
8 15 17 33 151 
7 15 17 35 151 
15 17 38 151 
2 7 15 17 24 159 
8 15 17 24 159 
7 15 17 26 159 
15 17 29 159 
15 17 24 160 
2 7 15 17 167 
8 15 17 167 
7 15 17 169 
2 15 17 174 
15 17 175 
16 17 24 33 53 96 
16 17 42 53 96 
16 17 33 62 96 
16 17 88 96 
16 17 24 53 105 
16 17 62 105 
16 17 53 131 
16 17 24 33 139 
16 17 42 139 
16 17 33 151 
16 17 24 159 
16 17 167 
2 7 17 31 33 53 96 
8 17 31 33 53 96 
7 17 31 35 53 96 
17 31 38 53 96 
2 17 31 33 53 99 
17 31 35 53 99 
17 31 33 53 100 
2 7 17 31 53 105 
8 17 31 53 105 
7 17 31 53 107 
2 17 31 53 111 
17 31 53 112 
2 17 31 33 56 96 
17 31 35 56 96 
2 17 31 56 105 
17 31 56 107 
17 31 33 57 96 
17 31 57 105 
2 7 17 31 33 139 
8 17 31 33 139 
7 17 31 35 139 
17 31 38 139 
2 17 31 33 142 
17 31 35 142 
17 31 33 143 
2 7 17 31 159 
8 17 31 159 
17 31 160 
2 7 17 24 40 53 96 
8 17 24 40 53 96 
7 17 26 40 53 96 
17 29 40 53 96 
2 17 24 40 56 96 
17 26 40 56 96 
17 24 40 57 96 
2 7 17 40 62 96 
8 17 40 62 96 
7 17 40 64 96 
2 17 40 69 96 
17 40 70 96 
2 17 24 40 53 99 
17 26 40 53 99 
2 17 40 62 99 
17 40 64 99 
17 24 40 53 100 
17 40 62 100 
2 7 17 24 40 139 
8 17 24 40 139 
7 17 26 40 139 
17 29 40 139 
2 17 24 40 142 
17 26 40 142 
17 24 40 143 
2 7 17 40 151 
8 17 40 151 
4 7 17 49 53 96 
10 17 49 53 96 
7 17 49 54 96 
4 17 49 56 96 
17 49 58 96 
7 17 49 53 97 
17 49 56 97 
4 17 49 53 99 
17 49 54 99 
17 49 53 101 
4 7 17 49 139 
10 17 49 139 
7 17 49 140 
4 17 49 142 
17 49 144 
2 7 17 24 33 60 96 
8 17 24 33 60 96 
7 17 24 35 60 96 
17 24 38 60 96 
2 17 24 33 60 99 
17 24 35 60 99 
17 24 33 60 100 
2 7 17 24 60 105 
8 17 24 60 105 
7 17 24 60 107 
2 17 24 60 111 
17 24 60 112 
7 17 26 33 60 96 
17 26 33 60 99 
7 17 26 60 105 
17 26 60 111 
17 29 33 60 96 
17 29 60 105 
2 7 17 42 60 96 
8 17 42 60 96 
2 17 42 60 99 
17 42 60 100 
7 17 44 60 96 
17 44 60 99 
17 47 60 96 
2 7 17 60 131 
8 17 60 131 
17 60 132 
2 4 7 17 33 74 96 
4 8 17 33 74 96 
4 7 17 35 74 96 
4 17 38 74 96 
2 4 17 33 74 99 
4 17 35 74 99 
4 17 33 74 100 
2 4 7 17 74 105 
4 8 17 74 105 
4 7 17 74 107 
2 4 17 74 111 
4 17 74 112 
2 10 17 33 74 96 
10 17 35 74 96 
2 10 17 74 105 
10 17 74 107 
12 17 33 74 96 
12 17 74 105 
2 7 17 33 74 97 
8 17 33 74 97 
7 17 35 74 97 
17 38 74 97 
2 17 33 74 101 
17 35 74 101 
2 7 17 74 109 
8 17 74 109 
2 17 74 114 
17 74 115 
1 2 7 17 33 75 96 
1 8 17 33 75 96 
1 7 17 35 75 96 
1 17 38 75 96 
1 2 17 33 75 99 
1 17 35 75 99 
1 17 33 75 100 
1 2 7 17 75 105 
1 8 17 75 105 
1 7 17 75 107 
1 2 17 75 111 
1 17 75 112 
3 7 17 33 75 96 
3 17 33 75 99 
3 7 17 75 105 
3 17 75 111 
9 17 33 75 96 
9 17 75 105 
2 7 17 34 75 96 
8 17 34 75 96 
2 17 34 75 99 
17 34 75 100 
7 17 36 75 96 
17 36 75 99 
2 7 17 75 106 
8 17 75 106 
7 17 75 108 
17 75 113 
2 7 17 33 76 96 
8 17 33 76 96 
7 17 35 76 96 
17 38 76 96 
2 17 33 76 99 
17 35 76 99 
17 33 76 100 
2 7 17 76 105 
8 17 76 105 
7 17 76 107 
2 17 76 111 
17 76 112 
7 17 33 77 96 
17 33 77 99 
7 17 77 105 
17 77 111 
1 4 17 33 78 96 
5 17 33 78 96 
4 17 34 78 96 
17 37 78 96 
1 17 33 78 97 
17 34 78 97 
17 33 78 98 
1 4 17 78 105 
5 17 78 105 
4 17 78 106 
1 17 78 109 
17 78 110 
2 17 33 79 96 
17 35 79 96 
2 17 79 105 
17 79 107 
17 33 80 96 
17 80 105 
2 7 17 92 96 
8 17 92 96 
2 17 92 99 
17 92 100 
7 17 93 96 
17 93 99 
17 94 96 
2 7 17 24 33 53 103 
8 17 24 33 53 103 
7 17 26 33 53 103 
17 29 33 53 103 
2 17 24 33 56 103 
17 26 33 56 103 
17 24 33 57 103 
2 7 17 33 62 103 
8 17 33 62 103 
7 17 33 64 103 
2 17 33 69 103 
17 33 70 103 
7 17 24 35 53 103 
17 24 35 56 103 
7 17 35 62 103 
17 35 69 103 
17 24 38 53 103 
17 38 62 103 
2 7 17 42 53 103 
8 17 42 53 103 
2 17 42 56 103 
17 42 57 103 
7 17 44 53 103 
17 44 56 103 
17 47 53 103 
2 7 17 88 103 
8 17 88 103 
2 4 7 17 24 53 117 
4 8 17 24 53 117 
4 7 17 26 53 117 
4 17 29 53 117 
2 4 17 24 56 117 
4 17 26 56 117 
4 17 24 57 117 
2 4 7 17 62 117 
4 8 17 62 117 
4 7 17 64 117 
2 4 17 69 117 
4 17 70 117 
2 10 17 24 53 117 
10 17 26 53 117 
2 10 17 62 117 
10 17 64 117 
12 17 24 53 117 
12 17 62 117 
2 7 17 24 54 117 
8 17 24 54 117 
7 17 26 54 117 
17 29 54 117 
2 17 24 58 117 
17 26 58 117 
2 7 17 66 117 
8 17 66 117 
2 17 71 117 
1 2 7 17 24 53 118 
1 8 17 24 53 118 
1 7 17 26 53 118 
1 17 29 53 118 
1 2 17 24 56 118 
1 17 26 56 118 
1 17 24 57 118 
1 2 7 17 62 118 
1 8 17 62 118 
1 7 17 64 118 
1 2 17 69 118 
1 17 70 118 
3 7 17 24 53 118 
3 17 24 56 118 
3 7 17 62 118 
3 17 69 118 
9 17 24 53 118 
9 17 62 118 
2 7 17 25 53 118 
8 17 25 53 118 
2 17 25 56 118 
17 25 57 118 
7 17 27 53 118 
17 27 56 118 
2 7 17 63 118 
8 17 63 118 
7 17 65 118 
2 7 17 24 53 119 
8 17 24 53 119 
7 17 26 53 119 
17 29 53 119 
2 17 24 56 119 
17 26 56 119 
17 24 57 119 
2 7 17 62 119 
8 17 62 119 
7 17 64 119 
2 17 69 119 
17 70 119 
1 4 17 24 53 120 
5 17 24 53 120 
4 17 25 53 120 
17 28 53 120 
1 17 24 54 120 
17 25 54 120 
17 24 55 120 
1 4 17 62 120 
5 17 62 120 
4 17 63 120 
1 17 66 120 
17 67 120 
1 2 17 24 33 146 
3 17 24 33 146 
2 17 25 33 146 
1 17 26 33 146 
17 27 33 146 
2 17 24 34 146 
17 26 34 146 
1 17 24 35 146 
17 25 35 146 
17 24 36 146 
1 2 17 42 146 
3 17 42 146 
2 17 43 146 
1 17 44 146 
17 45 146 
2 7 17 33 155 
8 17 33 155 
7 17 35 155 
17 38 155 
2 17 33 156 
17 35 156 
17 33 157 
1 2 4 7 17 181 
3 4 7 17 181 
2 5 7 17 181 
6 7 17 181 
1 4 8 17 181 
5 8 17 181 
4 9 17 181 
1 2 10 17 181 
3 10 17 181 
2 11 17 181 
1 12 17 181 
13 17 181 
2 7 17 182 
8 17 182 
7 17 183 
2 17 184 
17 185 
1 4 14 18 24 33 53 96 
5 14 18 24 33 53 96 
4 14 18 25 33 53 96 
14 18 28 33 53 96 
1 14 18 24 33 54 96 
14 18 25 33 54 96 
14 18 24 33 55 96 
1 4 14 18 33 62 96 
5 14 18 33 62 96 
4 14 18 33 63 96 
1 14 18 33 66 96 
14 18 33 67 96 
4 14 18 24 34 53 96 
14 18 24 34 54 96 
4 14 18 34 62 96 
14 18 34 66 96 
14 18 24 37 53 96 
14 18 37 62 96 
1 4 14 18 42 53 96 
5 14 18 42 53 96 
1 14 18 42 54 96 
14 18 42 55 96 
4 14 18 43 53 96 
14 18 43 54 96 
14 18 46 53 96 
1 4 14 18 88 96 
5 14 18 88 96 
14 18 89 96 
1 14 18 24 33 53 97 
14 18 25 33 53 97 
14 18 24 34 53 97 
1 14 18 42 53 97 
14 18 43 53 97 
1 14 18 33 62 97 
14 18 34 62 97 
14 18 33 63 97 
1 14 18 88 97 
14 18 24 33 53 98 
14 18 42 53 98 
14 18 33 62 98 
14 18 88 98 
1 4 14 18 24 53 105 
5 14 18 24 53 105 
4 14 18 25 53 105 
14 18 28 53 105 
1 14 18 24 54 105 
14 18 25 54 105 
14 18 24 55 105 
1 4 14 18 62 105 
5 14 18 62 105 
4 14 18 63 105 
1 14 18 66 105 
14 18 67 105 
4 14 18 24 53 106 
14 18 24 54 106 
4 14 18 62 106 
14 18 66 106 
1 14 18 24 53 109 
14 18 25 53 109 
1 14 18 62 109 
14 18 63 109 
14 18 24 53 110 
14 18 62 110 
1 4 14 18 53 131 
5 14 18 53 131 
1 14 18 54 131 
14 18 55 131 
1 4 14 18 24 33 139 
4 14 18 25 33 139 
4 14 18 24 34 139 
1 4 14 18 42 139 
4 14 18 43 139 
5 14 18 24 33 139 
5 14 18 42 139 
14 18 28 33 139 
14 18 24 37 139 
14 18 46 139 
1 14 18 24 33 140 
14 18 25 33 140 
14 18 24 34 140 
1 14 18 42 140 
14 18 43 140 
14 18 24 33 141 
14 18 42 141 
1 4 14 18 33 151 
5 14 18 33 151 
4 14 18 34 151 
14 18 37 151 
14 18 33 152 
1 4 14 18 24 159 
5 14 18 24 159 
4 14 18 25 159 
14 18 28 159 
1 4 14 18 167 
5 14 18 167 
4 14 18 168 
1 14 18 171 
14 18 172 
15 18 24 33 53 96 
15 18 42 53 96 
15 18 33 62 96 
15 18 88 96 
15 18 24 53 105 
15 18 62 105 
15 18 53 131 
15 18 24 33 139 
15 18 42 139 
15 18 33 151 
15 18 24 159 
15 18 167 
18 31 33 53 96 
18 31 53 105 
18 31 33 139 
18 31 159 
18 24 40 53 96 
18 40 62 96 
18 24 40 139 
18 40 151 
18 24 33 60 96 
18 42 60 96 
18 24 60 105 
18 60 131 
4 18 33 74 96 
18 33 74 97 
4 18 74 105 
18 74 109 
1 18 33 75 96 
18 34 75 96 
1 18 75 105 
18 75 106 
18 33 76 96 
18 76 105 
18 92 96 
18 24 33 53 103 
18 42 53 103 
18 33 62 103 
18 88 103 
4 18 24 53 117 
18 24 54 117 
4 18 62 117 
18 66 117 
1 18 24 53 118 
18 25 53 118 
1 18 62 118 
18 63 118 
18 24 53 119 
18 62 119 
18 33 155 
1 4 18 181 
5 18 181 
18 182 
14 19 24 33 53 96 
14 19 42 53 96 
14 19 33 62 96 
14 19 88 96 
14 19 24 53 105 
14 19 62 105 
14 19 53 131 
14 19 24 33 139 
14 19 42 139 
14 19 33 151 
14 19 24 159 
14 19 167 
19 181 
1 2 4 7 20 24 33 53 96 
2 5 7 20 24 33 53 96 
2 4 7 20 25 33 53 96 
2 7 20 28 33 53 96 
1 2 7 20 24 33 54 96 
2 7 20 25 33 54 96 
2 7 20 24 33 55 96 
1 2 4 7 20 33 62 96 
2 5 7 20 33 62 96 
2 4 7 20 33 63 96 
1 2 7 20 33 66 96 
2 7 20 33 67 96 
3 4 7 20 24 33 53 96 
3 7 20 24 33 54 96 
3 4 7 20 33 62 96 
3 7 20 33 66 96 
6 7 20 24 33 53 96 
6 7 20 33 62 96 
1 4 7 20 26 33 53 96 
5 7 20 26 33 53 96 
1 7 20 26 33 54 96 
7 20 26 33 55 96 
4 7 20 27 33 53 96 
7 20 27 33 54 96 
1 4 7 20 33 64 96 
5 7 20 33 64 96 
4 7 20 33 65 96 
7 20 33 68 96 
1 4 8 20 24 33 53 96 
5 8 20 24 33 53 96 
4 8 20 25 33 53 96 
8 20 28 33 53 96 
1 8 20 24 33 54 96 
8 20 25 33 54 96 
8 20 24 33 55 96 
1 4 8 20 33 62 96 
5 8 20 33 62 96 
4 8 20 33 63 96 
1 8 20 33 66 96 
8 20 33 67 96 
4 9 20 24 33 53 96 
9 20 24 33 54 96 
4 9 20 33 62 96 
9 20 33 66 96 
1 2 10 20 24 33 53 96 
3 10 20 24 33 53 96 
2 10 20 25 33 53 96 
1 10 20 26 33 53 96 
10 20 27 33 53 96 
1 2 10 20 33 62 96 
3 10 20 33 62 96 
2 10 20 33 63 96 
1 10 20 33 64 96 
10 20 33 65 96 
2 11 20 24 33 53 96 
11 20 26 33 53 96 
2 11 20 33 62 96 
11 20 33 64 96 
1 12 20 24 33 53 96 
12 20 25 33 53 96 
1 12 20 33 62 96 
12 20 33 63 96 
13 20 24 33 53 96 
13 20 33 62 96 
1 4 20 29 33 53 96 
5 20 29 33 53 96 
1 20 29 33 54 96 
20 29 33 55 96 
20 30 33 53 96 
1 2 4 20 24 33 56 96 
3 4 20 24 33 56 96 
2 4 20 25 33 56 96 
1 4 20 26 33 56 96 
4 20 27 33 56 96 
2 5 20 24 33 56 96 
5 20 26 33 56 96 
6 20 24 33 56 96 
2 20 28 33 56 96 
1 4 20 24 33 57 96 
5 20 24 33 57 96 
4 20 25 33 57 96 
20 28 33 57 96 
1 2 20 24 33 58 96 
3 20 24 33 58 96 
2 20 25 33 58 96 
1 20 26 33 58 96 
20 27 33 58 96 
20 24 33 59 96 
1 2 4 20 33 69 96 
3 4 20 33 69 96 
2 5 20 33 69 96 
6 20 33 69 96 
1 4 20 33 70 96 
5 20 33 70 96 
1 2 20 33 71 96 
3 20 33 71 96 
2 20 33 72 96 
20 33 73 96 
2 4 7 20 24 34 53 96 
4 8 20 24 34 53 96 
4 7 20 26 34 53 96 
4 20 29 34 53 96 
2 4 20 24 34 56 96 
4 20 26 34 56 96 
4 20 24 34 57 96 
2 4 7 20 34 62 96 
4 8 20 34 62 96 
4 7 20 34 64 96 
2 4 20 34 69 96 
4 20 34 70 96 
2 10 20 24 34 53 96 
10 20 26 34 53 96 
2 10 20 34 62 96 
10 20 34 64 96 
12 20 24 34 53 96 
12 20 34 62 96 
2 7 20 24 34 54 96 
8 20 24 34 54 96 
7 20 26 34 54 96 
20 29 34 54 96 
2 20 24 34 58 96 
20 26 34 58 96 
2 7 20 34 66 96 
8 20 34 66 96 
2 20 34 71 96 
1 4 7 20 24 35 53 96 
5 7 20 24 35 53 96 
4 7 20 25 35 53 96 
7 20 28 35 53 96 
1 7 20 24 35 54 96 
7 20 25 35 54 96 
7 20 24 35 55 96 
1 4 7 20 35 62 96 
5 7 20 35 62 96 
4 7 20 35 63 96 
1 7 20 35 66 96 
7 20 35 67 96 
1 10 20 24 35 53 96 
10 20 25 35 53 96 
1 10 20 35 62 96 
10 20 35 63 96 
11 20 24 35 53 96 
11 20 35 62 96 
1 4 20 24 35 56 96 
5 20 24 35 56 96 
4 20 25 35 56 96 
20 28 35 56 96 
1 20 24 35 58 96 
20 25 35 58 96 
1 4 20 35 69 96 
5 20 35 69 96 
1 20 35 71 96 
20 35 72 96 
4 7 20 24 36 53 96 
10 20 24 36 53 96 
7 20 24 36 54 96 
4 20 24 36 56 96 
20 24 36 58 96 
4 7 20 36 62 96 
10 20 36 62 96 
7 20 36 66 96 
4 20 36 69 96 
20 36 71 96 
2 7 20 24 37 53 96 
8 20 24 37 53 96 
7 20 26 37 53 96 
20 29 37 53 96 
2 20 24 37 56 96 
20 26 37 56 96 
20 24 37 57 96 
2 7 20 37 62 96 
8 20 37 62 96 
7 20 37 64 96 
2 20 37 69 96 
20 37 70 96 
1 4 20 24 38 53 96 
5 20 24 38 53 96 
4 20 25 38 53 96 
20 28 38 53 96 
1 20 24 38 54 96 
20 25 38 54 96 
20 24 38 55 96 
1 4 20 38 62 96 
5 20 38 62 96 
4 20 38 63 96 
1 20 38 66 96 
20 38 67 96 
20 24 39 53 96 
20 39 62 96 
1 2 4 7 20 42 53 96 
3 4 7 20 42 53 96 
2 5 7 20 42 53 96 
6 7 20 42 53 96 
1 4 8 20 42 53 96 
5 8 20 42 53 96 
4 9 20 42 53 96 
1 2 10 20 42 53 96 
3 10 20 42 53 96 
2 11 20 42 53 96 
1 12 20 42 53 96 
13 20 42 53 96 
1 2 7 20 42 54 96 
3 7 20 42 54 96 
1 8 20 42 54 96 
9 20 42 54 96 
2 7 20 42 55 96 
8 20 42 55 96 
1 2 4 20 42 56 96 
3 4 20 42 56 96 
2 5 20 42 56 96 
6 20 42 56 96 
1 4 20 42 57 96 
5 20 42 57 96 
1 2 20 42 58 96 
3 20 42 58 96 
20 42 59 96 
2 4 7 20 43 53 96 
2 10 20 43 53 96 
2 7 20 43 54 96 
2 4 20 43 56 96 
2 20 43 58 96 
4 8 20 43 53 96 
8 20 43 54 96 
12 20 43 53 96 
4 20 43 57 96 
1 4 7 20 44 53 96 
1 10 20 44 53 96 
1 7 20 44 54 96 
1 4 20 44 56 96 
1 20 44 58 96 
5 7 20 44 53 96 
5 20 44 56 96 
11 20 44 53 96 
7 20 44 55 96 
4 7 20 45 53 96 
10 20 45 53 96 
7 20 45 54 96 
4 20 45 56 96 
20 45 58 96 
2 7 20 46 53 96 
8 20 46 53 96 
2 20 46 56 96 
20 46 57 96 
1 4 20 47 53 96 
5 20 47 53 96 
1 20 47 54 96 
20 47 55 96 
20 48 53 96 
1 2 4 7 20 88 96 
3 4 7 20 88 96 
2 5 7 20 88 96 
6 7 20 88 96 
1 4 8 20 88 96 
5 8 20 88 96 
4 9 20 88 96 
1 2 10 20 88 96 
3 10 20 88 96 
2 11 20 88 96 
1 12 20 88 96 
13 20 88 96 
2 7 20 89 96 
8 20 89 96 
7 20 90 96 
20 91 96 
1 2 7 20 24 33 53 97 
3 7 20 24 33 53 97 
2 7 20 25 33 53 97 
1 7 20 26 33 53 97 
7 20 27 33 53 97 
2 7 20 24 34 53 97 
7 20 26 34 53 97 
1 7 20 24 35 53 97 
7 20 25 35 53 97 
7 20 24 36 53 97 
1 2 7 20 42 53 97 
3 7 20 42 53 97 
2 7 20 43 53 97 
1 7 20 44 53 97 
7 20 45 53 97 
1 8 20 24 33 53 97 
8 20 25 33 53 97 
8 20 24 34 53 97 
1 8 20 42 53 97 
8 20 43 53 97 
9 20 24 33 53 97 
9 20 42 53 97 
1 20 29 33 53 97 
20 29 34 53 97 
1 20 24 38 53 97 
20 25 38 53 97 
1 20 47 53 97 
1 2 20 24 33 56 97 
3 20 24 33 56 97 
2 20 25 33 56 97 
1 20 26 33 56 97 
20 27 33 56 97 
2 20 24 34 56 97 
20 26 34 56 97 
1 20 24 35 56 97 
20 25 35 56 97 
20 24 36 56 97 
1 2 20 42 56 97 
3 20 42 56 97 
2 20 43 56 97 
1 20 44 56 97 
20 45 56 97 
1 20 24 33 57 97 
20 25 33 57 97 
20 24 34 57 97 
1 20 42 57 97 
20 43 57 97 
1 2 7 20 33 62 97 
3 7 20 33 62 97 
2 7 20 34 62 97 
1 7 20 35 62 97 
7 20 36 62 97 
1 8 20 33 62 97 
8 20 34 62 97 
9 20 33 62 97 
1 20 38 62 97 
2 7 20 33 63 97 
8 20 33 63 97 
7 20 35 63 97 
20 38 63 97 
1 7 20 33 64 97 
7 20 34 64 97 
7 20 33 65 97 
1 2 20 33 69 97 
3 20 33 69 97 
2 20 34 69 97 
1 20 35 69 97 
20 36 69 97 
1 20 33 70 97 
20 34 70 97 
1 2 7 20 88 97 
3 7 20 88 97 
1 8 20 88 97 
9 20 88 97 
2 7 20 24 33 53 98 
8 20 24 33 53 98 
7 20 26 33 53 98 
20 29 33 53 98 
2 20 24 33 56 98 
20 26 33 56 98 
20 24 33 57 98 
2 7 20 33 62 98 
8 20 33 62 98 
7 20 33 64 98 
2 20 33 69 98 
20 33 70 98 
7 20 24 35 53 98 
20 24 35 56 98 
7 20 35 62 98 
20 35 69 98 
20 24 38 53 98 
20 38 62 98 
2 7 20 42 53 98 
8 20 42 53 98 
2 20 42 56 98 
20 42 57 98 
7 20 44 53 98 
20 44 56 98 
20 47 53 98 
2 7 20 88 98 
8 20 88 98 
1 2 4 20 24 33 53 99 
3 4 20 24 33 53 99 
2 4 20 25 33 53 99 
1 4 20 26 33 53 99 
4 20 27 33 53 99 
2 4 20 24 34 53 99 
4 20 26 34 53 99 
1 4 20 24 35 53 99 
4 20 25 35 53 99 
4 20 24 36 53 99 
1 2 4 20 42 53 99 
3 4 20 42 53 99 
2 4 20 43 53 99 
1 4 20 44 53 99 
4 20 45 53 99 
2 5 20 24 33 53 99 
5 20 26 33 53 99 
5 20 24 35 53 99 
2 5 20 42 53 99 
5 20 44 53 99 
6 20 24 33 53 99 
6 20 42 53 99 
2 20 28 33 53 99 
20 28 35 53 99 
2 20 24 37 53 99 
20 26 37 53 99 
2 20 46 53 99 
1 2 20 24 33 54 99 
3 20 24 33 54 99 
2 20 25 33 54 99 
1 20 26 33 54 99 
20 27 33 54 99 
2 20 24 34 54 99 
20 26 34 54 99 
1 20 24 35 54 99 
20 25 35 54 99 
20 24 36 54 99 
1 2 20 42 54 99 
3 20 42 54 99 
2 20 43 54 99 
1 20 44 54 99 
20 45 54 99 
2 20 24 33 55 99 
20 26 33 55 99 
20 24 35 55 99 
2 20 42 55 99 
20 44 55 99 
1 2 4 20 33 62 99 
3 4 20 33 62 99 
2 4 20 34 62 99 
1 4 20 35 62 99 
4 20 36 62 99 
2 5 20 33 62 99 
5 20 35 62 99 
6 20 33 62 99 
2 20 37 62 99 
2 4 20 33 63 99 
4 20 35 63 99 
1 4 20 33 64 99 
5 20 33 64 99 
4 20 34 64 99 
20 37 64 99 
4 20 33 65 99 
1 2 20 33 66 99 
3 20 33 66 99 
2 20 34 66 99 
1 20 35 66 99 
20 36 66 99 
2 20 33 67 99 
20 35 67 99 
20 33 68 99 
1 2 4 20 88 99 
3 4 20 88 99 
2 5 20 88 99 
6 20 88 99 
2 20 89 99 
20 90 99 
1 4 20 24 33 53 100 
5 20 24 33 53 100 
4 20 25 33 53 100 
20 28 33 53 100 
1 20 24 33 54 100 
20 25 33 54 100 
20 24 33 55 100 
1 4 20 33 62 100 
5 20 33 62 100 
4 20 33 63 100 
1 20 33 66 100 
20 33 67 100 
4 20 24 34 53 100 
20 24 34 54 100 
4 20 34 62 100 
20 34 66 100 
20 24 37 53 100 
20 37 62 100 
1 4 20 42 53 100 
5 20 42 53 100 
1 20 42 54 100 
20 42 55 100 
4 20 43 53 100 
20 43 54 100 
20 46 53 100 
1 4 20 88 100 
5 20 88 100 
20 89 100 
1 2 20 24 33 53 101 
3 20 24 33 53 101 
2 20 25 33 53 101 
1 20 26 33 53 101 
20 27 33 53 101 
2 20 24 34 53 101 
20 26 34 53 101 
1 20 24 35 53 101 
20 25 35 53 101 
20 24 36 53 101 
1 2 20 42 53 101 
3 20 42 53 101 
2 20 43 53 101 
1 20 44 53 101 
20 45 53 101 
1 2 20 33 62 101 
3 20 33 62 101 
2 20 34 62 101 
1 20 35 62 101 
20 36 62 101 
2 20 33 63 101 
20 35 63 101 
1 20 33 64 101 
20 34 64 101 
20 33 65 101 
1 2 20 88 101 
3 20 88 101 
20 24 33 53 102 
20 42 53 102 
20 33 62 102 
20 88 102 
1 2 4 7 20 24 53 105 
2 5 7 20 24 53 105 
2 4 7 20 25 53 105 
2 7 20 28 53 105 
1 2 7 20 24 54 105 
2 7 20 25 54 105 
2 7 20 24 55 105 
1 2 4 7 20 62 105 
2 5 7 20 62 105 
2 4 7 20 63 105 
1 2 7 20 66 105 
2 7 20 67 105 
3 4 7 20 24 53 105 
3 7 20 24 54 105 
3 4 7 20 62 105 
3 7 20 66 105 
6 7 20 24 53 105 
6 7 20 62 105 
1 4 7 20 26 53 105 
5 7 20 26 53 105 
1 7 20 26 54 105 
7 20 26 55 105 
4 7 20 27 53 105 
7 20 27 54 105 
1 4 7 20 64 105 
5 7 20 64 105 
4 7 20 65 105 
7 20 68 105 
1 4 8 20 24 53 105 
5 8 20 24 53 105 
4 8 20 25 53 105 
8 20 28 53 105 
1 8 20 24 54 105 
8 20 25 54 105 
8 20 24 55 105 
1 4 8 20 62 105 
5 8 20 62 105 
4 8 20 63 105 
1 8 20 66 105 
8 20 67 105 
4 9 20 24 53 105 
9 20 24 54 105 
4 9 20 62 105 
9 20 66 105 
1 2 10 20 24 53 105 
3 10 20 24 53 105 
2 10 20 25 53 105 
1 10 20 26 53 105 
10 20 27 53 105 
1 2 10 20 62 105 
3 10 20 62 105 
2 10 20 63 105 
1 10 20 64 105 
10 20 65 105 
2 11 20 24 53 105 
11 20 26 53 105 
2 11 20 62 105 
11 20 64 105 
1 12 20 24 53 105 
12 20 25 53 105 
1 12 20 62 105 
12 20 63 105 
13 20 24 53 105 
13 20 62 105 
1 4 20 29 53 105 
5 20 29 53 105 
1 20 29 54 105 
20 29 55 105 
20 30 53 105 
1 2 4 20 24 56 105 
3 4 20 24 56 105 
2 4 20 25 56 105 
1 4 20 26 56 105 
4 20 27 56 105 
2 5 20 24 56 105 
5 20 26 56 105 
6 20 24 56 105 
2 20 28 56 105 
1 4 20 24 57 105 
5 20 24 57 105 
4 20 25 57 105 
20 28 57 105 
1 2 20 24 58 105 
3 20 24 58 105 
2 20 25 58 105 
1 20 26 58 105 
20 27 58 105 
20 24 59 105 
1 2 4 20 69 105 
3 4 20 69 105 
2 5 20 69 105 
6 20 69 105 
1 4 20 70 105 
5 20 70 105 
1 2 20 71 105 
3 20 71 105 
2 20 72 105 
20 73 105 
2 4 7 20 24 53 106 
4 8 20 24 53 106 
4 7 20 26 53 106 
4 20 29 53 106 
2 4 20 24 56 106 
4 20 26 56 106 
4 20 24 57 106 
2 4 7 20 62 106 
4 8 20 62 106 
4 7 20 64 106 
2 4 20 69 106 
4 20 70 106 
2 10 20 24 53 106 
10 20 26 53 106 
2 10 20 62 106 
10 20 64 106 
12 20 24 53 106 
12 20 62 106 
2 7 20 24 54 106 
8 20 24 54 106 
7 20 26 54 106 
20 29 54 106 
2 20 24 58 106 
20 26 58 106 
2 7 20 66 106 
8 20 66 106 
2 20 71 106 
1 4 7 20 24 53 107 
5 7 20 24 53 107 
4 7 20 25 53 107 
7 20 28 53 107 
1 7 20 24 54 107 
7 20 25 54 107 
7 20 24 55 107 
1 4 7 20 62 107 
5 7 20 62 107 
4 7 20 63 107 
1 7 20 66 107 
7 20 67 107 
1 10 20 24 53 107 
10 20 25 53 107 
1 10 20 62 107 
10 20 63 107 
11 20 24 53 107 
11 20 62 107 
1 4 20 24 56 107 
5 20 24 56 107 
4 20 25 56 107 
20 28 56 107 
1 20 24 58 107 
20 25 58 107 
1 4 20 69 107 
5 20 69 107 
1 20 71 107 
20 72 107 
4 7 20 24 53 108 
10 20 24 53 108 
7 20 24 54 108 
4 20 24 56 108 
20 24 58 108 
4 7 20 62 108 
10 20 62 108 
7 20 66 108 
4 20 69 108 
20 71 108 
1 2 7 20 24 53 109 
1 8 20 24 53 109 
1 7 20 26 53 109 
1 20 29 53 109 
1 2 20 24 56 109 
1 20 26 56 109 
1 20 24 57 109 
1 2 7 20 62 109 
1 8 20 62 109 
1 7 20 64 109 
1 2 20 69 109 
1 20 70 109 
3 7 20 24 53 109 
3 20 24 56 109 
3 7 20 62 109 
3 20 69 109 
9 20 24 53 109 
9 20 62 109 
2 7 20 25 53 109 
8 20 25 53 109 
2 20 25 56 109 
20 25 57 109 
7 20 27 53 109 
20 27 56 109 
2 7 20 63 109 
8 20 63 109 
7 20 65 109 
2 7 20 24 53 110 
8 20 24 53 110 
7 20 26 53 110 
20 29 53 110 
2 20 24 56 110 
20 26 56 110 
20 24 57 110 
2 7 20 62 110 
8 20 62 110 
7 20 64 110 
2 20 69 110 
20 70 110 
1 2 4 20 24 53 111 
2 5 20 24 53 111 
2 4 20 25 53 111 
2 20 28 53 111 
1 2 20 24 54 111 
2 20 25 54 111 
2 20 24 55 111 
1 2 4 20 62 111 
2 5 20 62 111 
2 4 20 63 111 
1 2 20 66 111 
2 20 67 111 
3 4 20 24 53 111 
3 20 24 54 111 
3 4 20 62 111 
3 20 66 111 
6 20 24 53 111 
6 20 62 111 
1 4 20 26 53 111 
5 20 26 53 111 
1 20 26 54 111 
20 26 55 111 
4 20 27 53 111 
20 27 54 111 
1 4 20 64 111 
5 20 64 111 
4 20 65 111 
20 68 111 
1 4 20 24 53 112 
5 20 24 53 112 
4 20 25 53 112 
20 28 53 112 
1 20 24 54 112 
20 25 54 112 
20 24 55 112 
1 4 20 62 112 
5 20 62 112 
4 20 63 112 
1 20 66 112 
20 67 112 
4 20 24 53 113 
20 24 54 113 
4 20 62 113 
20 66 113 
1 2 20 24 53 114 
3 20 24 53 114 
2 20 25 53 114 
1 20 26 53 114 
20 27 53 114 
1 2 20 62 114 
3 20 62 114 
2 20 63 114 
1 20 64 114 
20 65 114 
1 20 24 53 115 
20 25 53 115 
1 20 62 115 
20 63 115 
20 24 53 116 
20 62 116 
1 2 4 7 20 53 131 
3 4 7 20 53 131 
2 5 7 20 53 131 
6 7 20 53 131 
1 4 8 20 53 131 
5 8 20 53 131 
4 9 20 53 131 
1 2 10 20 53 131 
3 10 20 53 131 
2 11 20 53 131 
1 12 20 53 131 
13 20 53 131 
1 2 7 20 54 131 
3 7 20 54 131 
1 8 20 54 131 
9 20 54 131 
2 7 20 55 131 
8 20 55 131 
1 2 4 20 56 131 
3 4 20 56 131 
2 5 20 56 131 
6 20 56 131 
1 4 20 57 131 
5 20 57 131 
1 2 20 58 131 
3 20 58 131 
20 59 131 
1 4 20 53 132 
5 20 53 132 
1 20 54 132 
20 55 132 
4 20 53 133 
20 54 133 
20 53 134 
1 2 4 7 20 24 33 139 
3 4 7 20 24 33 139 
2 4 7 20 25 33 139 
1 4 7 20 26 33 139 
4 7 20 27 33 139 
2 4 7 20 24 34 139 
4 7 20 26 34 139 
1 4 7 20 24 35 139 
4 7 20 25 35 139 
4 7 20 24 36 139 
1 2 4 7 20 42 139 
3 4 7 20 42 139 
2 4 7 20 43 139 
1 4 7 20 44 139 
4 7 20 45 139 
2 5 7 20 24 33 139 
5 7 20 26 33 139 
5 7 20 24 35 139 
2 5 7 20 42 139 
5 7 20 44 139 
6 7 20 24 33 139 
6 7 20 42 139 
2 7 20 28 33 139 
7 20 28 35 139 
2 7 20 24 37 139 
7 20 26 37 139 
2 7 20 46 139 
1 4 8 20 24 33 139 
4 8 20 25 33 139 
4 8 20 24 34 139 
1 4 8 20 42 139 
4 8 20 43 139 
5 8 20 24 33 139 
5 8 20 42 139 
8 20 28 33 139 
8 20 24 37 139 
8 20 46 139 
4 9 20 24 33 139 
4 9 20 42 139 
1 2 10 20 24 33 139 
3 10 20 24 33 139 
2 10 20 25 33 139 
1 10 20 26 33 139 
10 20 27 33 139 
2 10 20 24 34 139 
10 20 26 34 139 
1 10 20 24 35 139 
10 20 25 35 139 
10 20 24 36 139 
1 2 10 20 42 139 
3 10 20 42 139 
2 10 20 43 139 
1 10 20 44 139 
10 20 45 139 
2 11 20 24 33 139 
11 20 26 33 139 
11 20 24 35 139 
2 11 20 42 139 
11 20 44 139 
1 12 20 24 33 139 
12 20 25 33 139 
12 20 24 34 139 
1 12 20 42 139 
12 20 43 139 
13 20 24 33 139 
13 20 42 139 
1 4 20 29 33 139 
5 20 29 33 139 
4 20 29 34 139 
20 29 37 139 
20 30 33 139 
1 4 20 24 38 139 
5 20 24 38 139 
4 20 25 38 139 
20 28 38 139 
20 24 39 139 
1 4 20 47 139 
5 20 47 139 
20 48 139 
1 2 7 20 24 33 140 
3 7 20 24 33 140 
2 7 20 25 33 140 
1 7 20 26 33 140 
7 20 27 33 140 
2 7 20 24 34 140 
7 20 26 34 140 
1 7 20 24 35 140 
7 20 25 35 140 
7 20 24 36 140 
1 2 7 20 42 140 
3 7 20 42 140 
2 7 20 43 140 
1 7 20 44 140 
7 20 45 140 
1 8 20 24 33 140 
8 20 25 33 140 
8 20 24 34 140 
1 8 20 42 140 
8 20 43 140 
9 20 24 33 140 
9 20 42 140 
1 20 29 33 140 
20 29 34 140 
1 20 24 38 140 
20 25 38 140 
1 20 47 140 
2 7 20 24 33 141 
7 20 26 33 141 
7 20 24 35 141 
2 7 20 42 141 
7 20 44 141 
8 20 24 33 141 
8 20 42 141 
20 29 33 141 
20 24 38 141 
20 47 141 
1 2 4 20 24 33 142 
3 4 20 24 33 142 
2 4 20 25 33 142 
1 4 20 26 33 142 
4 20 27 33 142 
2 4 20 24 34 142 
4 20 26 34 142 
1 4 20 24 35 142 
4 20 25 35 142 
4 20 24 36 142 
1 2 4 20 42 142 
3 4 20 42 142 
2 4 20 43 142 
1 4 20 44 142 
4 20 45 142 
2 5 20 24 33 142 
5 20 26 33 142 
5 20 24 35 142 
2 5 20 42 142 
5 20 44 142 
6 20 24 33 142 
6 20 42 142 
2 20 28 33 142 
20 28 35 142 
2 20 24 37 142 
20 26 37 142 
2 20 46 142 
1 4 20 24 33 143 
4 20 25 33 143 
4 20 24 34 143 
1 4 20 42 143 
4 20 43 143 
5 20 24 33 143 
5 20 42 143 
20 28 33 143 
20 24 37 143 
20 46 143 
1 2 20 24 33 144 
3 20 24 33 144 
2 20 25 33 144 
1 20 26 33 144 
20 27 33 144 
2 20 24 34 144 
20 26 34 144 
1 20 24 35 144 
20 25 35 144 
20 24 36 144 
1 2 20 42 144 
3 20 42 144 
2 20 43 144 
1 20 44 144 
20 45 144 
20 24 33 145 
20 42 145 
1 2 4 7 20 33 151 
3 4 7 20 33 151 
2 5 7 20 33 151 
6 7 20 33 151 
1 4 8 20 33 151 
5 8 20 33 151 
4 9 20 33 151 
1 2 10 20 33 151 
3 10 20 33 151 
2 11 20 33 151 
1 12 20 33 151 
13 20 33 151 
2 4 7 20 34 151 
4 8 20 34 151 
2 10 20 34 151 
12 20 34 151 
1 4 7 20 35 151 
5 7 20 35 151 
1 10 20 35 151 
11 20 35 151 
4 7 20 36 151 
10 20 36 151 
2 7 20 37 151 
8 20 37 151 
1 4 20 38 151 
5 20 38 151 
20 39 151 
2 7 20 33 152 
8 20 33 152 
7 20 35 152 
20 38 152 
2 20 33 153 
20 35 153 
20 33 154 
1 2 4 7 20 24 159 
3 4 7 20 24 159 
2 5 7 20 24 159 
6 7 20 24 159 
1 4 8 20 24 159 
5 8 20 24 159 
4 9 20 24 159 
1 2 10 20 24 159 
3 10 20 24 159 
2 11 20 24 159 
1 12 20 24 159 
13 20 24 159 
2 4 7 20 25 159 
4 8 20 25 159 
2 10 20 25 159 
12 20 25 159 
1 4 7 20 26 159 
5 7 20 26 159 
1 10 20 26 159 
11 20 26 159 
4 7 20 27 159 
10 20 27 159 
2 7 20 28 159 
8 20 28 159 
1 4 20 29 159 
5 20 29 159 
20 30 159 
1 4 20 24 160 
5 20 24 160 
4 20 25 160 
20 28 160 
1 20 24 161 
20 25 161 
20 24 162 
1 2 4 7 20 167 
3 4 7 20 167 
2 5 7 20 167 
6 7 20 167 
1 4 8 20 167 
5 8 20 167 
4 9 20 167 
1 2 10 20 167 
3 10 20 167 
2 11 20 167 
1 12 20 167 
13 20 167 
2 4 7 20 168 
4 8 20 168 
2 10 20 168 
12 20 168 
1 4 7 20 169 
5 7 20 169 
1 10 20 169 
11 20 169 
4 7 20 170 
10 20 170 
1 2 7 20 171 
3 7 20 171 
1 8 20 171 
9 20 171 
2 7 20 172 
8 20 172 
7 20 173 
1 2 4 20 174 
3 4 20 174 
2 5 20 174 
6 20 174 
1 4 20 175 
5 20 175 
4 20 176 
1 2 20 177 
3 20 177 
2 20 178 
1 20 179 
20 180 
4 7 21 24 33 53 96 
10 21 24 33 53 96 
7 21 24 33 54 96 
4 21 24 33 56 96 
21 24 33 58 96 
7 21 24 33 53 97 
21 24 33 56 97 
4 21 24 33 53 99 
21 24 33 54 99 
21 24 33 53 101 
4 7 21 24 33 139 
10 21 24 33 139 
7 21 24 33 140 
4 21 24 33 142 
21 24 33 144 
4 7 21 33 62 96 
10 21 33 62 96 
7 21 33 62 97 
4 21 33 62 99 
21 33 62 101 
7 21 33 66 96 
21 33 66 99 
4 21 33 69 96 
21 33 69 97 
21 33 71 96 
4 7 21 33 151 
10 21 33 151 
4 7 21 42 53 96 
10 21 42 53 96 
7 21 42 54 96 
4 21 42 56 96 
21 42 58 96 
7 21 42 53 97 
21 42 56 97 
4 21 42 53 99 
21 42 54 99 
21 42 53 101 
4 7 21 42 139 
10 21 42 139 
7 21 42 140 
4 21 42 142 
21 42 144 
4 7 21 88 96 
10 21 88 96 
7 21 88 97 
4 21 88 99 
21 88 101 
4 7 21 24 53 105 
10 21 24 53 105 
7 21 24 54 105 
4 21 24 56 105 
21 24 58 105 
4 7 21 62 105 
10 21 62 105 
7 21 66 105 
4 21 69 105 
21 71 105 
7 21 24 53 109 
21 24 56 109 
7 21 62 109 
21 69 109 
4 21 24 53 111 
21 24 54 111 
4 21 62 111 
21 66 111 
21 24 53 114 
21 62 114 
4 7 21 53 131 
10 21 53 131 
7 21 54 131 
4 21 56 131 
21 58 131 
4 7 21 24 159 
10 21 24 159 
4 7 21 167 
10 21 167 
7 21 171 
4 21 174 
21 177 
1 2 22 24 33 53 96 
3 22 24 33 53 96 
2 22 25 33 53 96 
1 22 26 33 53 96 
22 27 33 53 96 
2 22 24 34 53 96 
22 26 34 53 96 
1 22 24 35 53 96 
22 25 35 53 96 
22 24 36 53 96 
1 2 22 42 53 96 
3 22 42 53 96 
2 22 43 53 96 
1 22 44 53 96 
22 45 53 96 
1 2 22 33 62 96 
3 22 33 62 96 
2 22 34 62 96 
1 22 35 62 96 
22 36 62 96 
2 22 33 63 96 
22 35 63 96 
1 22 33 64 96 
22 34 64 96 
22 33 65 96 
1 2 22 88 96 
3 22 88 96 
1 2 22 24 53 105 
3 22 24 53 105 
2 22 25 53 105 
1 22 26 53 105 
22 27 53 105 
1 2 22 62 105 
3 22 62 105 
2 22 63 105 
1 22 64 105 
22 65 105 
2 22 24 53 106 
22 26 53 106 
2 22 62 106 
22 64 106 
1 22 24 53 107 
22 25 53 107 
1 22 62 107 
22 63 107 
22 24 53 108 
22 62 108 
1 2 22 53 131 
3 22 53 131 
1 2 22 24 33 139 
3 22 24 33 139 
2 22 25 33 139 
1 22 26 33 139 
22 27 33 139 
2 22 24 34 139 
22 26 34 139 
1 22 24 35 139 
22 25 35 139 
22 24 36 139 
1 2 22 42 139 
3 22 42 139 
2 22 43 139 
1 22 44 139 
22 45 139 
1 2 22 33 151 
3 22 33 151 
2 22 34 151 
1 22 35 151 
22 36 151 
1 2 22 24 159 
3 22 24 159 
2 22 25 159 
1 22 26 159 
22 27 159 
1 2 22 167 
3 22 167 
2 22 168 
1 22 169 
22 170 
23 24 33 53 96 
23 42 53 96 
23 33 62 96 
23 88 96 
23 24 53 105 
23 62 105 
23 53 131 
23 24 33 139 
23 42 139 
23 33 151 
23 24 159 
23 167 
1 4 14 32 33 53 96 
5 14 32 33 53 96 
4 14 32 34 53 96 
14 32 37 53 96 
1 14 32 33 53 97 
14 32 34 53 97 
14 32 33 53 98 
1 4 14 32 53 105 
5 14 32 53 105 
4 14 32 53 106 
1 14 32 53 109 
14 32 53 110 
15 32 33 53 96 
15 32 53 105 
32 40 53 96 
32 33 53 103 
4 32 53 117 
1 32 53 118 
32 53 119 
1 14 32 33 54 96 
14 32 34 54 96 
1 14 32 54 105 
14 32 54 106 
32 54 117 
14 32 33 55 96 
14 32 55 105 
32 33 60 96 
32 60 105 
1 4 14 32 33 139 
5 14 32 33 139 
4 14 32 34 139 
14 32 37 139 
15 32 33 139 
32 40 139 
1 14 32 33 140 
14 32 34 140 
14 32 33 141 
1 4 14 32 159 
5 14 32 159 
15 32 159 
1 4 14 24 41 53 96 
5 14 24 41 53 96 
4 14 25 41 53 96 
14 28 41 53 96 
1 14 24 41 54 96 
14 25 41 54 96 
14 24 41 55 96 
1 4 14 41 62 96 
5 14 41 62 96 
4 14 41 63 96 
1 14 41 66 96 
14 41 67 96 
1 14 24 41 53 97 
14 25 41 53 97 
1 14 41 62 97 
14 41 63 97 
14 24 41 53 98 
14 41 62 98 
1 4 14 24 41 139 
5 14 24 41 139 
4 14 25 41 139 
14 28 41 139 
1 14 24 41 140 
14 25 41 140 
14 24 41 141 
1 4 14 41 151 
5 14 41 151 
14 41 152 
15 24 41 53 96 
15 41 62 96 
15 24 41 139 
15 41 151 
31 41 53 96 
31 41 139 
24 41 60 96 
4 41 74 96 
41 74 97 
1 41 75 96 
41 76 96 
24 41 53 103 
41 62 103 
41 155 
4 7 14 50 53 96 
10 14 50 53 96 
7 14 50 54 96 
4 14 50 56 96 
14 50 58 96 
7 14 50 53 97 
14 50 56 97 
4 14 50 53 99 
14 50 54 99 
14 50 53 101 
4 7 14 50 139 
10 14 50 139 
7 14 50 140 
4 14 50 142 
14 50 144 
50 146 
4 7 51 53 96 
10 51 53 96 
7 51 54 96 
4 51 56 96 
51 58 96 
7 51 53 97 
51 56 97 
4 51 53 99 
51 54 99 
51 53 101 
4 7 51 139 
10 51 139 
7 51 140 
4 51 142 
51 144 
52 53 96 
52 139 
1 4 14 24 33 61 96 
5 14 24 33 61 96 
4 14 24 34 61 96 
14 24 37 61 96 
1 14 24 33 61 97 
14 24 34 61 97 
14 24 33 61 98 
1 4 14 24 61 105 
5 14 24 61 105 
4 14 24 61 106 
1 14 24 61 109 
14 24 61 110 
15 24 33 61 96 
15 24 61 105 
24 40 61 96 
24 33 61 103 
4 24 61 117 
1 24 61 118 
24 61 119 
4 14 25 33 61 96 
14 25 33 61 97 
4 14 25 61 105 
14 25 61 109 
25 61 118 
14 28 33 61 96 
14 28 61 105 
31 33 61 96 
31 61 105 
1 4 14 42 61 96 
5 14 42 61 96 
1 14 42 61 97 
14 42 61 98 
15 42 61 96 
42 61 103 
4 14 43 61 96 
14 43 61 97 
14 46 61 96 
1 4 14 61 131 
5 14 61 131 
15 61 131 
1 4 7 14 33 81 96 
5 7 14 33 81 96 
4 7 14 34 81 96 
7 14 37 81 96 
1 7 14 33 81 97 
7 14 34 81 97 
7 14 33 81 98 
1 4 7 14 81 105 
5 7 14 81 105 
4 7 14 81 106 
1 7 14 81 109 
7 14 81 110 
1 10 14 33 81 96 
10 14 34 81 96 
1 10 14 81 105 
10 14 81 106 
11 14 33 81 96 
11 14 81 105 
1 4 14 33 81 99 
5 14 33 81 99 
4 14 34 81 99 
14 37 81 99 
1 14 33 81 101 
14 34 81 101 
1 4 14 81 111 
5 14 81 111 
1 14 81 114 
7 15 33 81 96 
15 33 81 99 
7 15 81 105 
15 81 111 
7 40 81 96 
40 81 99 
7 33 81 103 
4 7 81 117 
10 81 117 
1 7 81 118 
7 81 119 
2 7 14 33 82 96 
8 14 33 82 96 
7 14 35 82 96 
14 38 82 96 
2 14 33 82 99 
14 35 82 99 
14 33 82 100 
2 7 14 82 105 
8 14 82 105 
7 14 82 107 
2 14 82 111 
14 82 112 
82 120 
1 2 4 14 33 83 96 
2 5 14 33 83 96 
2 4 14 34 83 96 
2 14 37 83 96 
1 2 14 33 83 97 
2 14 34 83 97 
2 14 33 83 98 
1 2 4 14 83 105 
2 5 14 83 105 
2 4 14 83 106 
1 2 14 83 109 
2 14 83 110 
3 4 14 33 83 96 
3 14 33 83 97 
3 4 14 83 105 
3 14 83 109 
6 14 33 83 96 
6 14 83 105 
1 4 14 35 83 96 
5 14 35 83 96 
1 14 35 83 97 
14 35 83 98 
4 14 36 83 96 
14 36 83 97 
1 4 14 83 107 
5 14 83 107 
4 14 83 108 
2 15 33 83 96 
15 35 83 96 
2 15 83 105 
15 83 107 
2 40 83 96 
2 33 83 103 
35 83 103 
2 4 83 117 
1 2 83 118 
3 83 118 
2 83 119 
1 4 14 33 84 96 
5 14 33 84 96 
4 14 34 84 96 
14 37 84 96 
1 14 33 84 97 
14 34 84 97 
14 33 84 98 
1 4 14 84 105 
5 14 84 105 
4 14 84 106 
1 14 84 109 
14 84 110 
15 33 84 96 
15 84 105 
40 84 96 
33 84 103 
4 84 117 
1 84 118 
84 119 
2 7 33 85 96 
8 33 85 96 
7 35 85 96 
38 85 96 
2 33 85 99 
35 85 99 
33 85 100 
2 7 85 105 
8 85 105 
7 85 107 
2 85 111 
85 112 
1 4 33 86 96 
5 33 86 96 
4 34 86 96 
37 86 96 
1 33 86 97 
34 86 97 
33 86 98 
1 4 86 105 
5 86 105 
4 86 106 
1 86 109 
86 110 
33 87 96 
87 105 
7 95 96 
95 99 
1 4 14 24 33 53 104 
5 14 24 33 53 104 
4 14 25 33 53 104 
14 28 33 53 104 
1 14 24 33 54 104 
14 25 33 54 104 
14 24 33 55 104 
1 4 14 33 62 104 
5 14 33 62 104 
4 14 33 63 104 
1 14 33 66 104 
14 33 67 104 
4 14 24 34 53 104 
14 24 34 54 104 
4 14 34 62 104 
14 34 66 104 
14 24 37 53 104 
14 37 62 104 
1 4 14 42 53 104 
5 14 42 53 104 
1 14 42 54 104 
14 42 55 104 
4 14 43 53 104 
14 43 54 104 
14 46 53 104 
1 4 14 88 104 
5 14 88 104 
14 89 104 
15 24 33 53 104 
15 42 53 104 
15 33 62 104 
15 88 104 
31 33 53 104 
24 40 53 104 
40 62 104 
24 33 60 104 
42 60 104 
4 33 74 104 
1 33 75 104 
34 75 104 
33 76 104 
92 104 
1 4 7 14 24 53 121 
5 7 14 24 53 121 
4 7 14 25 53 121 
7 14 28 53 121 
1 7 14 24 54 121 
7 14 25 54 121 
7 14 24 55 121 
1 4 7 14 62 121 
5 7 14 62 121 
4 7 14 63 121 
1 7 14 66 121 
7 14 67 121 
1 10 14 24 53 121 
10 14 25 53 121 
1 10 14 62 121 
10 14 63 121 
11 14 24 53 121 
11 14 62 121 
1 4 14 24 56 121 
5 14 24 56 121 
4 14 25 56 121 
14 28 56 121 
1 14 24 58 121 
14 25 58 121 
1 4 14 69 121 
5 14 69 121 
1 14 71 121 
14 72 121 
7 15 24 53 121 
15 24 56 121 
7 15 62 121 
15 69 121 
7 31 53 121 
31 56 121 
7 24 60 121 
4 7 74 121 
10 74 121 
1 7 75 121 
7 76 121 
79 121 
2 7 14 24 53 122 
8 14 24 53 122 
7 14 26 53 122 
14 29 53 122 
2 14 24 56 122 
14 26 56 122 
14 24 57 122 
2 7 14 62 122 
8 14 62 122 
7 14 64 122 
2 14 69 122 
14 70 122 
78 122 
1 2 4 14 24 53 123 
2 5 14 24 53 123 
2 4 14 25 53 123 
2 14 28 53 123 
1 2 14 24 54 123 
2 14 25 54 123 
2 14 24 55 123 
1 2 4 14 62 123 
2 5 14 62 123 
2 4 14 63 123 
1 2 14 66 123 
2 14 67 123 
3 4 14 24 53 123 
3 14 24 54 123 
3 4 14 62 123 
3 14 66 123 
6 14 24 53 123 
6 14 62 123 
1 4 14 26 53 123 
5 14 26 53 123 
1 14 26 54 123 
14 26 55 123 
4 14 27 53 123 
14 27 54 123 
1 4 14 64 123 
5 14 64 123 
4 14 65 123 
14 68 123 
2 15 24 53 123 
15 26 53 123 
2 15 62 123 
15 64 123 
2 31 53 123 
2 24 60 123 
26 60 123 
2 4 74 123 
1 2 75 123 
3 75 123 
2 76 123 
77 123 
1 4 14 24 53 124 
5 14 24 53 124 
4 14 25 53 124 
14 28 53 124 
1 14 24 54 124 
14 25 54 124 
14 24 55 124 
1 4 14 62 124 
5 14 62 124 
4 14 63 124 
1 14 66 124 
14 67 124 
15 24 53 124 
15 62 124 
31 53 124 
24 60 124 
4 74 124 
1 75 124 
76 124 
4 14 24 53 125 
14 24 54 125 
4 14 62 125 
14 66 125 
75 125 
1 14 24 53 126 
14 25 53 126 
1 14 62 126 
14 63 126 
74 126 
14 24 53 127 
14 62 127 
2 7 24 53 128 
8 24 53 128 
7 26 53 128 
29 53 128 
2 24 56 128 
26 56 128 
24 57 128 
2 7 62 128 
8 62 128 
7 64 128 
2 69 128 
70 128 
1 4 24 53 129 
5 24 53 129 
4 25 53 129 
28 53 129 
1 24 54 129 
25 54 129 
24 55 129 
1 4 62 129 
5 62 129 
4 63 129 
1 66 129 
67 129 
24 53 130 
62 130 
1 4 14 53 135 
5 14 53 135 
1 14 54 135 
14 55 135 
15 53 135 
60 135 
4 14 53 136 
14 54 136 
14 53 137 
4 53 138 
54 138 
1 2 14 24 33 147 
3 14 24 33 147 
2 14 25 33 147 
1 14 26 33 147 
14 27 33 147 
2 14 24 34 147 
14 26 34 147 
1 14 24 35 147 
14 25 35 147 
14 24 36 147 
1 2 14 42 147 
3 14 42 147 
2 14 43 147 
1 14 44 147 
14 45 147 
49 147 
1 2 4 7 24 33 148 
3 4 7 24 33 148 
2 4 7 25 33 148 
1 4 7 26 33 148 
4 7 27 33 148 
2 4 7 24 34 148 
4 7 26 34 148 
1 4 7 24 35 148 
4 7 25 35 148 
4 7 24 36 148 
1 2 4 7 42 148 
3 4 7 42 148 
2 4 7 43 148 
1 4 7 44 148 
4 7 45 148 
2 5 7 24 33 148 
5 7 26 33 148 
5 7 24 35 148 
2 5 7 42 148 
5 7 44 148 
6 7 24 33 148 
6 7 42 148 
2 7 28 33 148 
7 28 35 148 
2 7 24 37 148 
7 26 37 148 
2 7 46 148 
1 4 8 24 33 148 
4 8 25 33 148 
4 8 24 34 148 
1 4 8 42 148 
4 8 43 148 
5 8 24 33 148 
5 8 42 148 
8 28 33 148 
8 24 37 148 
8 46 148 
4 9 24 33 148 
4 9 42 148 
1 2 10 24 33 148 
3 10 24 33 148 
2 10 25 33 148 
1 10 26 33 148 
10 27 33 148 
2 10 24 34 148 
10 26 34 148 
1 10 24 35 148 
10 25 35 148 
10 24 36 148 
1 2 10 42 148 
3 10 42 148 
2 10 43 148 
1 10 44 148 
10 45 148 
2 11 24 33 148 
11 26 33 148 
11 24 35 148 
2 11 42 148 
11 44 148 
1 12 24 33 148 
12 25 33 148 
12 24 34 148 
1 12 42 148 
12 43 148 
13 24 33 148 
13 42 148 
1 4 29 33 148 
5 29 33 148 
4 29 34 148 
29 37 148 
30 33 148 
1 4 24 38 148 
5 24 38 148 
4 25 38 148 
28 38 148 
24 39 148 
1 4 47 148 
5 47 148 
48 148 
1 2 24 33 149 
3 24 33 149 
2 25 33 149 
1 26 33 149 
27 33 149 
2 24 34 149 
26 34 149 
1 24 35 149 
25 35 149 
24 36 149 
1 2 42 149 
3 42 149 
2 43 149 
1 44 149 
45 149 
24 33 150 
42 150 
2 33 158 
35 158 
1 4 14 24 163 
5 14 24 163 
4 14 25 163 
14 28 163 
15 24 163 
31 163 
1 14 24 164 
14 25 164 
14 24 165 
1 24 166 
25 166 
1 2 4 7 14 186 
3 4 7 14 186 
2 5 7 14 186 
6 7 14 186 
1 4 8 14 186 
5 8 14 186 
4 9 14 186 
1 2 10 14 186 
3 10 14 186 
2 11 14 186 
1 12 14 186 
13 14 186 
2 7 15 186 
8 15 186 
16 186 
1 4 14 187 
5 14 187 
15 187 
4 14 188 
1 14 189 
14 190 
1 2 4 7 191 
3 4 7 191 
2 5 7 191 
6 7 191 
1 4 8 191 
5 8 191 
4 9 191 
1 2 10 191 
3 10 191 
2 11 191 
1 12 191 
13 191 
4 7 192 
10 192 
2 7 193 
8 193 
1 4 194 
5 194 
1 2 195 
3 195 
196 
Altogether 3596 solutions, after 103 updates
