1 2 4 8 16 32 64 125 
3 4 8 16 32 64 125 
2 5 8 16 32 64 125 
1 6 8 16 32 64 125 
7 8 16 32 64 125 
2 4 9 16 32 64 125 
6 9 16 32 64 125 
1 4 10 16 32 64 125 
5 10 16 32 64 125 
4 11 16 32 64 125 
1 2 12 16 32 64 125 
3 12 16 32 64 125 
2 13 16 32 64 125 
1 14 16 32 64 125 
15 16 32 64 125 
2 4 8 17 32 64 125 
6 8 17 32 64 125 
4 10 17 32 64 125 
2 12 17 32 64 125 
14 17 32 64 125 
1 4 8 18 32 64 125 
5 8 18 32 64 125 
4 9 18 32 64 125 
1 12 18 32 64 125 
13 18 32 64 125 
4 8 19 32 64 125 
12 19 32 64 125 
1 2 8 20 32 64 125 
3 8 20 32 64 125 
2 9 20 32 64 125 
1 10 20 32 64 125 
11 20 32 64 125 
2 8 21 32 64 125 
10 21 32 64 125 
1 8 22 32 64 125 
9 22 32 64 125 
8 23 32 64 125 
1 2 4 24 32 64 125 
3 4 24 32 64 125 
2 5 24 32 64 125 
1 6 24 32 64 125 
7 24 32 64 125 
2 4 25 32 64 125 
6 25 32 64 125 
1 4 26 32 64 125 
5 26 32 64 125 
4 27 32 64 125 
1 2 28 32 64 125 
3 28 32 64 125 
2 29 32 64 125 
1 30 32 64 125 
31 32 64 125 
2 4 8 16 33 64 125 
6 8 16 33 64 125 
4 10 16 33 64 125 
2 12 16 33 64 125 
14 16 33 64 125 
4 8 18 33 64 125 
12 18 33 64 125 
2 8 20 33 64 125 
10 20 33 64 125 
8 22 33 64 125 
2 4 24 33 64 125 
6 24 33 64 125 
4 26 33 64 125 
2 28 33 64 125 
30 33 64 125 
1 4 8 16 34 64 125 
5 8 16 34 64 125 
4 9 16 34 64 125 
1 12 16 34 64 125 
13 16 34 64 125 
4 8 17 34 64 125 
12 17 34 64 125 
1 8 20 34 64 125 
9 20 34 64 125 
8 21 34 64 125 
1 4 24 34 64 125 
5 24 34 64 125 
4 25 34 64 125 
1 28 34 64 125 
29 34 64 125 
4 8 16 35 64 125 
12 16 35 64 125 
8 20 35 64 125 
4 24 35 64 125 
28 35 64 125 
1 2 8 16 36 64 125 
3 8 16 36 64 125 
2 9 16 36 64 125 
1 10 16 36 64 125 
11 16 36 64 125 
2 8 17 36 64 125 
10 17 36 64 125 
1 8 18 36 64 125 
9 18 36 64 125 
8 19 36 64 125 
1 2 24 36 64 125 
3 24 36 64 125 
2 25 36 64 125 
1 26 36 64 125 
27 36 64 125 
2 8 16 37 64 125 
10 16 37 64 125 
8 18 37 64 125 
2 24 37 64 125 
26 37 64 125 
1 8 16 38 64 125 
9 16 38 64 125 
8 17 38 64 125 
1 24 38 64 125 
25 38 64 125 
8 16 39 64 125 
24 39 64 125 
1 2 4 16 40 64 125 
3 4 16 40 64 125 
2 5 16 40 64 125 
1 6 16 40 64 125 
7 16 40 64 125 
2 4 17 40 64 125 
6 17 40 64 125 
1 4 18 40 64 125 
5 18 40 64 125 
4 19 40 64 125 
1 2 20 40 64 125 
3 20 40 64 125 
2 21 40 64 125 
1 22 40 64 125 
23 40 64 125 
2 4 16 41 64 125 
6 16 41 64 125 
4 18 41 64 125 
2 20 41 64 125 
22 41 64 125 
1 4 16 42 64 125 
5 16 42 64 125 
4 17 42 64 125 
1 20 42 64 125 
21 42 64 125 
4 16 43 64 125 
20 43 64 125 
1 2 16 44 64 125 
3 16 44 64 125 
2 17 44 64 125 
1 18 44 64 125 
19 44 64 125 
2 16 45 64 125 
18 45 64 125 
1 16 46 64 125 
17 46 64 125 
16 47 64 125 
1 2 4 8 48 64 125 
3 4 8 48 64 125 
2 5 8 48 64 125 
1 6 8 48 64 125 
7 8 48 64 125 
2 4 9 48 64 125 
6 9 48 64 125 
1 4 10 48 64 125 
5 10 48 64 125 
4 11 48 64 125 
1 2 12 48 64 125 
3 12 48 64 125 
2 13 48 64 125 
1 14 48 64 125 
15 48 64 125 
2 4 8 49 64 125 
6 8 49 64 125 
4 10 49 64 125 
2 12 49 64 125 
14 49 64 125 
1 4 8 50 64 125 
5 8 50 64 125 
4 9 50 64 125 
1 12 50 64 125 
13 50 64 125 
4 8 51 64 125 
12 51 64 125 
1 2 8 52 64 125 
3 8 52 64 125 
2 9 52 64 125 
1 10 52 64 125 
11 52 64 125 
2 8 53 64 125 
10 53 64 125 
1 8 54 64 125 
9 54 64 125 
8 55 64 125 
1 2 4 56 64 125 
3 4 56 64 125 
2 5 56 64 125 
1 6 56 64 125 
7 56 64 125 
2 4 57 64 125 
6 57 64 125 
1 4 58 64 125 
5 58 64 125 
4 59 64 125 
1 2 60 64 125 
3 60 64 125 
2 61 64 125 
1 62 64 125 
63 64 125 
2 4 8 16 32 65 125 
6 8 16 32 65 125 
4 10 16 32 65 125 
2 12 16 32 65 125 
14 16 32 65 125 
4 8 18 32 65 125 
12 18 32 65 125 
2 8 20 32 65 125 
10 20 32 65 125 
8 22 32 65 125 
2 4 24 32 65 125 
6 24 32 65 125 
4 26 32 65 125 
2 28 32 65 125 
30 32 65 125 
4 8 16 34 65 125 
12 16 34 65 125 
8 20 34 65 125 
4 24 34 65 125 
28 34 65 125 
2 8 16 36 65 125 
10 16 36 65 125 
8 18 36 65 125 
2 24 36 65 125 
26 36 65 125 
8 16 38 65 125 
24 38 65 125 
2 4 16 40 65 125 
6 16 40 65 125 
4 18 40 65 125 
2 20 40 65 125 
22 40 65 125 
4 16 42 65 125 
20 42 65 125 
2 16 44 65 125 
18 44 65 125 
16 46 65 125 
2 4 8 48 65 125 
6 8 48 65 125 
4 10 48 65 125 
2 12 48 65 125 
14 48 65 125 
4 8 50 65 125 
12 50 65 125 
2 8 52 65 125 
10 52 65 125 
8 54 65 125 
2 4 56 65 125 
6 56 65 125 
4 58 65 125 
2 60 65 125 
62 65 125 
1 4 8 16 32 66 125 
5 8 16 32 66 125 
4 9 16 32 66 125 
1 12 16 32 66 125 
13 16 32 66 125 
4 8 17 32 66 125 
12 17 32 66 125 
1 8 20 32 66 125 
9 20 32 66 125 
8 21 32 66 125 
1 4 24 32 66 125 
5 24 32 66 125 
4 25 32 66 125 
1 28 32 66 125 
29 32 66 125 
4 8 16 33 66 125 
12 16 33 66 125 
8 20 33 66 125 
4 24 33 66 125 
28 33 66 125 
1 8 16 36 66 125 
9 16 36 66 125 
8 17 36 66 125 
1 24 36 66 125 
25 36 66 125 
8 16 37 66 125 
24 37 66 125 
1 4 16 40 66 125 
5 16 40 66 125 
4 17 40 66 125 
1 20 40 66 125 
21 40 66 125 
4 16 41 66 125 
20 41 66 125 
1 16 44 66 125 
17 44 66 125 
16 45 66 125 
1 4 8 48 66 125 
5 8 48 66 125 
4 9 48 66 125 
1 12 48 66 125 
13 48 66 125 
4 8 49 66 125 
12 49 66 125 
1 8 52 66 125 
9 52 66 125 
8 53 66 125 
1 4 56 66 125 
5 56 66 125 
4 57 66 125 
1 60 66 125 
61 66 125 
4 8 16 32 67 125 
12 16 32 67 125 
8 20 32 67 125 
4 24 32 67 125 
28 32 67 125 
8 16 36 67 125 
24 36 67 125 
4 16 40 67 125 
20 40 67 125 
16 44 67 125 
4 8 48 67 125 
12 48 67 125 
8 52 67 125 
4 56 67 125 
60 67 125 
1 2 8 16 32 68 125 
3 8 16 32 68 125 
2 9 16 32 68 125 
1 10 16 32 68 125 
11 16 32 68 125 
2 8 17 32 68 125 
10 17 32 68 125 
1 8 18 32 68 125 
9 18 32 68 125 
8 19 32 68 125 
1 2 24 32 68 125 
3 24 32 68 125 
2 25 32 68 125 
1 26 32 68 125 
27 32 68 125 
2 8 16 33 68 125 
10 16 33 68 125 
8 18 33 68 125 
2 24 33 68 125 
26 33 68 125 
1 8 16 34 68 125 
9 16 34 68 125 
8 17 34 68 125 
1 24 34 68 125 
25 34 68 125 
8 16 35 68 125 
24 35 68 125 
1 2 16 40 68 125 
3 16 40 68 125 
2 17 40 68 125 
1 18 40 68 125 
19 40 68 125 
2 16 41 68 125 
18 41 68 125 
1 16 42 68 125 
17 42 68 125 
16 43 68 125 
1 2 8 48 68 125 
3 8 48 68 125 
2 9 48 68 125 
1 10 48 68 125 
11 48 68 125 
2 8 49 68 125 
10 49 68 125 
1 8 50 68 125 
9 50 68 125 
8 51 68 125 
1 2 56 68 125 
3 56 68 125 
2 57 68 125 
1 58 68 125 
59 68 125 
2 8 16 32 69 125 
10 16 32 69 125 
8 18 32 69 125 
2 24 32 69 125 
26 32 69 125 
8 16 34 69 125 
24 34 69 125 
2 16 40 69 125 
18 40 69 125 
16 42 69 125 
2 8 48 69 125 
10 48 69 125 
8 50 69 125 
2 56 69 125 
58 69 125 
1 8 16 32 70 125 
9 16 32 70 125 
8 17 32 70 125 
1 24 32 70 125 
25 32 70 125 
8 16 33 70 125 
24 33 70 125 
1 16 40 70 125 
17 40 70 125 
16 41 70 125 
1 8 48 70 125 
9 48 70 125 
8 49 70 125 
1 56 70 125 
57 70 125 
8 16 32 71 125 
24 32 71 125 
16 40 71 125 
8 48 71 125 
56 71 125 
1 2 4 16 32 72 125 
3 4 16 32 72 125 
2 5 16 32 72 125 
1 6 16 32 72 125 
7 16 32 72 125 
2 4 17 32 72 125 
6 17 32 72 125 
1 4 18 32 72 125 
5 18 32 72 125 
4 19 32 72 125 
1 2 20 32 72 125 
3 20 32 72 125 
2 21 32 72 125 
1 22 32 72 125 
23 32 72 125 
2 4 16 33 72 125 
6 16 33 72 125 
4 18 33 72 125 
2 20 33 72 125 
22 33 72 125 
1 4 16 34 72 125 
5 16 34 72 125 
4 17 34 72 125 
1 20 34 72 125 
21 34 72 125 
4 16 35 72 125 
20 35 72 125 
1 2 16 36 72 125 
3 16 36 72 125 
2 17 36 72 125 
1 18 36 72 125 
19 36 72 125 
2 16 37 72 125 
18 37 72 125 
1 16 38 72 125 
17 38 72 125 
16 39 72 125 
1 2 4 48 72 125 
3 4 48 72 125 
2 5 48 72 125 
1 6 48 72 125 
7 48 72 125 
2 4 49 72 125 
6 49 72 125 
1 4 50 72 125 
5 50 72 125 
4 51 72 125 
1 2 52 72 125 
3 52 72 125 
2 53 72 125 
1 54 72 125 
55 72 125 
2 4 16 32 73 125 
6 16 32 73 125 
4 18 32 73 125 
2 20 32 73 125 
22 32 73 125 
4 16 34 73 125 
20 34 73 125 
2 16 36 73 125 
18 36 73 125 
16 38 73 125 
2 4 48 73 125 
6 48 73 125 
4 50 73 125 
2 52 73 125 
54 73 125 
1 4 16 32 74 125 
5 16 32 74 125 
4 17 32 74 125 
1 20 32 74 125 
21 32 74 125 
4 16 33 74 125 
20 33 74 125 
1 16 36 74 125 
17 36 74 125 
16 37 74 125 
1 4 48 74 125 
5 48 74 125 
4 49 74 125 
1 52 74 125 
53 74 125 
4 16 32 75 125 
20 32 75 125 
16 36 75 125 
4 48 75 125 
52 75 125 
1 2 16 32 76 125 
3 16 32 76 125 
2 17 32 76 125 
1 18 32 76 125 
19 32 76 125 
2 16 33 76 125 
18 33 76 125 
1 16 34 76 125 
17 34 76 125 
16 35 76 125 
1 2 48 76 125 
3 48 76 125 
2 49 76 125 
1 50 76 125 
51 76 125 
2 16 32 77 125 
18 32 77 125 
16 34 77 125 
2 48 77 125 
50 77 125 
1 16 32 78 125 
17 32 78 125 
16 33 78 125 
1 48 78 125 
49 78 125 
16 32 79 125 
48 79 125 
1 2 4 8 32 80 125 
3 4 8 32 80 125 
2 5 8 32 80 125 
1 6 8 32 80 125 
7 8 32 80 125 
2 4 9 32 80 125 
6 9 32 80 125 
1 4 10 32 80 125 
5 10 32 80 125 
4 11 32 80 125 
1 2 12 32 80 125 
3 12 32 80 125 
2 13 32 80 125 
1 14 32 80 125 
15 32 80 125 
2 4 8 33 80 125 
6 8 33 80 125 
4 10 33 80 125 
2 12 33 80 125 
14 33 80 125 
1 4 8 34 80 125 
5 8 34 80 125 
4 9 34 80 125 
1 12 34 80 125 
13 34 80 125 
4 8 35 80 125 
12 35 80 125 
1 2 8 36 80 125 
3 8 36 80 125 
2 9 36 80 125 
1 10 36 80 125 
11 36 80 125 
2 8 37 80 125 
10 37 80 125 
1 8 38 80 125 
9 38 80 125 
8 39 80 125 
1 2 4 40 80 125 
3 4 40 80 125 
2 5 40 80 125 
1 6 40 80 125 
7 40 80 125 
2 4 41 80 125 
6 41 80 125 
1 4 42 80 125 
5 42 80 125 
4 43 80 125 
1 2 44 80 125 
3 44 80 125 
2 45 80 125 
1 46 80 125 
47 80 125 
2 4 8 32 81 125 
6 8 32 81 125 
4 10 32 81 125 
2 12 32 81 125 
14 32 81 125 
4 8 34 81 125 
12 34 81 125 
2 8 36 81 125 
10 36 81 125 
8 38 81 125 
2 4 40 81 125 
6 40 81 125 
4 42 81 125 
2 44 81 125 
46 81 125 
1 4 8 32 82 125 
5 8 32 82 125 
4 9 32 82 125 
1 12 32 82 125 
13 32 82 125 
4 8 33 82 125 
12 33 82 125 
1 8 36 82 125 
9 36 82 125 
8 37 82 125 
1 4 40 82 125 
5 40 82 125 
4 41 82 125 
1 44 82 125 
45 82 125 
4 8 32 83 125 
12 32 83 125 
8 36 83 125 
4 40 83 125 
44 83 125 
1 2 8 32 84 125 
3 8 32 84 125 
2 9 32 84 125 
1 10 32 84 125 
11 32 84 125 
2 8 33 84 125 
10 33 84 125 
1 8 34 84 125 
9 34 84 125 
8 35 84 125 
1 2 40 84 125 
3 40 84 125 
2 41 84 125 
1 42 84 125 
43 84 125 
2 8 32 85 125 
10 32 85 125 
8 34 85 125 
2 40 85 125 
42 85 125 
1 8 32 86 125 
9 32 86 125 
8 33 86 125 
1 40 86 125 
41 86 125 
8 32 87 125 
40 87 125 
1 2 4 32 88 125 
3 4 32 88 125 
2 5 32 88 125 
1 6 32 88 125 
7 32 88 125 
2 4 33 88 125 
6 33 88 125 
1 4 34 88 125 
5 34 88 125 
4 35 88 125 
1 2 36 88 125 
3 36 88 125 
2 37 88 125 
1 38 88 125 
39 88 125 
2 4 32 89 125 
6 32 89 125 
4 34 89 125 
2 36 89 125 
38 89 125 
1 4 32 90 125 
5 32 90 125 
4 33 90 125 
1 36 90 125 
37 90 125 
4 32 91 125 
36 91 125 
1 2 32 92 125 
3 32 92 125 
2 33 92 125 
1 34 92 125 
35 92 125 
2 32 93 125 
34 93 125 
1 32 94 125 
33 94 125 
32 95 125 
1 2 4 8 16 96 125 
3 4 8 16 96 125 
2 5 8 16 96 125 
1 6 8 16 96 125 
7 8 16 96 125 
2 4 9 16 96 125 
6 9 16 96 125 
1 4 10 16 96 125 
5 10 16 96 125 
4 11 16 96 125 
1 2 12 16 96 125 
3 12 16 96 125 
2 13 16 96 125 
1 14 16 96 125 
15 16 96 125 
2 4 8 17 96 125 
6 8 17 96 125 
4 10 17 96 125 
2 12 17 96 125 
14 17 96 125 
1 4 8 18 96 125 
5 8 18 96 125 
4 9 18 96 125 
1 12 18 96 125 
13 18 96 125 
4 8 19 96 125 
12 19 96 125 
1 2 8 20 96 125 
3 8 20 96 125 
2 9 20 96 125 
1 10 20 96 125 
11 20 96 125 
2 8 21 96 125 
10 21 96 125 
1 8 22 96 125 
9 22 96 125 
8 23 96 125 
1 2 4 24 96 125 
3 4 24 96 125 
2 5 24 96 125 
1 6 24 96 125 
7 24 96 125 
2 4 25 96 125 
6 25 96 125 
1 4 26 96 125 
5 26 96 125 
4 27 96 125 
1 2 28 96 125 
3 28 96 125 
2 29 96 125 
1 30 96 125 
31 96 125 
2 4 8 16 97 125 
6 8 16 97 125 
4 10 16 97 125 
2 12 16 97 125 
14 16 97 125 
4 8 18 97 125 
12 18 97 125 
2 8 20 97 125 
10 20 97 125 
8 22 97 125 
2 4 24 97 125 
6 24 97 125 
4 26 97 125 
2 28 97 125 
30 97 125 
1 4 8 16 98 125 
5 8 16 98 125 
4 9 16 98 125 
1 12 16 98 125 
13 16 98 125 
4 8 17 98 125 
12 17 98 125 
1 8 20 98 125 
9 20 98 125 
8 21 98 125 
1 4 24 98 125 
5 24 98 125 
4 25 98 125 
1 28 98 125 
29 98 125 
4 8 16 99 125 
12 16 99 125 
8 20 99 125 
4 24 99 125 
28 99 125 
1 2 8 16 100 125 
3 8 16 100 125 
2 9 16 100 125 
1 10 16 100 125 
11 16 100 125 
2 8 17 100 125 
10 17 100 125 
1 8 18 100 125 
9 18 100 125 
8 19 100 125 
1 2 24 100 125 
3 24 100 125 
2 25 100 125 
1 26 100 125 
27 100 125 
2 8 16 101 125 
10 16 101 125 
8 18 101 125 
2 24 101 125 
26 101 125 
1 8 16 102 125 
9 16 102 125 
8 17 102 125 
1 24 102 125 
25 102 125 
8 16 103 125 
24 103 125 
1 2 4 16 104 125 
3 4 16 104 125 
2 5 16 104 125 
1 6 16 104 125 
7 16 104 125 
2 4 17 104 125 
6 17 104 125 
1 4 18 104 125 
5 18 104 125 
4 19 104 125 
1 2 20 104 125 
3 20 104 125 
2 21 104 125 
1 22 104 125 
23 104 125 
2 4 16 105 125 
6 16 105 125 
4 18 105 125 
2 20 105 125 
22 105 125 
1 4 16 106 125 
5 16 106 125 
4 17 106 125 
1 20 106 125 
21 106 125 
1 2 16 107 125 
3 16 107 125 
2 17 107 125 
1 18 107 125 
19 107 125 
1 16 108 125 
17 108 125 
16 109 125 
1 2 4 8 110 125 
3 4 8 110 125 
2 5 8 110 125 
1 6 8 110 125 
7 8 110 125 
2 4 9 110 125 
6 9 110 125 
1 4 10 110 125 
5 10 110 125 
4 11 110 125 
1 2 12 110 125 
3 12 110 125 
2 13 110 125 
1 14 110 125 
15 110 125 
2 4 8 111 125 
6 8 111 125 
4 10 111 125 
2 12 111 125 
14 111 125 
1 4 8 112 125 
5 8 112 125 
4 9 112 125 
1 12 112 125 
13 112 125 
4 8 113 125 
12 113 125 
1 2 8 114 125 
3 8 114 125 
2 9 114 125 
1 10 114 125 
11 114 125 
2 8 115 125 
10 115 125 
1 8 116 125 
9 116 125 
8 117 125 
1 2 4 118 125 
3 4 118 125 
2 5 118 125 
1 6 118 125 
7 118 125 
1 4 119 125 
5 119 125 
4 120 125 
1 2 121 125 
3 121 125 
2 122 125 
1 123 125 
124 125 
2 4 8 16 32 64 126 
6 8 16 32 64 126 
4 10 16 32 64 126 
2 12 16 32 64 126 
14 16 32 64 126 
4 8 18 32 64 126 
12 18 32 64 126 
2 8 20 32 64 126 
10 20 32 64 126 
8 22 32 64 126 
2 4 24 32 64 126 
6 24 32 64 126 
4 26 32 64 126 
2 28 32 64 126 
30 32 64 126 
4 8 16 34 64 126 
12 16 34 64 126 
8 20 34 64 126 
4 24 34 64 126 
28 34 64 126 
2 8 16 36 64 126 
10 16 36 64 126 
8 18 36 64 126 
2 24 36 64 126 
26 36 64 126 
8 16 38 64 126 
24 38 64 126 
2 4 16 40 64 126 
6 16 40 64 126 
4 18 40 64 126 
2 20 40 64 126 
22 40 64 126 
4 16 42 64 126 
20 42 64 126 
2 16 44 64 126 
18 44 64 126 
16 46 64 126 
2 4 8 48 64 126 
6 8 48 64 126 
4 10 48 64 126 
2 12 48 64 126 
14 48 64 126 
4 8 50 64 126 
12 50 64 126 
2 8 52 64 126 
10 52 64 126 
8 54 64 126 
2 4 56 64 126 
6 56 64 126 
4 58 64 126 
2 60 64 126 
62 64 126 
4 8 16 32 66 126 
12 16 32 66 126 
8 20 32 66 126 
4 24 32 66 126 
28 32 66 126 
8 16 36 66 126 
24 36 66 126 
4 16 40 66 126 
20 40 66 126 
16 44 66 126 
4 8 48 66 126 
12 48 66 126 
8 52 66 126 
4 56 66 126 
60 66 126 
2 8 16 32 68 126 
10 16 32 68 126 
8 18 32 68 126 
2 24 32 68 126 
26 32 68 126 
8 16 34 68 126 
24 34 68 126 
2 16 40 68 126 
18 40 68 126 
16 42 68 126 
2 8 48 68 126 
10 48 68 126 
8 50 68 126 
2 56 68 126 
58 68 126 
8 16 32 70 126 
24 32 70 126 
16 40 70 126 
8 48 70 126 
56 70 126 
2 4 16 32 72 126 
6 16 32 72 126 
4 18 32 72 126 
2 20 32 72 126 
22 32 72 126 
4 16 34 72 126 
20 34 72 126 
2 16 36 72 126 
18 36 72 126 
16 38 72 126 
2 4 48 72 126 
6 48 72 126 
4 50 72 126 
2 52 72 126 
54 72 126 
4 16 32 74 126 
20 32 74 126 
16 36 74 126 
4 48 74 126 
52 74 126 
2 16 32 76 126 
18 32 76 126 
16 34 76 126 
2 48 76 126 
50 76 126 
16 32 78 126 
48 78 126 
2 4 8 32 80 126 
6 8 32 80 126 
4 10 32 80 126 
2 12 32 80 126 
14 32 80 126 
4 8 34 80 126 
12 34 80 126 
2 8 36 80 126 
10 36 80 126 
8 38 80 126 
2 4 40 80 126 
6 40 80 126 
4 42 80 126 
2 44 80 126 
46 80 126 
4 8 32 82 126 
12 32 82 126 
8 36 82 126 
4 40 82 126 
44 82 126 
2 8 32 84 126 
10 32 84 126 
8 34 84 126 
2 40 84 126 
42 84 126 
8 32 86 126 
40 86 126 
2 4 32 88 126 
6 32 88 126 
4 34 88 126 
2 36 88 126 
38 88 126 
4 32 90 126 
36 90 126 
2 32 92 126 
34 92 126 
32 94 126 
2 4 8 16 96 126 
6 8 16 96 126 
4 10 16 96 126 
2 12 16 96 126 
14 16 96 126 
4 8 18 96 126 
12 18 96 126 
2 8 20 96 126 
10 20 96 126 
8 22 96 126 
2 4 24 96 126 
6 24 96 126 
4 26 96 126 
2 28 96 126 
30 96 126 
4 8 16 98 126 
12 16 98 126 
8 20 98 126 
4 24 98 126 
28 98 126 
2 8 16 100 126 
10 16 100 126 
8 18 100 126 
2 24 100 126 
26 100 126 
8 16 102 126 
24 102 126 
2 4 16 104 126 
6 16 104 126 
4 18 104 126 
2 20 104 126 
22 104 126 
4 16 106 126 
20 106 126 
2 16 107 126 
18 107 126 
16 108 126 
2 4 8 110 126 
6 8 110 126 
4 10 110 126 
2 12 110 126 
14 110 126 
4 8 112 126 
12 112 126 
2 8 114 126 
10 114 126 
8 116 126 
2 4 118 126 
6 118 126 
4 119 126 
2 121 126 
123 126 
1 4 8 16 32 64 127 
5 8 16 32 64 127 
4 9 16 32 64 127 
1 12 16 32 64 127 
13 16 32 64 127 
4 8 17 32 64 127 
12 17 32 64 127 
1 8 20 32 64 127 
9 20 32 64 127 
8 21 32 64 127 
1 4 24 32 64 127 
5 24 32 64 127 
4 25 32 64 127 
1 28 32 64 127 
29 32 64 127 
4 8 16 33 64 127 
12 16 33 64 127 
8 20 33 64 127 
4 24 33 64 127 
28 33 64 127 
1 8 16 36 64 127 
9 16 36 64 127 
8 17 36 64 127 
1 24 36 64 127 
25 36 64 127 
8 16 37 64 127 
24 37 64 127 
1 4 16 40 64 127 
5 16 40 64 127 
4 17 40 64 127 
1 20 40 64 127 
21 40 64 127 
4 16 41 64 127 
20 41 64 127 
1 16 44 64 127 
17 44 64 127 
16 45 64 127 
1 4 8 48 64 127 
5 8 48 64 127 
4 9 48 64 127 
1 12 48 64 127 
13 48 64 127 
4 8 49 64 127 
12 49 64 127 
1 8 52 64 127 
9 52 64 127 
8 53 64 127 
1 4 56 64 127 
5 56 64 127 
4 57 64 127 
1 60 64 127 
61 64 127 
4 8 16 32 65 127 
12 16 32 65 127 
8 20 32 65 127 
4 24 32 65 127 
28 32 65 127 
8 16 36 65 127 
24 36 65 127 
4 16 40 65 127 
20 40 65 127 
16 44 65 127 
4 8 48 65 127 
12 48 65 127 
8 52 65 127 
4 56 65 127 
60 65 127 
1 8 16 32 68 127 
9 16 32 68 127 
8 17 32 68 127 
1 24 32 68 127 
25 32 68 127 
8 16 33 68 127 
24 33 68 127 
1 16 40 68 127 
17 40 68 127 
16 41 68 127 
1 8 48 68 127 
9 48 68 127 
8 49 68 127 
1 56 68 127 
57 68 127 
8 16 32 69 127 
24 32 69 127 
16 40 69 127 
8 48 69 127 
56 69 127 
1 4 16 32 72 127 
5 16 32 72 127 
4 17 32 72 127 
1 20 32 72 127 
21 32 72 127 
4 16 33 72 127 
20 33 72 127 
1 16 36 72 127 
17 36 72 127 
16 37 72 127 
1 4 48 72 127 
5 48 72 127 
4 49 72 127 
1 52 72 127 
53 72 127 
4 16 32 73 127 
20 32 73 127 
16 36 73 127 
4 48 73 127 
52 73 127 
1 16 32 76 127 
17 32 76 127 
16 33 76 127 
1 48 76 127 
49 76 127 
16 32 77 127 
48 77 127 
1 4 8 32 80 127 
5 8 32 80 127 
4 9 32 80 127 
1 12 32 80 127 
13 32 80 127 
4 8 33 80 127 
12 33 80 127 
1 8 36 80 127 
9 36 80 127 
8 37 80 127 
1 4 40 80 127 
5 40 80 127 
4 41 80 127 
1 44 80 127 
45 80 127 
4 8 32 81 127 
12 32 81 127 
8 36 81 127 
4 40 81 127 
44 81 127 
1 8 32 84 127 
9 32 84 127 
8 33 84 127 
1 40 84 127 
41 84 127 
8 32 85 127 
40 85 127 
1 4 32 88 127 
5 32 88 127 
4 33 88 127 
1 36 88 127 
37 88 127 
4 32 89 127 
36 89 127 
1 32 92 127 
33 92 127 
32 93 127 
1 4 8 16 96 127 
5 8 16 96 127 
4 9 16 96 127 
1 12 16 96 127 
13 16 96 127 
4 8 17 96 127 
12 17 96 127 
1 8 20 96 127 
9 20 96 127 
8 21 96 127 
1 4 24 96 127 
5 24 96 127 
4 25 96 127 
1 28 96 127 
29 96 127 
4 8 16 97 127 
12 16 97 127 
8 20 97 127 
4 24 97 127 
28 97 127 
1 8 16 100 127 
9 16 100 127 
8 17 100 127 
1 24 100 127 
25 100 127 
8 16 101 127 
24 101 127 
1 4 16 104 127 
5 16 104 127 
4 17 104 127 
1 20 104 127 
21 104 127 
4 16 105 127 
20 105 127 
1 16 107 127 
17 107 127 
1 4 8 110 127 
5 8 110 127 
4 9 110 127 
1 12 110 127 
13 110 127 
4 8 111 127 
12 111 127 
1 8 114 127 
9 114 127 
8 115 127 
1 4 118 127 
5 118 127 
1 121 127 
122 127 
4 8 16 32 64 128 
12 16 32 64 128 
8 20 32 64 128 
4 24 32 64 128 
28 32 64 128 
8 16 36 64 128 
24 36 64 128 
4 16 40 64 128 
20 40 64 128 
16 44 64 128 
4 8 48 64 128 
12 48 64 128 
8 52 64 128 
4 56 64 128 
60 64 128 
8 16 32 68 128 
24 32 68 128 
16 40 68 128 
8 48 68 128 
56 68 128 
4 16 32 72 128 
20 32 72 128 
16 36 72 128 
4 48 72 128 
52 72 128 
16 32 76 128 
48 76 128 
4 8 32 80 128 
12 32 80 128 
8 36 80 128 
4 40 80 128 
44 80 128 
8 32 84 128 
40 84 128 
4 32 88 128 
36 88 128 
32 92 128 
4 8 16 96 128 
12 16 96 128 
8 20 96 128 
4 24 96 128 
28 96 128 
8 16 100 128 
24 100 128 
4 16 104 128 
20 104 128 
16 107 128 
4 8 110 128 
12 110 128 
8 114 128 
4 118 128 
121 128 
1 2 8 16 32 64 129 
3 8 16 32 64 129 
2 9 16 32 64 129 
1 10 16 32 64 129 
11 16 32 64 129 
2 8 17 32 64 129 
10 17 32 64 129 
1 8 18 32 64 129 
9 18 32 64 129 
8 19 32 64 129 
1 2 24 32 64 129 
3 24 32 64 129 
2 25 32 64 129 
1 26 32 64 129 
27 32 64 129 
2 8 16 33 64 129 
10 16 33 64 129 
8 18 33 64 129 
2 24 33 64 129 
26 33 64 129 
1 8 16 34 64 129 
9 16 34 64 129 
8 17 34 64 129 
1 24 34 64 129 
25 34 64 129 
8 16 35 64 129 
24 35 64 129 
1 2 16 40 64 129 
3 16 40 64 129 
2 17 40 64 129 
1 18 40 64 129 
19 40 64 129 
2 16 41 64 129 
18 41 64 129 
1 16 42 64 129 
17 42 64 129 
16 43 64 129 
1 2 8 48 64 129 
3 8 48 64 129 
2 9 48 64 129 
1 10 48 64 129 
11 48 64 129 
2 8 49 64 129 
10 49 64 129 
1 8 50 64 129 
9 50 64 129 
8 51 64 129 
1 2 56 64 129 
3 56 64 129 
2 57 64 129 
1 58 64 129 
59 64 129 
2 8 16 32 65 129 
10 16 32 65 129 
8 18 32 65 129 
2 24 32 65 129 
26 32 65 129 
8 16 34 65 129 
24 34 65 129 
2 16 40 65 129 
18 40 65 129 
16 42 65 129 
2 8 48 65 129 
10 48 65 129 
8 50 65 129 
2 56 65 129 
58 65 129 
1 8 16 32 66 129 
9 16 32 66 129 
8 17 32 66 129 
1 24 32 66 129 
25 32 66 129 
8 16 33 66 129 
24 33 66 129 
1 16 40 66 129 
17 40 66 129 
16 41 66 129 
1 8 48 66 129 
9 48 66 129 
8 49 66 129 
1 56 66 129 
57 66 129 
8 16 32 67 129 
24 32 67 129 
16 40 67 129 
8 48 67 129 
56 67 129 
1 2 16 32 72 129 
3 16 32 72 129 
2 17 32 72 129 
1 18 32 72 129 
19 32 72 129 
2 16 33 72 129 
18 33 72 129 
1 16 34 72 129 
17 34 72 129 
16 35 72 129 
1 2 48 72 129 
3 48 72 129 
2 49 72 129 
1 50 72 129 
51 72 129 
2 16 32 73 129 
18 32 73 129 
16 34 73 129 
2 48 73 129 
50 73 129 
1 16 32 74 129 
17 32 74 129 
16 33 74 129 
1 48 74 129 
49 74 129 
16 32 75 129 
48 75 129 
1 2 8 32 80 129 
3 8 32 80 129 
2 9 32 80 129 
1 10 32 80 129 
11 32 80 129 
2 8 33 80 129 
10 33 80 129 
1 8 34 80 129 
9 34 80 129 
8 35 80 129 
1 2 40 80 129 
3 40 80 129 
2 41 80 129 
1 42 80 129 
43 80 129 
2 8 32 81 129 
10 32 81 129 
8 34 81 129 
2 40 81 129 
42 81 129 
1 8 32 82 129 
9 32 82 129 
8 33 82 129 
1 40 82 129 
41 82 129 
8 32 83 129 
40 83 129 
1 2 32 88 129 
3 32 88 129 
2 33 88 129 
1 34 88 129 
35 88 129 
2 32 89 129 
34 89 129 
1 32 90 129 
33 90 129 
32 91 129 
1 2 8 16 96 129 
3 8 16 96 129 
2 9 16 96 129 
1 10 16 96 129 
11 16 96 129 
2 8 17 96 129 
10 17 96 129 
1 8 18 96 129 
9 18 96 129 
8 19 96 129 
1 2 24 96 129 
3 24 96 129 
2 25 96 129 
1 26 96 129 
27 96 129 
2 8 16 97 129 
10 16 97 129 
8 18 97 129 
2 24 97 129 
26 97 129 
1 8 16 98 129 
9 16 98 129 
8 17 98 129 
1 24 98 129 
25 98 129 
8 16 99 129 
24 99 129 
1 2 16 104 129 
3 16 104 129 
2 17 104 129 
1 18 104 129 
19 104 129 
2 16 105 129 
18 105 129 
1 16 106 129 
17 106 129 
1 2 8 110 129 
3 8 110 129 
2 9 110 129 
1 10 110 129 
11 110 129 
2 8 111 129 
10 111 129 
1 8 112 129 
9 112 129 
8 113 129 
1 2 118 129 
3 118 129 
1 119 129 
120 129 
2 8 16 32 64 130 
10 16 32 64 130 
8 18 32 64 130 
2 24 32 64 130 
26 32 64 130 
8 16 34 64 130 
24 34 64 130 
2 16 40 64 130 
18 40 64 130 
16 42 64 130 
2 8 48 64 130 
10 48 64 130 
8 50 64 130 
2 56 64 130 
58 64 130 
8 16 32 66 130 
24 32 66 130 
16 40 66 130 
8 48 66 130 
56 66 130 
2 16 32 72 130 
18 32 72 130 
16 34 72 130 
2 48 72 130 
50 72 130 
16 32 74 130 
48 74 130 
2 8 32 80 130 
10 32 80 130 
8 34 80 130 
2 40 80 130 
42 80 130 
8 32 82 130 
40 82 130 
2 32 88 130 
34 88 130 
32 90 130 
2 8 16 96 130 
10 16 96 130 
8 18 96 130 
2 24 96 130 
26 96 130 
8 16 98 130 
24 98 130 
2 16 104 130 
18 104 130 
16 106 130 
2 8 110 130 
10 110 130 
8 112 130 
2 118 130 
119 130 
1 8 16 32 64 131 
9 16 32 64 131 
8 17 32 64 131 
1 24 32 64 131 
25 32 64 131 
8 16 33 64 131 
24 33 64 131 
1 16 40 64 131 
17 40 64 131 
16 41 64 131 
1 8 48 64 131 
9 48 64 131 
8 49 64 131 
1 56 64 131 
57 64 131 
8 16 32 65 131 
24 32 65 131 
16 40 65 131 
8 48 65 131 
56 65 131 
1 16 32 72 131 
17 32 72 131 
16 33 72 131 
1 48 72 131 
49 72 131 
16 32 73 131 
48 73 131 
1 8 32 80 131 
9 32 80 131 
8 33 80 131 
1 40 80 131 
41 80 131 
8 32 81 131 
40 81 131 
1 32 88 131 
33 88 131 
32 89 131 
1 8 16 96 131 
9 16 96 131 
8 17 96 131 
1 24 96 131 
25 96 131 
8 16 97 131 
24 97 131 
1 16 104 131 
17 104 131 
16 105 131 
1 8 110 131 
9 110 131 
8 111 131 
1 118 131 
8 16 32 64 132 
24 32 64 132 
16 40 64 132 
8 48 64 132 
56 64 132 
16 32 72 132 
48 72 132 
8 32 80 132 
40 80 132 
32 88 132 
8 16 96 132 
24 96 132 
16 104 132 
8 110 132 
118 132 
1 2 4 16 32 64 133 
3 4 16 32 64 133 
2 5 16 32 64 133 
1 6 16 32 64 133 
7 16 32 64 133 
2 4 17 32 64 133 
6 17 32 64 133 
1 4 18 32 64 133 
5 18 32 64 133 
4 19 32 64 133 
1 2 20 32 64 133 
3 20 32 64 133 
2 21 32 64 133 
1 22 32 64 133 
23 32 64 133 
2 4 16 33 64 133 
6 16 33 64 133 
4 18 33 64 133 
2 20 33 64 133 
22 33 64 133 
1 4 16 34 64 133 
5 16 34 64 133 
4 17 34 64 133 
1 20 34 64 133 
21 34 64 133 
4 16 35 64 133 
20 35 64 133 
1 2 16 36 64 133 
3 16 36 64 133 
2 17 36 64 133 
1 18 36 64 133 
19 36 64 133 
2 16 37 64 133 
18 37 64 133 
1 16 38 64 133 
17 38 64 133 
16 39 64 133 
1 2 4 48 64 133 
3 4 48 64 133 
2 5 48 64 133 
1 6 48 64 133 
7 48 64 133 
2 4 49 64 133 
6 49 64 133 
1 4 50 64 133 
5 50 64 133 
4 51 64 133 
1 2 52 64 133 
3 52 64 133 
2 53 64 133 
1 54 64 133 
55 64 133 
2 4 16 32 65 133 
6 16 32 65 133 
4 18 32 65 133 
2 20 32 65 133 
22 32 65 133 
4 16 34 65 133 
20 34 65 133 
2 16 36 65 133 
18 36 65 133 
16 38 65 133 
2 4 48 65 133 
6 48 65 133 
4 50 65 133 
2 52 65 133 
54 65 133 
1 4 16 32 66 133 
5 16 32 66 133 
4 17 32 66 133 
1 20 32 66 133 
21 32 66 133 
4 16 33 66 133 
20 33 66 133 
1 16 36 66 133 
17 36 66 133 
16 37 66 133 
1 4 48 66 133 
5 48 66 133 
4 49 66 133 
1 52 66 133 
53 66 133 
4 16 32 67 133 
20 32 67 133 
16 36 67 133 
4 48 67 133 
52 67 133 
1 2 16 32 68 133 
3 16 32 68 133 
2 17 32 68 133 
1 18 32 68 133 
19 32 68 133 
2 16 33 68 133 
18 33 68 133 
1 16 34 68 133 
17 34 68 133 
16 35 68 133 
1 2 48 68 133 
3 48 68 133 
2 49 68 133 
1 50 68 133 
51 68 133 
2 16 32 69 133 
18 32 69 133 
16 34 69 133 
2 48 69 133 
50 69 133 
1 16 32 70 133 
17 32 70 133 
16 33 70 133 
1 48 70 133 
49 70 133 
16 32 71 133 
48 71 133 
1 2 4 32 80 133 
3 4 32 80 133 
2 5 32 80 133 
1 6 32 80 133 
7 32 80 133 
2 4 33 80 133 
6 33 80 133 
1 4 34 80 133 
5 34 80 133 
4 35 80 133 
1 2 36 80 133 
3 36 80 133 
2 37 80 133 
1 38 80 133 
39 80 133 
2 4 32 81 133 
6 32 81 133 
4 34 81 133 
2 36 81 133 
38 81 133 
1 4 32 82 133 
5 32 82 133 
4 33 82 133 
1 36 82 133 
37 82 133 
4 32 83 133 
36 83 133 
1 2 32 84 133 
3 32 84 133 
2 33 84 133 
1 34 84 133 
35 84 133 
2 32 85 133 
34 85 133 
1 32 86 133 
33 86 133 
32 87 133 
1 2 4 16 96 133 
3 4 16 96 133 
2 5 16 96 133 
1 6 16 96 133 
7 16 96 133 
2 4 17 96 133 
6 17 96 133 
1 4 18 96 133 
5 18 96 133 
4 19 96 133 
1 2 20 96 133 
3 20 96 133 
2 21 96 133 
1 22 96 133 
23 96 133 
2 4 16 97 133 
6 16 97 133 
4 18 97 133 
2 20 97 133 
22 97 133 
1 4 16 98 133 
5 16 98 133 
4 17 98 133 
1 20 98 133 
21 98 133 
4 16 99 133 
20 99 133 
1 2 16 100 133 
3 16 100 133 
2 17 100 133 
1 18 100 133 
19 100 133 
2 16 101 133 
18 101 133 
1 16 102 133 
17 102 133 
16 103 133 
1 2 4 110 133 
3 4 110 133 
2 5 110 133 
1 6 110 133 
7 110 133 
2 4 111 133 
6 111 133 
1 4 112 133 
5 112 133 
4 113 133 
1 2 114 133 
3 114 133 
2 115 133 
1 116 133 
117 133 
2 4 16 32 64 134 
6 16 32 64 134 
4 18 32 64 134 
2 20 32 64 134 
22 32 64 134 
4 16 34 64 134 
20 34 64 134 
2 16 36 64 134 
18 36 64 134 
16 38 64 134 
2 4 48 64 134 
6 48 64 134 
4 50 64 134 
2 52 64 134 
54 64 134 
4 16 32 66 134 
20 32 66 134 
16 36 66 134 
4 48 66 134 
52 66 134 
2 16 32 68 134 
18 32 68 134 
16 34 68 134 
2 48 68 134 
50 68 134 
16 32 70 134 
48 70 134 
2 4 32 80 134 
6 32 80 134 
4 34 80 134 
2 36 80 134 
38 80 134 
4 32 82 134 
36 82 134 
2 32 84 134 
34 84 134 
32 86 134 
2 4 16 96 134 
6 16 96 134 
4 18 96 134 
2 20 96 134 
22 96 134 
4 16 98 134 
20 98 134 
2 16 100 134 
18 100 134 
16 102 134 
2 4 110 134 
6 110 134 
4 112 134 
2 114 134 
116 134 
1 4 16 32 64 135 
5 16 32 64 135 
4 17 32 64 135 
1 20 32 64 135 
21 32 64 135 
4 16 33 64 135 
20 33 64 135 
1 16 36 64 135 
17 36 64 135 
16 37 64 135 
1 4 48 64 135 
5 48 64 135 
4 49 64 135 
1 52 64 135 
53 64 135 
4 16 32 65 135 
20 32 65 135 
16 36 65 135 
4 48 65 135 
52 65 135 
1 16 32 68 135 
17 32 68 135 
16 33 68 135 
1 48 68 135 
49 68 135 
16 32 69 135 
48 69 135 
1 4 32 80 135 
5 32 80 135 
4 33 80 135 
1 36 80 135 
37 80 135 
4 32 81 135 
36 81 135 
1 32 84 135 
33 84 135 
32 85 135 
1 4 16 96 135 
5 16 96 135 
4 17 96 135 
1 20 96 135 
21 96 135 
4 16 97 135 
20 97 135 
1 16 100 135 
17 100 135 
16 101 135 
1 4 110 135 
5 110 135 
4 111 135 
1 114 135 
115 135 
4 16 32 64 136 
20 32 64 136 
16 36 64 136 
4 48 64 136 
52 64 136 
16 32 68 136 
48 68 136 
4 32 80 136 
36 80 136 
32 84 136 
4 16 96 136 
20 96 136 
16 100 136 
4 110 136 
114 136 
1 2 16 32 64 137 
3 16 32 64 137 
2 17 32 64 137 
1 18 32 64 137 
19 32 64 137 
2 16 33 64 137 
18 33 64 137 
1 16 34 64 137 
17 34 64 137 
16 35 64 137 
1 2 48 64 137 
3 48 64 137 
2 49 64 137 
1 50 64 137 
51 64 137 
2 16 32 65 137 
18 32 65 137 
16 34 65 137 
2 48 65 137 
50 65 137 
1 16 32 66 137 
17 32 66 137 
16 33 66 137 
1 48 66 137 
49 66 137 
16 32 67 137 
48 67 137 
1 2 32 80 137 
3 32 80 137 
2 33 80 137 
1 34 80 137 
35 80 137 
2 32 81 137 
34 81 137 
1 32 82 137 
33 82 137 
32 83 137 
1 2 16 96 137 
3 16 96 137 
2 17 96 137 
1 18 96 137 
19 96 137 
2 16 97 137 
18 97 137 
1 16 98 137 
17 98 137 
16 99 137 
1 2 110 137 
3 110 137 
2 111 137 
1 112 137 
113 137 
2 16 32 64 138 
18 32 64 138 
16 34 64 138 
2 48 64 138 
50 64 138 
16 32 66 138 
48 66 138 
2 32 80 138 
34 80 138 
32 82 138 
2 16 96 138 
18 96 138 
16 98 138 
2 110 138 
112 138 
1 16 32 64 139 
17 32 64 139 
16 33 64 139 
1 48 64 139 
49 64 139 
16 32 65 139 
48 65 139 
1 32 80 139 
33 80 139 
32 81 139 
1 16 96 139 
17 96 139 
16 97 139 
1 110 139 
111 139 
16 32 64 140 
48 64 140 
32 80 140 
16 96 140 
110 140 
1 2 4 8 32 64 141 
3 4 8 32 64 141 
2 5 8 32 64 141 
1 6 8 32 64 141 
7 8 32 64 141 
2 4 9 32 64 141 
6 9 32 64 141 
1 4 10 32 64 141 
5 10 32 64 141 
4 11 32 64 141 
1 2 12 32 64 141 
3 12 32 64 141 
2 13 32 64 141 
1 14 32 64 141 
15 32 64 141 
2 4 8 33 64 141 
6 8 33 64 141 
4 10 33 64 141 
2 12 33 64 141 
14 33 64 141 
1 4 8 34 64 141 
5 8 34 64 141 
4 9 34 64 141 
1 12 34 64 141 
13 34 64 141 
4 8 35 64 141 
12 35 64 141 
1 2 8 36 64 141 
3 8 36 64 141 
2 9 36 64 141 
1 10 36 64 141 
11 36 64 141 
2 8 37 64 141 
10 37 64 141 
1 8 38 64 141 
9 38 64 141 
8 39 64 141 
1 2 4 40 64 141 
3 4 40 64 141 
2 5 40 64 141 
1 6 40 64 141 
7 40 64 141 
2 4 41 64 141 
6 41 64 141 
1 4 42 64 141 
5 42 64 141 
4 43 64 141 
1 2 44 64 141 
3 44 64 141 
2 45 64 141 
1 46 64 141 
47 64 141 
2 4 8 32 65 141 
6 8 32 65 141 
4 10 32 65 141 
2 12 32 65 141 
14 32 65 141 
4 8 34 65 141 
12 34 65 141 
2 8 36 65 141 
10 36 65 141 
8 38 65 141 
2 4 40 65 141 
6 40 65 141 
4 42 65 141 
2 44 65 141 
46 65 141 
1 4 8 32 66 141 
5 8 32 66 141 
4 9 32 66 141 
1 12 32 66 141 
13 32 66 141 
4 8 33 66 141 
12 33 66 141 
1 8 36 66 141 
9 36 66 141 
8 37 66 141 
1 4 40 66 141 
5 40 66 141 
4 41 66 141 
1 44 66 141 
45 66 141 
4 8 32 67 141 
12 32 67 141 
8 36 67 141 
4 40 67 141 
44 67 141 
1 2 8 32 68 141 
3 8 32 68 141 
2 9 32 68 141 
1 10 32 68 141 
11 32 68 141 
2 8 33 68 141 
10 33 68 141 
1 8 34 68 141 
9 34 68 141 
8 35 68 141 
1 2 40 68 141 
3 40 68 141 
2 41 68 141 
1 42 68 141 
43 68 141 
2 8 32 69 141 
10 32 69 141 
8 34 69 141 
2 40 69 141 
42 69 141 
1 8 32 70 141 
9 32 70 141 
8 33 70 141 
1 40 70 141 
41 70 141 
8 32 71 141 
40 71 141 
1 2 4 32 72 141 
3 4 32 72 141 
2 5 32 72 141 
1 6 32 72 141 
7 32 72 141 
2 4 33 72 141 
6 33 72 141 
1 4 34 72 141 
5 34 72 141 
4 35 72 141 
1 2 36 72 141 
3 36 72 141 
2 37 72 141 
1 38 72 141 
39 72 141 
2 4 32 73 141 
6 32 73 141 
4 34 73 141 
2 36 73 141 
38 73 141 
1 4 32 74 141 
5 32 74 141 
4 33 74 141 
1 36 74 141 
37 74 141 
4 32 75 141 
36 75 141 
1 2 32 76 141 
3 32 76 141 
2 33 76 141 
1 34 76 141 
35 76 141 
2 32 77 141 
34 77 141 
1 32 78 141 
33 78 141 
32 79 141 
1 2 4 8 96 141 
3 4 8 96 141 
2 5 8 96 141 
1 6 8 96 141 
7 8 96 141 
2 4 9 96 141 
6 9 96 141 
1 4 10 96 141 
5 10 96 141 
4 11 96 141 
1 2 12 96 141 
3 12 96 141 
2 13 96 141 
1 14 96 141 
15 96 141 
2 4 8 97 141 
6 8 97 141 
4 10 97 141 
2 12 97 141 
14 97 141 
1 4 8 98 141 
5 8 98 141 
4 9 98 141 
1 12 98 141 
13 98 141 
4 8 99 141 
12 99 141 
1 2 8 100 141 
3 8 100 141 
2 9 100 141 
1 10 100 141 
11 100 141 
2 8 101 141 
10 101 141 
1 8 102 141 
9 102 141 
8 103 141 
1 2 4 104 141 
3 4 104 141 
2 5 104 141 
1 6 104 141 
7 104 141 
2 4 105 141 
6 105 141 
1 4 106 141 
5 106 141 
1 2 107 141 
3 107 141 
1 108 141 
109 141 
2 4 8 32 64 142 
6 8 32 64 142 
4 10 32 64 142 
2 12 32 64 142 
14 32 64 142 
4 8 34 64 142 
12 34 64 142 
2 8 36 64 142 
10 36 64 142 
8 38 64 142 
2 4 40 64 142 
6 40 64 142 
4 42 64 142 
2 44 64 142 
46 64 142 
4 8 32 66 142 
12 32 66 142 
8 36 66 142 
4 40 66 142 
44 66 142 
2 8 32 68 142 
10 32 68 142 
8 34 68 142 
2 40 68 142 
42 68 142 
8 32 70 142 
40 70 142 
2 4 32 72 142 
6 32 72 142 
4 34 72 142 
2 36 72 142 
38 72 142 
4 32 74 142 
36 74 142 
2 32 76 142 
34 76 142 
32 78 142 
2 4 8 96 142 
6 8 96 142 
4 10 96 142 
2 12 96 142 
14 96 142 
4 8 98 142 
12 98 142 
2 8 100 142 
10 100 142 
8 102 142 
2 4 104 142 
6 104 142 
4 106 142 
2 107 142 
108 142 
1 4 8 32 64 143 
5 8 32 64 143 
4 9 32 64 143 
1 12 32 64 143 
13 32 64 143 
4 8 33 64 143 
12 33 64 143 
1 8 36 64 143 
9 36 64 143 
8 37 64 143 
1 4 40 64 143 
5 40 64 143 
4 41 64 143 
1 44 64 143 
45 64 143 
4 8 32 65 143 
12 32 65 143 
8 36 65 143 
4 40 65 143 
44 65 143 
1 8 32 68 143 
9 32 68 143 
8 33 68 143 
1 40 68 143 
41 68 143 
8 32 69 143 
40 69 143 
1 4 32 72 143 
5 32 72 143 
4 33 72 143 
1 36 72 143 
37 72 143 
4 32 73 143 
36 73 143 
1 32 76 143 
33 76 143 
32 77 143 
1 4 8 96 143 
5 8 96 143 
4 9 96 143 
1 12 96 143 
13 96 143 
4 8 97 143 
12 97 143 
1 8 100 143 
9 100 143 
8 101 143 
1 4 104 143 
5 104 143 
4 105 143 
1 107 143 
4 8 32 64 144 
12 32 64 144 
8 36 64 144 
4 40 64 144 
44 64 144 
8 32 68 144 
40 68 144 
4 32 72 144 
36 72 144 
32 76 144 
4 8 96 144 
12 96 144 
8 100 144 
4 104 144 
107 144 
1 2 8 32 64 145 
3 8 32 64 145 
2 9 32 64 145 
1 10 32 64 145 
11 32 64 145 
2 8 33 64 145 
10 33 64 145 
1 8 34 64 145 
9 34 64 145 
8 35 64 145 
1 2 40 64 145 
3 40 64 145 
2 41 64 145 
1 42 64 145 
43 64 145 
2 8 32 65 145 
10 32 65 145 
8 34 65 145 
2 40 65 145 
42 65 145 
1 8 32 66 145 
9 32 66 145 
8 33 66 145 
1 40 66 145 
41 66 145 
8 32 67 145 
40 67 145 
1 2 32 72 145 
3 32 72 145 
2 33 72 145 
1 34 72 145 
35 72 145 
2 32 73 145 
34 73 145 
1 32 74 145 
33 74 145 
32 75 145 
1 2 8 96 145 
3 8 96 145 
2 9 96 145 
1 10 96 145 
11 96 145 
2 8 97 145 
10 97 145 
1 8 98 145 
9 98 145 
8 99 145 
1 2 104 145 
3 104 145 
2 105 145 
1 106 145 
2 8 32 64 146 
10 32 64 146 
8 34 64 146 
2 40 64 146 
42 64 146 
8 32 66 146 
40 66 146 
2 32 72 146 
34 72 146 
32 74 146 
2 8 96 146 
10 96 146 
8 98 146 
2 104 146 
106 146 
1 8 32 64 147 
9 32 64 147 
8 33 64 147 
1 40 64 147 
41 64 147 
8 32 65 147 
40 65 147 
1 32 72 147 
33 72 147 
32 73 147 
1 8 96 147 
9 96 147 
8 97 147 
1 104 147 
105 147 
1 2 4 32 64 148 
3 4 32 64 148 
2 5 32 64 148 
1 6 32 64 148 
7 32 64 148 
2 4 33 64 148 
6 33 64 148 
1 4 34 64 148 
5 34 64 148 
4 35 64 148 
1 2 36 64 148 
3 36 64 148 
2 37 64 148 
1 38 64 148 
39 64 148 
2 4 32 65 148 
6 32 65 148 
4 34 65 148 
2 36 65 148 
38 65 148 
1 4 32 66 148 
5 32 66 148 
4 33 66 148 
1 36 66 148 
37 66 148 
4 32 67 148 
36 67 148 
1 2 32 68 148 
3 32 68 148 
2 33 68 148 
1 34 68 148 
35 68 148 
2 32 69 148 
34 69 148 
1 32 70 148 
33 70 148 
32 71 148 
1 2 4 96 148 
3 4 96 148 
2 5 96 148 
1 6 96 148 
7 96 148 
2 4 97 148 
6 97 148 
1 4 98 148 
5 98 148 
4 99 148 
1 2 100 148 
3 100 148 
2 101 148 
1 102 148 
103 148 
2 4 32 64 149 
6 32 64 149 
4 34 64 149 
2 36 64 149 
38 64 149 
4 32 66 149 
36 66 149 
2 32 68 149 
34 68 149 
32 70 149 
2 4 96 149 
6 96 149 
4 98 149 
2 100 149 
102 149 
1 4 32 64 150 
5 32 64 150 
4 33 64 150 
1 36 64 150 
37 64 150 
4 32 65 150 
36 65 150 
1 32 68 150 
33 68 150 
32 69 150 
1 4 96 150 
5 96 150 
4 97 150 
1 100 150 
101 150 
4 32 64 151 
36 64 151 
32 68 151 
4 96 151 
100 151 
1 2 32 64 152 
3 32 64 152 
2 33 64 152 
1 34 64 152 
35 64 152 
2 32 65 152 
34 65 152 
1 32 66 152 
33 66 152 
32 67 152 
1 2 96 152 
3 96 152 
2 97 152 
1 98 152 
99 152 
2 32 64 153 
34 64 153 
32 66 153 
2 96 153 
98 153 
32 64 154 
96 154 
1 2 4 8 16 64 155 
3 4 8 16 64 155 
2 5 8 16 64 155 
1 6 8 16 64 155 
7 8 16 64 155 
2 4 9 16 64 155 
6 9 16 64 155 
1 4 10 16 64 155 
5 10 16 64 155 
4 11 16 64 155 
1 2 12 16 64 155 
3 12 16 64 155 
2 13 16 64 155 
1 14 16 64 155 
15 16 64 155 
2 4 8 17 64 155 
6 8 17 64 155 
4 10 17 64 155 
2 12 17 64 155 
14 17 64 155 
1 4 8 18 64 155 
5 8 18 64 155 
4 9 18 64 155 
1 12 18 64 155 
13 18 64 155 
4 8 19 64 155 
12 19 64 155 
1 2 8 20 64 155 
3 8 20 64 155 
2 9 20 64 155 
1 10 20 64 155 
11 20 64 155 
2 8 21 64 155 
10 21 64 155 
1 8 22 64 155 
9 22 64 155 
8 23 64 155 
1 2 4 24 64 155 
3 4 24 64 155 
2 5 24 64 155 
1 6 24 64 155 
7 24 64 155 
2 4 25 64 155 
6 25 64 155 
1 4 26 64 155 
5 26 64 155 
4 27 64 155 
1 2 28 64 155 
3 28 64 155 
2 29 64 155 
1 30 64 155 
31 64 155 
2 4 8 16 65 155 
6 8 16 65 155 
4 10 16 65 155 
2 12 16 65 155 
14 16 65 155 
4 8 18 65 155 
12 18 65 155 
2 8 20 65 155 
10 20 65 155 
8 22 65 155 
2 4 24 65 155 
6 24 65 155 
4 26 65 155 
2 28 65 155 
30 65 155 
1 4 8 16 66 155 
5 8 16 66 155 
4 9 16 66 155 
1 12 16 66 155 
13 16 66 155 
4 8 17 66 155 
12 17 66 155 
1 8 20 66 155 
9 20 66 155 
8 21 66 155 
1 4 24 66 155 
5 24 66 155 
4 25 66 155 
1 28 66 155 
29 66 155 
4 8 16 67 155 
12 16 67 155 
8 20 67 155 
4 24 67 155 
28 67 155 
1 2 8 16 68 155 
3 8 16 68 155 
2 9 16 68 155 
1 10 16 68 155 
11 16 68 155 
2 8 17 68 155 
10 17 68 155 
1 8 18 68 155 
9 18 68 155 
8 19 68 155 
1 2 24 68 155 
3 24 68 155 
2 25 68 155 
1 26 68 155 
27 68 155 
2 8 16 69 155 
10 16 69 155 
8 18 69 155 
2 24 69 155 
26 69 155 
1 8 16 70 155 
9 16 70 155 
8 17 70 155 
1 24 70 155 
25 70 155 
8 16 71 155 
24 71 155 
1 2 4 16 72 155 
3 4 16 72 155 
2 5 16 72 155 
1 6 16 72 155 
7 16 72 155 
2 4 17 72 155 
6 17 72 155 
1 4 18 72 155 
5 18 72 155 
4 19 72 155 
1 2 20 72 155 
3 20 72 155 
2 21 72 155 
1 22 72 155 
23 72 155 
2 4 16 73 155 
6 16 73 155 
4 18 73 155 
2 20 73 155 
22 73 155 
1 4 16 74 155 
5 16 74 155 
4 17 74 155 
1 20 74 155 
21 74 155 
4 16 75 155 
20 75 155 
1 2 16 76 155 
3 16 76 155 
2 17 76 155 
1 18 76 155 
19 76 155 
2 16 77 155 
18 77 155 
1 16 78 155 
17 78 155 
16 79 155 
1 2 4 8 80 155 
3 4 8 80 155 
2 5 8 80 155 
1 6 8 80 155 
7 8 80 155 
2 4 9 80 155 
6 9 80 155 
1 4 10 80 155 
5 10 80 155 
4 11 80 155 
1 2 12 80 155 
3 12 80 155 
2 13 80 155 
1 14 80 155 
15 80 155 
2 4 8 81 155 
6 8 81 155 
4 10 81 155 
2 12 81 155 
14 81 155 
1 4 8 82 155 
5 8 82 155 
4 9 82 155 
1 12 82 155 
13 82 155 
4 8 83 155 
12 83 155 
1 2 8 84 155 
3 8 84 155 
2 9 84 155 
1 10 84 155 
11 84 155 
2 8 85 155 
10 85 155 
1 8 86 155 
9 86 155 
8 87 155 
1 2 4 88 155 
3 4 88 155 
2 5 88 155 
1 6 88 155 
7 88 155 
2 4 89 155 
6 89 155 
1 4 90 155 
5 90 155 
4 91 155 
1 2 92 155 
3 92 155 
2 93 155 
1 94 155 
95 155 
2 4 8 16 64 156 
6 8 16 64 156 
4 10 16 64 156 
2 12 16 64 156 
14 16 64 156 
4 8 18 64 156 
12 18 64 156 
2 8 20 64 156 
10 20 64 156 
8 22 64 156 
2 4 24 64 156 
6 24 64 156 
4 26 64 156 
2 28 64 156 
30 64 156 
4 8 16 66 156 
12 16 66 156 
8 20 66 156 
4 24 66 156 
28 66 156 
2 8 16 68 156 
10 16 68 156 
8 18 68 156 
2 24 68 156 
26 68 156 
8 16 70 156 
24 70 156 
2 4 16 72 156 
6 16 72 156 
4 18 72 156 
2 20 72 156 
22 72 156 
4 16 74 156 
20 74 156 
2 16 76 156 
18 76 156 
16 78 156 
2 4 8 80 156 
6 8 80 156 
4 10 80 156 
2 12 80 156 
14 80 156 
4 8 82 156 
12 82 156 
2 8 84 156 
10 84 156 
8 86 156 
2 4 88 156 
6 88 156 
4 90 156 
2 92 156 
94 156 
1 4 8 16 64 157 
5 8 16 64 157 
4 9 16 64 157 
1 12 16 64 157 
13 16 64 157 
4 8 17 64 157 
12 17 64 157 
1 8 20 64 157 
9 20 64 157 
8 21 64 157 
1 4 24 64 157 
5 24 64 157 
4 25 64 157 
1 28 64 157 
29 64 157 
4 8 16 65 157 
12 16 65 157 
8 20 65 157 
4 24 65 157 
28 65 157 
1 8 16 68 157 
9 16 68 157 
8 17 68 157 
1 24 68 157 
25 68 157 
8 16 69 157 
24 69 157 
1 4 16 72 157 
5 16 72 157 
4 17 72 157 
1 20 72 157 
21 72 157 
4 16 73 157 
20 73 157 
1 16 76 157 
17 76 157 
16 77 157 
1 4 8 80 157 
5 8 80 157 
4 9 80 157 
1 12 80 157 
13 80 157 
4 8 81 157 
12 81 157 
1 8 84 157 
9 84 157 
8 85 157 
1 4 88 157 
5 88 157 
4 89 157 
1 92 157 
93 157 
4 8 16 64 158 
12 16 64 158 
8 20 64 158 
4 24 64 158 
28 64 158 
8 16 68 158 
24 68 158 
4 16 72 158 
20 72 158 
16 76 158 
4 8 80 158 
12 80 158 
8 84 158 
4 88 158 
92 158 
1 2 8 16 64 159 
3 8 16 64 159 
2 9 16 64 159 
1 10 16 64 159 
11 16 64 159 
2 8 17 64 159 
10 17 64 159 
1 8 18 64 159 
9 18 64 159 
8 19 64 159 
1 2 24 64 159 
3 24 64 159 
2 25 64 159 
1 26 64 159 
27 64 159 
2 8 16 65 159 
10 16 65 159 
8 18 65 159 
2 24 65 159 
26 65 159 
1 8 16 66 159 
9 16 66 159 
8 17 66 159 
1 24 66 159 
25 66 159 
8 16 67 159 
24 67 159 
1 2 16 72 159 
3 16 72 159 
2 17 72 159 
1 18 72 159 
19 72 159 
2 16 73 159 
18 73 159 
1 16 74 159 
17 74 159 
16 75 159 
1 2 8 80 159 
3 8 80 159 
2 9 80 159 
1 10 80 159 
11 80 159 
2 8 81 159 
10 81 159 
1 8 82 159 
9 82 159 
8 83 159 
1 2 88 159 
3 88 159 
2 89 159 
1 90 159 
91 159 
2 8 16 64 160 
10 16 64 160 
8 18 64 160 
2 24 64 160 
26 64 160 
8 16 66 160 
24 66 160 
2 16 72 160 
18 72 160 
16 74 160 
2 8 80 160 
10 80 160 
8 82 160 
2 88 160 
90 160 
1 8 16 64 161 
9 16 64 161 
8 17 64 161 
1 24 64 161 
25 64 161 
8 16 65 161 
24 65 161 
1 16 72 161 
17 72 161 
16 73 161 
1 8 80 161 
9 80 161 
8 81 161 
1 88 161 
89 161 
8 16 64 162 
24 64 162 
16 72 162 
8 80 162 
88 162 
1 2 4 16 64 163 
3 4 16 64 163 
2 5 16 64 163 
1 6 16 64 163 
7 16 64 163 
2 4 17 64 163 
6 17 64 163 
1 4 18 64 163 
5 18 64 163 
4 19 64 163 
1 2 20 64 163 
3 20 64 163 
2 21 64 163 
1 22 64 163 
23 64 163 
2 4 16 65 163 
6 16 65 163 
4 18 65 163 
2 20 65 163 
22 65 163 
1 4 16 66 163 
5 16 66 163 
4 17 66 163 
1 20 66 163 
21 66 163 
4 16 67 163 
20 67 163 
1 2 16 68 163 
3 16 68 163 
2 17 68 163 
1 18 68 163 
19 68 163 
2 16 69 163 
18 69 163 
1 16 70 163 
17 70 163 
16 71 163 
1 2 4 80 163 
3 4 80 163 
2 5 80 163 
1 6 80 163 
7 80 163 
2 4 81 163 
6 81 163 
1 4 82 163 
5 82 163 
4 83 163 
1 2 84 163 
3 84 163 
2 85 163 
1 86 163 
87 163 
2 4 16 64 164 
6 16 64 164 
4 18 64 164 
2 20 64 164 
22 64 164 
4 16 66 164 
20 66 164 
2 16 68 164 
18 68 164 
16 70 164 
2 4 80 164 
6 80 164 
4 82 164 
2 84 164 
86 164 
1 4 16 64 165 
5 16 64 165 
4 17 64 165 
1 20 64 165 
21 64 165 
4 16 65 165 
20 65 165 
1 16 68 165 
17 68 165 
16 69 165 
1 4 80 165 
5 80 165 
4 81 165 
1 84 165 
85 165 
4 16 64 166 
20 64 166 
16 68 166 
4 80 166 
84 166 
1 2 16 64 167 
3 16 64 167 
2 17 64 167 
1 18 64 167 
19 64 167 
2 16 65 167 
18 65 167 
1 16 66 167 
17 66 167 
16 67 167 
1 2 80 167 
3 80 167 
2 81 167 
1 82 167 
83 167 
2 16 64 168 
18 64 168 
16 66 168 
2 80 168 
82 168 
1 16 64 169 
17 64 169 
16 65 169 
1 80 169 
81 169 
16 64 170 
80 170 
1 2 4 8 64 171 
3 4 8 64 171 
2 5 8 64 171 
1 6 8 64 171 
7 8 64 171 
2 4 9 64 171 
6 9 64 171 
1 4 10 64 171 
5 10 64 171 
4 11 64 171 
1 2 12 64 171 
3 12 64 171 
2 13 64 171 
1 14 64 171 
15 64 171 
2 4 8 65 171 
6 8 65 171 
4 10 65 171 
2 12 65 171 
14 65 171 
1 4 8 66 171 
5 8 66 171 
4 9 66 171 
1 12 66 171 
13 66 171 
4 8 67 171 
12 67 171 
1 2 8 68 171 
3 8 68 171 
2 9 68 171 
1 10 68 171 
11 68 171 
2 8 69 171 
10 69 171 
1 8 70 171 
9 70 171 
8 71 171 
1 2 4 72 171 
3 4 72 171 
2 5 72 171 
1 6 72 171 
7 72 171 
2 4 73 171 
6 73 171 
1 4 74 171 
5 74 171 
4 75 171 
1 2 76 171 
3 76 171 
2 77 171 
1 78 171 
79 171 
2 4 8 64 172 
6 8 64 172 
4 10 64 172 
2 12 64 172 
14 64 172 
4 8 66 172 
12 66 172 
2 8 68 172 
10 68 172 
8 70 172 
2 4 72 172 
6 72 172 
4 74 172 
2 76 172 
78 172 
1 4 8 64 173 
5 8 64 173 
4 9 64 173 
1 12 64 173 
13 64 173 
4 8 65 173 
12 65 173 
1 8 68 173 
9 68 173 
8 69 173 
1 4 72 173 
5 72 173 
4 73 173 
1 76 173 
77 173 
4 8 64 174 
12 64 174 
8 68 174 
4 72 174 
76 174 
1 2 8 64 175 
3 8 64 175 
2 9 64 175 
1 10 64 175 
11 64 175 
2 8 65 175 
10 65 175 
1 8 66 175 
9 66 175 
8 67 175 
1 2 72 175 
3 72 175 
2 73 175 
1 74 175 
75 175 
2 8 64 176 
10 64 176 
8 66 176 
2 72 176 
74 176 
8 64 177 
72 177 
1 2 4 64 178 
3 4 64 178 
2 5 64 178 
1 6 64 178 
7 64 178 
2 4 65 178 
6 65 178 
1 4 66 178 
5 66 178 
4 67 178 
1 2 68 178 
3 68 178 
2 69 178 
1 70 178 
71 178 
2 4 64 179 
6 64 179 
4 66 179 
2 68 179 
70 179 
1 4 64 180 
5 64 180 
4 65 180 
1 68 180 
69 180 
4 64 181 
68 181 
1 2 64 182 
3 64 182 
2 65 182 
1 66 182 
67 182 
2 64 183 
66 183 
1 64 184 
65 184 
64 185 
1 2 4 8 16 32 186 
3 4 8 16 32 186 
2 5 8 16 32 186 
1 6 8 16 32 186 
7 8 16 32 186 
2 4 9 16 32 186 
6 9 16 32 186 
1 4 10 16 32 186 
5 10 16 32 186 
4 11 16 32 186 
1 2 12 16 32 186 
3 12 16 32 186 
2 13 16 32 186 
1 14 16 32 186 
15 16 32 186 
2 4 8 17 32 186 
6 8 17 32 186 
4 10 17 32 186 
2 12 17 32 186 
14 17 32 186 
1 4 8 18 32 186 
5 8 18 32 186 
4 9 18 32 186 
1 12 18 32 186 
13 18 32 186 
4 8 19 32 186 
12 19 32 186 
1 2 8 20 32 186 
3 8 20 32 186 
2 9 20 32 186 
1 10 20 32 186 
11 20 32 186 
2 8 21 32 186 
10 21 32 186 
1 8 22 32 186 
9 22 32 186 
8 23 32 186 
1 2 4 24 32 186 
3 4 24 32 186 
2 5 24 32 186 
1 6 24 32 186 
7 24 32 186 
2 4 25 32 186 
6 25 32 186 
1 4 26 32 186 
5 26 32 186 
4 27 32 186 
1 2 28 32 186 
3 28 32 186 
2 29 32 186 
1 30 32 186 
31 32 186 
2 4 8 16 33 186 
6 8 16 33 186 
4 10 16 33 186 
2 12 16 33 186 
14 16 33 186 
4 8 18 33 186 
12 18 33 186 
2 8 20 33 186 
10 20 33 186 
8 22 33 186 
2 4 24 33 186 
6 24 33 186 
4 26 33 186 
2 28 33 186 
30 33 186 
1 4 8 16 34 186 
5 8 16 34 186 
4 9 16 34 186 
1 12 16 34 186 
13 16 34 186 
4 8 17 34 186 
12 17 34 186 
1 8 20 34 186 
9 20 34 186 
8 21 34 186 
1 4 24 34 186 
5 24 34 186 
4 25 34 186 
1 28 34 186 
29 34 186 
4 8 16 35 186 
12 16 35 186 
8 20 35 186 
4 24 35 186 
28 35 186 
1 2 8 16 36 186 
3 8 16 36 186 
2 9 16 36 186 
1 10 16 36 186 
11 16 36 186 
2 8 17 36 186 
10 17 36 186 
1 8 18 36 186 
9 18 36 186 
8 19 36 186 
1 2 24 36 186 
3 24 36 186 
2 25 36 186 
1 26 36 186 
27 36 186 
2 8 16 37 186 
10 16 37 186 
8 18 37 186 
2 24 37 186 
26 37 186 
1 8 16 38 186 
9 16 38 186 
8 17 38 186 
1 24 38 186 
25 38 186 
8 16 39 186 
24 39 186 
1 2 4 16 40 186 
3 4 16 40 186 
2 5 16 40 186 
1 6 16 40 186 
7 16 40 186 
2 4 17 40 186 
6 17 40 186 
1 4 18 40 186 
5 18 40 186 
4 19 40 186 
1 2 20 40 186 
3 20 40 186 
2 21 40 186 
1 22 40 186 
23 40 186 
2 4 16 41 186 
6 16 41 186 
4 18 41 186 
2 20 41 186 
22 41 186 
1 4 16 42 186 
5 16 42 186 
4 17 42 186 
1 20 42 186 
21 42 186 
4 16 43 186 
20 43 186 
1 2 16 44 186 
3 16 44 186 
2 17 44 186 
1 18 44 186 
19 44 186 
2 16 45 186 
18 45 186 
1 16 46 186 
17 46 186 
16 47 186 
1 2 4 8 48 186 
3 4 8 48 186 
2 5 8 48 186 
1 6 8 48 186 
7 8 48 186 
2 4 9 48 186 
6 9 48 186 
1 4 10 48 186 
5 10 48 186 
4 11 48 186 
1 2 12 48 186 
3 12 48 186 
2 13 48 186 
1 14 48 186 
15 48 186 
2 4 8 49 186 
6 8 49 186 
4 10 49 186 
2 12 49 186 
14 49 186 
1 4 8 50 186 
5 8 50 186 
4 9 50 186 
1 12 50 186 
13 50 186 
4 8 51 186 
12 51 186 
1 2 8 52 186 
3 8 52 186 
2 9 52 186 
1 10 52 186 
11 52 186 
2 8 53 186 
10 53 186 
1 8 54 186 
9 54 186 
8 55 186 
1 2 4 56 186 
3 4 56 186 
2 5 56 186 
1 6 56 186 
7 56 186 
2 4 57 186 
6 57 186 
1 4 58 186 
5 58 186 
4 59 186 
1 2 60 186 
3 60 186 
2 61 186 
1 62 186 
63 186 
2 4 8 16 32 187 
6 8 16 32 187 
4 10 16 32 187 
2 12 16 32 187 
14 16 32 187 
4 8 18 32 187 
12 18 32 187 
2 8 20 32 187 
10 20 32 187 
8 22 32 187 
2 4 24 32 187 
6 24 32 187 
4 26 32 187 
2 28 32 187 
30 32 187 
4 8 16 34 187 
12 16 34 187 
8 20 34 187 
4 24 34 187 
28 34 187 
2 8 16 36 187 
10 16 36 187 
8 18 36 187 
2 24 36 187 
26 36 187 
8 16 38 187 
24 38 187 
2 4 16 40 187 
6 16 40 187 
4 18 40 187 
2 20 40 187 
22 40 187 
4 16 42 187 
20 42 187 
2 16 44 187 
18 44 187 
16 46 187 
2 4 8 48 187 
6 8 48 187 
4 10 48 187 
2 12 48 187 
14 48 187 
4 8 50 187 
12 50 187 
2 8 52 187 
10 52 187 
8 54 187 
2 4 56 187 
6 56 187 
4 58 187 
2 60 187 
62 187 
1 4 8 16 32 188 
5 8 16 32 188 
4 9 16 32 188 
1 12 16 32 188 
13 16 32 188 
4 8 17 32 188 
12 17 32 188 
1 8 20 32 188 
9 20 32 188 
8 21 32 188 
1 4 24 32 188 
5 24 32 188 
4 25 32 188 
1 28 32 188 
29 32 188 
4 8 16 33 188 
12 16 33 188 
8 20 33 188 
4 24 33 188 
28 33 188 
1 8 16 36 188 
9 16 36 188 
8 17 36 188 
1 24 36 188 
25 36 188 
8 16 37 188 
24 37 188 
1 4 16 40 188 
5 16 40 188 
4 17 40 188 
1 20 40 188 
21 40 188 
4 16 41 188 
20 41 188 
1 16 44 188 
17 44 188 
16 45 188 
1 4 8 48 188 
5 8 48 188 
4 9 48 188 
1 12 48 188 
13 48 188 
4 8 49 188 
12 49 188 
1 8 52 188 
9 52 188 
8 53 188 
1 4 56 188 
5 56 188 
4 57 188 
1 60 188 
61 188 
4 8 16 32 189 
12 16 32 189 
8 20 32 189 
4 24 32 189 
28 32 189 
8 16 36 189 
24 36 189 
4 16 40 189 
20 40 189 
16 44 189 
4 8 48 189 
12 48 189 
8 52 189 
4 56 189 
60 189 
1 2 8 16 32 190 
3 8 16 32 190 
2 9 16 32 190 
1 10 16 32 190 
11 16 32 190 
2 8 17 32 190 
10 17 32 190 
1 8 18 32 190 
9 18 32 190 
8 19 32 190 
1 2 24 32 190 
3 24 32 190 
2 25 32 190 
1 26 32 190 
27 32 190 
2 8 16 33 190 
10 16 33 190 
8 18 33 190 
2 24 33 190 
26 33 190 
1 8 16 34 190 
9 16 34 190 
8 17 34 190 
1 24 34 190 
25 34 190 
8 16 35 190 
24 35 190 
1 2 16 40 190 
3 16 40 190 
2 17 40 190 
1 18 40 190 
19 40 190 
2 16 41 190 
18 41 190 
1 16 42 190 
17 42 190 
16 43 190 
1 2 8 48 190 
3 8 48 190 
2 9 48 190 
1 10 48 190 
11 48 190 
2 8 49 190 
10 49 190 
1 8 50 190 
9 50 190 
8 51 190 
1 2 56 190 
3 56 190 
2 57 190 
1 58 190 
59 190 
2 8 16 32 191 
10 16 32 191 
8 18 32 191 
2 24 32 191 
26 32 191 
8 16 34 191 
24 34 191 
2 16 40 191 
18 40 191 
16 42 191 
2 8 48 191 
10 48 191 
8 50 191 
2 56 191 
58 191 
1 8 16 32 192 
9 16 32 192 
8 17 32 192 
1 24 32 192 
25 32 192 
8 16 33 192 
24 33 192 
1 16 40 192 
17 40 192 
16 41 192 
1 8 48 192 
9 48 192 
8 49 192 
1 56 192 
57 192 
8 16 32 193 
24 32 193 
16 40 193 
8 48 193 
56 193 
1 2 4 16 32 194 
3 4 16 32 194 
2 5 16 32 194 
1 6 16 32 194 
7 16 32 194 
2 4 17 32 194 
6 17 32 194 
1 4 18 32 194 
5 18 32 194 
4 19 32 194 
1 2 20 32 194 
3 20 32 194 
2 21 32 194 
1 22 32 194 
23 32 194 
2 4 16 33 194 
6 16 33 194 
4 18 33 194 
2 20 33 194 
22 33 194 
1 4 16 34 194 
5 16 34 194 
4 17 34 194 
1 20 34 194 
21 34 194 
4 16 35 194 
20 35 194 
1 2 16 36 194 
3 16 36 194 
2 17 36 194 
1 18 36 194 
19 36 194 
2 16 37 194 
18 37 194 
1 16 38 194 
17 38 194 
16 39 194 
1 2 4 48 194 
3 4 48 194 
2 5 48 194 
1 6 48 194 
7 48 194 
2 4 49 194 
6 49 194 
1 4 50 194 
5 50 194 
4 51 194 
1 2 52 194 
3 52 194 
2 53 194 
1 54 194 
55 194 
2 4 16 32 195 
6 16 32 195 
4 18 32 195 
2 20 32 195 
22 32 195 
4 16 34 195 
20 34 195 
2 16 36 195 
18 36 195 
16 38 195 
2 4 48 195 
6 48 195 
4 50 195 
2 52 195 
54 195 
1 4 16 32 196 
5 16 32 196 
4 17 32 196 
1 20 32 196 
21 32 196 
4 16 33 196 
20 33 196 
1 16 36 196 
17 36 196 
16 37 196 
1 4 48 196 
5 48 196 
4 49 196 
1 52 196 
53 196 
4 16 32 197 
20 32 197 
16 36 197 
4 48 197 
52 197 
1 2 16 32 198 
3 16 32 198 
2 17 32 198 
1 18 32 198 
19 32 198 
2 16 33 198 
18 33 198 
1 16 34 198 
17 34 198 
16 35 198 
1 2 48 198 
3 48 198 
2 49 198 
1 50 198 
51 198 
2 16 32 199 
18 32 199 
16 34 199 
2 48 199 
50 199 
1 16 32 200 
17 32 200 
16 33 200 
1 48 200 
49 200 
16 32 201 
48 201 
1 2 4 8 32 202 
3 4 8 32 202 
2 5 8 32 202 
1 6 8 32 202 
7 8 32 202 
2 4 9 32 202 
6 9 32 202 
1 4 10 32 202 
5 10 32 202 
4 11 32 202 
1 2 12 32 202 
3 12 32 202 
2 13 32 202 
1 14 32 202 
15 32 202 
2 4 8 33 202 
6 8 33 202 
4 10 33 202 
2 12 33 202 
14 33 202 
1 4 8 34 202 
5 8 34 202 
4 9 34 202 
1 12 34 202 
13 34 202 
4 8 35 202 
12 35 202 
1 2 8 36 202 
3 8 36 202 
2 9 36 202 
1 10 36 202 
11 36 202 
2 8 37 202 
10 37 202 
1 8 38 202 
9 38 202 
8 39 202 
1 2 4 40 202 
3 4 40 202 
2 5 40 202 
1 6 40 202 
7 40 202 
2 4 41 202 
6 41 202 
1 4 42 202 
5 42 202 
4 43 202 
1 2 44 202 
3 44 202 
2 45 202 
1 46 202 
47 202 
2 4 8 32 203 
6 8 32 203 
4 10 32 203 
2 12 32 203 
14 32 203 
4 8 34 203 
12 34 203 
2 8 36 203 
10 36 203 
8 38 203 
2 4 40 203 
6 40 203 
4 42 203 
2 44 203 
46 203 
1 4 8 32 204 
5 8 32 204 
4 9 32 204 
1 12 32 204 
13 32 204 
4 8 33 204 
12 33 204 
1 8 36 204 
9 36 204 
8 37 204 
1 4 40 204 
5 40 204 
4 41 204 
1 44 204 
45 204 
4 8 32 205 
12 32 205 
8 36 205 
4 40 205 
44 205 
1 2 8 32 206 
3 8 32 206 
2 9 32 206 
1 10 32 206 
11 32 206 
2 8 33 206 
10 33 206 
1 8 34 206 
9 34 206 
8 35 206 
1 2 40 206 
3 40 206 
2 41 206 
1 42 206 
43 206 
2 8 32 207 
10 32 207 
8 34 207 
2 40 207 
42 207 
8 32 208 
40 208 
1 2 4 32 209 
3 4 32 209 
2 5 32 209 
1 6 32 209 
7 32 209 
2 4 33 209 
6 33 209 
1 4 34 209 
5 34 209 
4 35 209 
1 2 36 209 
3 36 209 
2 37 209 
1 38 209 
39 209 
2 4 32 210 
6 32 210 
4 34 210 
2 36 210 
38 210 
1 4 32 211 
5 32 211 
4 33 211 
1 36 211 
37 211 
4 32 212 
36 212 
1 2 32 213 
3 32 213 
2 33 213 
1 34 213 
35 213 
2 32 214 
34 214 
1 32 215 
33 215 
32 216 
1 2 4 8 16 217 
3 4 8 16 217 
2 5 8 16 217 
1 6 8 16 217 
7 8 16 217 
2 4 9 16 217 
6 9 16 217 
1 4 10 16 217 
5 10 16 217 
4 11 16 217 
1 2 12 16 217 
3 12 16 217 
2 13 16 217 
1 14 16 217 
15 16 217 
2 4 8 17 217 
6 8 17 217 
4 10 17 217 
2 12 17 217 
14 17 217 
1 4 8 18 217 
5 8 18 217 
4 9 18 217 
1 12 18 217 
13 18 217 
4 8 19 217 
12 19 217 
1 2 8 20 217 
3 8 20 217 
2 9 20 217 
1 10 20 217 
11 20 217 
2 8 21 217 
10 21 217 
1 8 22 217 
9 22 217 
8 23 217 
1 2 4 24 217 
3 4 24 217 
2 5 24 217 
1 6 24 217 
7 24 217 
2 4 25 217 
6 25 217 
1 4 26 217 
5 26 217 
4 27 217 
1 2 28 217 
3 28 217 
2 29 217 
1 30 217 
31 217 
2 4 8 16 218 
6 8 16 218 
4 10 16 218 
2 12 16 218 
14 16 218 
4 8 18 218 
12 18 218 
2 8 20 218 
10 20 218 
8 22 218 
2 4 24 218 
6 24 218 
4 26 218 
2 28 218 
30 218 
1 4 8 16 219 
5 8 16 219 
4 9 16 219 
1 12 16 219 
13 16 219 
4 8 17 219 
12 17 219 
1 8 20 219 
9 20 219 
8 21 219 
1 4 24 219 
5 24 219 
4 25 219 
1 28 219 
29 219 
4 8 16 220 
12 16 220 
8 20 220 
4 24 220 
28 220 
1 2 8 16 221 
3 8 16 221 
2 9 16 221 
1 10 16 221 
11 16 221 
2 8 17 221 
10 17 221 
1 8 18 221 
9 18 221 
8 19 221 
1 2 24 221 
3 24 221 
2 25 221 
1 26 221 
27 221 
2 8 16 222 
10 16 222 
8 18 222 
2 24 222 
26 222 
1 8 16 223 
9 16 223 
8 17 223 
1 24 223 
25 223 
8 16 224 
24 224 
1 2 4 16 225 
3 4 16 225 
2 5 16 225 
1 6 16 225 
7 16 225 
2 4 17 225 
6 17 225 
1 4 18 225 
5 18 225 
4 19 225 
1 2 20 225 
3 20 225 
2 21 225 
1 22 225 
23 225 
1 4 16 226 
5 16 226 
4 17 226 
1 20 226 
21 226 
4 16 227 
20 227 
1 2 16 228 
3 16 228 
2 17 228 
1 18 228 
19 228 
2 16 229 
18 229 
1 16 230 
17 230 
16 231 
1 2 4 8 232 
3 4 8 232 
2 5 8 232 
1 6 8 232 
7 8 232 
2 4 9 232 
6 9 232 
1 4 10 232 
5 10 232 
4 11 232 
1 2 12 232 
3 12 232 
2 13 232 
1 14 232 
15 232 
2 4 8 233 
6 8 233 
4 10 233 
2 12 233 
14 233 
1 4 8 234 
5 8 234 
4 9 234 
1 12 234 
13 234 
4 8 235 
12 235 
1 2 8 236 
3 8 236 
2 9 236 
1 10 236 
11 236 
2 8 237 
10 237 
1 8 238 
9 238 
8 239 
1 2 4 240 
3 4 240 
2 5 240 
1 6 240 
7 240 
2 4 241 
6 241 
1 4 242 
5 242 
4 243 
1 2 244 
3 244 
2 245 
1 246 
247 
Altogether 4100 solutions, after 103 updates
