1 2 4 8 16 32 64 121 
3 4 8 16 32 64 121 
2 5 8 16 32 64 121 
1 6 8 16 32 64 121 
7 8 16 32 64 121 
2 4 9 16 32 64 121 
6 9 16 32 64 121 
1 4 10 16 32 64 121 
5 10 16 32 64 121 
4 11 16 32 64 121 
1 2 12 16 32 64 121 
3 12 16 32 64 121 
2 13 16 32 64 121 
1 14 16 32 64 121 
15 16 32 64 121 
2 4 8 17 32 64 121 
6 8 17 32 64 121 
4 10 17 32 64 121 
2 12 17 32 64 121 
14 17 32 64 121 
1 4 8 18 32 64 121 
5 8 18 32 64 121 
4 9 18 32 64 121 
1 12 18 32 64 121 
13 18 32 64 121 
4 8 19 32 64 121 
12 19 32 64 121 
1 2 8 20 32 64 121 
3 8 20 32 64 121 
2 9 20 32 64 121 
1 10 20 32 64 121 
11 20 32 64 121 
2 8 21 32 64 121 
10 21 32 64 121 
1 8 22 32 64 121 
9 22 32 64 121 
8 23 32 64 121 
1 2 4 24 32 64 121 
3 4 24 32 64 121 
2 5 24 32 64 121 
1 6 24 32 64 121 
7 24 32 64 121 
2 4 25 32 64 121 
6 25 32 64 121 
1 4 26 32 64 121 
5 26 32 64 121 
4 27 32 64 121 
1 2 28 32 64 121 
3 28 32 64 121 
2 29 32 64 121 
1 30 32 64 121 
31 32 64 121 
2 4 8 16 33 64 121 
6 8 16 33 64 121 
4 10 16 33 64 121 
2 12 16 33 64 121 
14 16 33 64 121 
4 8 18 33 64 121 
12 18 33 64 121 
2 8 20 33 64 121 
10 20 33 64 121 
8 22 33 64 121 
2 4 24 33 64 121 
6 24 33 64 121 
4 26 33 64 121 
2 28 33 64 121 
30 33 64 121 
1 4 8 16 34 64 121 
5 8 16 34 64 121 
4 9 16 34 64 121 
1 12 16 34 64 121 
13 16 34 64 121 
4 8 17 34 64 121 
12 17 34 64 121 
1 8 20 34 64 121 
9 20 34 64 121 
8 21 34 64 121 
1 4 24 34 64 121 
5 24 34 64 121 
4 25 34 64 121 
1 28 34 64 121 
29 34 64 121 
4 8 16 35 64 121 
12 16 35 64 121 
8 20 35 64 121 
4 24 35 64 121 
28 35 64 121 
1 2 8 16 36 64 121 
3 8 16 36 64 121 
2 9 16 36 64 121 
1 10 16 36 64 121 
11 16 36 64 121 
2 8 17 36 64 121 
10 17 36 64 121 
1 8 18 36 64 121 
9 18 36 64 121 
8 19 36 64 121 
1 2 24 36 64 121 
3 24 36 64 121 
2 25 36 64 121 
1 26 36 64 121 
27 36 64 121 
2 8 16 37 64 121 
10 16 37 64 121 
8 18 37 64 121 
2 24 37 64 121 
26 37 64 121 
1 8 16 38 64 121 
9 16 38 64 121 
8 17 38 64 121 
1 24 38 64 121 
25 38 64 121 
8 16 39 64 121 
24 39 64 121 
1 2 4 16 40 64 121 
3 4 16 40 64 121 
2 5 16 40 64 121 
1 6 16 40 64 121 
7 16 40 64 121 
2 4 17 40 64 121 
6 17 40 64 121 
1 4 18 40 64 121 
5 18 40 64 121 
4 19 40 64 121 
1 2 20 40 64 121 
3 20 40 64 121 
2 21 40 64 121 
1 22 40 64 121 
23 40 64 121 
2 4 16 41 64 121 
6 16 41 64 121 
4 18 41 64 121 
2 20 41 64 121 
22 41 64 121 
1 4 16 42 64 121 
5 16 42 64 121 
4 17 42 64 121 
1 20 42 64 121 
21 42 64 121 
4 16 43 64 121 
20 43 64 121 
1 2 16 44 64 121 
3 16 44 64 121 
2 17 44 64 121 
1 18 44 64 121 
19 44 64 121 
2 16 45 64 121 
18 45 64 121 
1 16 46 64 121 
17 46 64 121 
16 47 64 121 
1 2 4 8 48 64 121 
3 4 8 48 64 121 
2 5 8 48 64 121 
1 6 8 48 64 121 
7 8 48 64 121 
2 4 9 48 64 121 
6 9 48 64 121 
1 4 10 48 64 121 
5 10 48 64 121 
4 11 48 64 121 
1 2 12 48 64 121 
3 12 48 64 121 
2 13 48 64 121 
1 14 48 64 121 
15 48 64 121 
2 4 8 49 64 121 
6 8 49 64 121 
4 10 49 64 121 
2 12 49 64 121 
14 49 64 121 
1 4 8 50 64 121 
5 8 50 64 121 
4 9 50 64 121 
1 12 50 64 121 
13 50 64 121 
4 8 51 64 121 
12 51 64 121 
1 2 8 52 64 121 
3 8 52 64 121 
2 9 52 64 121 
1 10 52 64 121 
11 52 64 121 
2 8 53 64 121 
10 53 64 121 
1 8 54 64 121 
9 54 64 121 
8 55 64 121 
1 2 4 56 64 121 
3 4 56 64 121 
2 5 56 64 121 
1 6 56 64 121 
7 56 64 121 
2 4 57 64 121 
6 57 64 121 
1 4 58 64 121 
5 58 64 121 
4 59 64 121 
1 2 60 64 121 
3 60 64 121 
2 61 64 121 
1 62 64 121 
63 64 121 
2 4 8 16 32 65 121 
6 8 16 32 65 121 
4 10 16 32 65 121 
2 12 16 32 65 121 
14 16 32 65 121 
4 8 18 32 65 121 
12 18 32 65 121 
2 8 20 32 65 121 
10 20 32 65 121 
8 22 32 65 121 
2 4 24 32 65 121 
6 24 32 65 121 
4 26 32 65 121 
2 28 32 65 121 
30 32 65 121 
4 8 16 34 65 121 
12 16 34 65 121 
8 20 34 65 121 
4 24 34 65 121 
28 34 65 121 
2 8 16 36 65 121 
10 16 36 65 121 
8 18 36 65 121 
2 24 36 65 121 
26 36 65 121 
8 16 38 65 121 
24 38 65 121 
2 4 16 40 65 121 
6 16 40 65 121 
4 18 40 65 121 
2 20 40 65 121 
22 40 65 121 
4 16 42 65 121 
20 42 65 121 
2 16 44 65 121 
18 44 65 121 
16 46 65 121 
2 4 8 48 65 121 
6 8 48 65 121 
4 10 48 65 121 
2 12 48 65 121 
14 48 65 121 
4 8 50 65 121 
12 50 65 121 
2 8 52 65 121 
10 52 65 121 
8 54 65 121 
2 4 56 65 121 
6 56 65 121 
4 58 65 121 
2 60 65 121 
62 65 121 
1 4 8 16 32 66 121 
5 8 16 32 66 121 
4 9 16 32 66 121 
1 12 16 32 66 121 
13 16 32 66 121 
4 8 17 32 66 121 
12 17 32 66 121 
1 8 20 32 66 121 
9 20 32 66 121 
8 21 32 66 121 
1 4 24 32 66 121 
5 24 32 66 121 
4 25 32 66 121 
1 28 32 66 121 
29 32 66 121 
4 8 16 33 66 121 
12 16 33 66 121 
8 20 33 66 121 
4 24 33 66 121 
28 33 66 121 
1 8 16 36 66 121 
9 16 36 66 121 
8 17 36 66 121 
1 24 36 66 121 
25 36 66 121 
8 16 37 66 121 
24 37 66 121 
1 4 16 40 66 121 
5 16 40 66 121 
4 17 40 66 121 
1 20 40 66 121 
21 40 66 121 
4 16 41 66 121 
20 41 66 121 
1 16 44 66 121 
17 44 66 121 
16 45 66 121 
1 4 8 48 66 121 
5 8 48 66 121 
4 9 48 66 121 
1 12 48 66 121 
13 48 66 121 
4 8 49 66 121 
12 49 66 121 
1 8 52 66 121 
9 52 66 121 
8 53 66 121 
1 4 56 66 121 
5 56 66 121 
4 57 66 121 
1 60 66 121 
61 66 121 
4 8 16 32 67 121 
12 16 32 67 121 
8 20 32 67 121 
4 24 32 67 121 
28 32 67 121 
8 16 36 67 121 
24 36 67 121 
4 16 40 67 121 
20 40 67 121 
16 44 67 121 
4 8 48 67 121 
12 48 67 121 
8 52 67 121 
4 56 67 121 
60 67 121 
1 2 8 16 32 68 121 
3 8 16 32 68 121 
2 9 16 32 68 121 
1 10 16 32 68 121 
11 16 32 68 121 
2 8 17 32 68 121 
10 17 32 68 121 
1 8 18 32 68 121 
9 18 32 68 121 
8 19 32 68 121 
1 2 24 32 68 121 
3 24 32 68 121 
2 25 32 68 121 
1 26 32 68 121 
27 32 68 121 
2 8 16 33 68 121 
10 16 33 68 121 
8 18 33 68 121 
2 24 33 68 121 
26 33 68 121 
1 8 16 34 68 121 
9 16 34 68 121 
8 17 34 68 121 
1 24 34 68 121 
25 34 68 121 
8 16 35 68 121 
24 35 68 121 
1 2 16 40 68 121 
3 16 40 68 121 
2 17 40 68 121 
1 18 40 68 121 
19 40 68 121 
2 16 41 68 121 
18 41 68 121 
1 16 42 68 121 
17 42 68 121 
16 43 68 121 
1 2 8 48 68 121 
3 8 48 68 121 
2 9 48 68 121 
1 10 48 68 121 
11 48 68 121 
2 8 49 68 121 
10 49 68 121 
1 8 50 68 121 
9 50 68 121 
8 51 68 121 
1 2 56 68 121 
3 56 68 121 
2 57 68 121 
1 58 68 121 
59 68 121 
2 8 16 32 69 121 
10 16 32 69 121 
8 18 32 69 121 
2 24 32 69 121 
26 32 69 121 
8 16 34 69 121 
24 34 69 121 
2 16 40 69 121 
18 40 69 121 
16 42 69 121 
2 8 48 69 121 
10 48 69 121 
8 50 69 121 
2 56 69 121 
58 69 121 
1 8 16 32 70 121 
9 16 32 70 121 
8 17 32 70 121 
1 24 32 70 121 
25 32 70 121 
8 16 33 70 121 
24 33 70 121 
1 16 40 70 121 
17 40 70 121 
16 41 70 121 
1 8 48 70 121 
9 48 70 121 
8 49 70 121 
1 56 70 121 
57 70 121 
8 16 32 71 121 
24 32 71 121 
16 40 71 121 
8 48 71 121 
56 71 121 
1 2 4 16 32 72 121 
3 4 16 32 72 121 
2 5 16 32 72 121 
1 6 16 32 72 121 
7 16 32 72 121 
2 4 17 32 72 121 
6 17 32 72 121 
1 4 18 32 72 121 
5 18 32 72 121 
4 19 32 72 121 
1 2 20 32 72 121 
3 20 32 72 121 
2 21 32 72 121 
1 22 32 72 121 
23 32 72 121 
2 4 16 33 72 121 
6 16 33 72 121 
4 18 33 72 121 
2 20 33 72 121 
22 33 72 121 
1 4 16 34 72 121 
5 16 34 72 121 
4 17 34 72 121 
1 20 34 72 121 
21 34 72 121 
4 16 35 72 121 
20 35 72 121 
1 2 16 36 72 121 
3 16 36 72 121 
2 17 36 72 121 
1 18 36 72 121 
19 36 72 121 
2 16 37 72 121 
18 37 72 121 
1 16 38 72 121 
17 38 72 121 
16 39 72 121 
1 2 4 48 72 121 
3 4 48 72 121 
2 5 48 72 121 
1 6 48 72 121 
7 48 72 121 
2 4 49 72 121 
6 49 72 121 
1 4 50 72 121 
5 50 72 121 
4 51 72 121 
1 2 52 72 121 
3 52 72 121 
2 53 72 121 
1 54 72 121 
55 72 121 
2 4 16 32 73 121 
6 16 32 73 121 
4 18 32 73 121 
2 20 32 73 121 
22 32 73 121 
4 16 34 73 121 
20 34 73 121 
2 16 36 73 121 
18 36 73 121 
16 38 73 121 
2 4 48 73 121 
6 48 73 121 
4 50 73 121 
2 52 73 121 
54 73 121 
1 4 16 32 74 121 
5 16 32 74 121 
4 17 32 74 121 
1 20 32 74 121 
21 32 74 121 
4 16 33 74 121 
20 33 74 121 
1 16 36 74 121 
17 36 74 121 
16 37 74 121 
1 4 48 74 121 
5 48 74 121 
4 49 74 121 
1 52 74 121 
53 74 121 
4 16 32 75 121 
20 32 75 121 
16 36 75 121 
4 48 75 121 
52 75 121 
1 2 16 32 76 121 
3 16 32 76 121 
2 17 32 76 121 
1 18 32 76 121 
19 32 76 121 
2 16 33 76 121 
18 33 76 121 
1 16 34 76 121 
17 34 76 121 
16 35 76 121 
1 2 48 76 121 
3 48 76 121 
2 49 76 121 
1 50 76 121 
51 76 121 
2 16 32 77 121 
18 32 77 121 
16 34 77 121 
2 48 77 121 
50 77 121 
1 16 32 78 121 
17 32 78 121 
16 33 78 121 
1 48 78 121 
49 78 121 
16 32 79 121 
48 79 121 
1 2 4 8 32 80 121 
3 4 8 32 80 121 
2 5 8 32 80 121 
1 6 8 32 80 121 
7 8 32 80 121 
2 4 9 32 80 121 
6 9 32 80 121 
1 4 10 32 80 121 
5 10 32 80 121 
4 11 32 80 121 
1 2 12 32 80 121 
3 12 32 80 121 
2 13 32 80 121 
1 14 32 80 121 
15 32 80 121 
2 4 8 33 80 121 
6 8 33 80 121 
4 10 33 80 121 
2 12 33 80 121 
14 33 80 121 
1 4 8 34 80 121 
5 8 34 80 121 
4 9 34 80 121 
1 12 34 80 121 
13 34 80 121 
4 8 35 80 121 
12 35 80 121 
1 2 8 36 80 121 
3 8 36 80 121 
2 9 36 80 121 
1 10 36 80 121 
11 36 80 121 
2 8 37 80 121 
10 37 80 121 
1 8 38 80 121 
9 38 80 121 
8 39 80 121 
1 2 4 40 80 121 
3 4 40 80 121 
2 5 40 80 121 
1 6 40 80 121 
7 40 80 121 
2 4 41 80 121 
6 41 80 121 
1 4 42 80 121 
5 42 80 121 
4 43 80 121 
1 2 44 80 121 
3 44 80 121 
2 45 80 121 
1 46 80 121 
47 80 121 
2 4 8 32 81 121 
6 8 32 81 121 
4 10 32 81 121 
2 12 32 81 121 
14 32 81 121 
4 8 34 81 121 
12 34 81 121 
2 8 36 81 121 
10 36 81 121 
8 38 81 121 
2 4 40 81 121 
6 40 81 121 
4 42 81 121 
2 44 81 121 
46 81 121 
1 4 8 32 82 121 
5 8 32 82 121 
4 9 32 82 121 
1 12 32 82 121 
13 32 82 121 
4 8 33 82 121 
12 33 82 121 
1 8 36 82 121 
9 36 82 121 
8 37 82 121 
1 4 40 82 121 
5 40 82 121 
4 41 82 121 
1 44 82 121 
45 82 121 
4 8 32 83 121 
12 32 83 121 
8 36 83 121 
4 40 83 121 
44 83 121 
1 2 8 32 84 121 
3 8 32 84 121 
2 9 32 84 121 
1 10 32 84 121 
11 32 84 121 
2 8 33 84 121 
10 33 84 121 
1 8 34 84 121 
9 34 84 121 
8 35 84 121 
1 2 40 84 121 
3 40 84 121 
2 41 84 121 
1 42 84 121 
43 84 121 
2 8 32 85 121 
10 32 85 121 
8 34 85 121 
2 40 85 121 
42 85 121 
8 32 86 121 
40 86 121 
1 2 4 32 87 121 
3 4 32 87 121 
2 5 32 87 121 
1 6 32 87 121 
7 32 87 121 
2 4 33 87 121 
6 33 87 121 
1 4 34 87 121 
5 34 87 121 
4 35 87 121 
1 2 36 87 121 
3 36 87 121 
2 37 87 121 
1 38 87 121 
39 87 121 
1 4 32 88 121 
5 32 88 121 
4 33 88 121 
1 36 88 121 
37 88 121 
4 32 89 121 
36 89 121 
1 2 32 90 121 
3 32 90 121 
2 33 90 121 
1 34 90 121 
35 90 121 
2 32 91 121 
34 91 121 
1 32 92 121 
33 92 121 
32 93 121 
1 2 4 8 16 94 121 
3 4 8 16 94 121 
2 5 8 16 94 121 
1 6 8 16 94 121 
7 8 16 94 121 
2 4 9 16 94 121 
6 9 16 94 121 
1 4 10 16 94 121 
5 10 16 94 121 
4 11 16 94 121 
1 2 12 16 94 121 
3 12 16 94 121 
2 13 16 94 121 
1 14 16 94 121 
15 16 94 121 
2 4 8 17 94 121 
6 8 17 94 121 
4 10 17 94 121 
2 12 17 94 121 
14 17 94 121 
1 4 8 18 94 121 
5 8 18 94 121 
4 9 18 94 121 
1 12 18 94 121 
13 18 94 121 
4 8 19 94 121 
12 19 94 121 
1 2 8 20 94 121 
3 8 20 94 121 
2 9 20 94 121 
1 10 20 94 121 
11 20 94 121 
2 8 21 94 121 
10 21 94 121 
1 8 22 94 121 
9 22 94 121 
8 23 94 121 
1 2 4 24 94 121 
3 4 24 94 121 
2 5 24 94 121 
1 6 24 94 121 
7 24 94 121 
2 4 25 94 121 
6 25 94 121 
1 4 26 94 121 
5 26 94 121 
4 27 94 121 
1 2 28 94 121 
3 28 94 121 
2 29 94 121 
1 30 94 121 
31 94 121 
2 4 8 16 95 121 
6 8 16 95 121 
4 10 16 95 121 
2 12 16 95 121 
14 16 95 121 
4 8 18 95 121 
12 18 95 121 
2 8 20 95 121 
10 20 95 121 
8 22 95 121 
2 4 24 95 121 
6 24 95 121 
4 26 95 121 
2 28 95 121 
30 95 121 
1 4 8 16 96 121 
5 8 16 96 121 
4 9 16 96 121 
1 12 16 96 121 
13 16 96 121 
4 8 17 96 121 
12 17 96 121 
1 8 20 96 121 
9 20 96 121 
8 21 96 121 
1 4 24 96 121 
5 24 96 121 
4 25 96 121 
1 28 96 121 
29 96 121 
4 8 16 97 121 
12 16 97 121 
8 20 97 121 
4 24 97 121 
28 97 121 
1 2 8 16 98 121 
3 8 16 98 121 
2 9 16 98 121 
1 10 16 98 121 
11 16 98 121 
2 8 17 98 121 
10 17 98 121 
1 8 18 98 121 
9 18 98 121 
8 19 98 121 
1 2 24 98 121 
3 24 98 121 
2 25 98 121 
1 26 98 121 
27 98 121 
1 8 16 99 121 
9 16 99 121 
8 17 99 121 
1 24 99 121 
25 99 121 
8 16 100 121 
24 100 121 
1 2 4 16 101 121 
3 4 16 101 121 
2 5 16 101 121 
1 6 16 101 121 
7 16 101 121 
2 4 17 101 121 
6 17 101 121 
1 4 18 101 121 
5 18 101 121 
4 19 101 121 
1 2 20 101 121 
3 20 101 121 
2 21 101 121 
1 22 101 121 
23 101 121 
2 4 16 102 121 
6 16 102 121 
4 18 102 121 
2 20 102 121 
22 102 121 
4 16 103 121 
20 103 121 
1 2 16 104 121 
3 16 104 121 
2 17 104 121 
1 18 104 121 
19 104 121 
2 16 105 121 
18 105 121 
1 16 106 121 
17 106 121 
1 2 4 8 107 121 
3 4 8 107 121 
2 5 8 107 121 
1 6 8 107 121 
7 8 107 121 
2 4 9 107 121 
6 9 107 121 
1 4 10 107 121 
5 10 107 121 
4 11 107 121 
1 2 12 107 121 
3 12 107 121 
2 13 107 121 
1 14 107 121 
15 107 121 
2 4 8 108 121 
6 8 108 121 
4 10 108 121 
2 12 108 121 
14 108 121 
1 4 8 109 121 
5 8 109 121 
4 9 109 121 
1 12 109 121 
13 109 121 
4 8 110 121 
12 110 121 
1 2 8 111 121 
3 8 111 121 
2 9 111 121 
1 10 111 121 
11 111 121 
2 8 112 121 
10 112 121 
1 8 113 121 
9 113 121 
8 114 121 
1 2 4 115 121 
3 4 115 121 
2 5 115 121 
1 6 115 121 
7 115 121 
2 4 116 121 
6 116 121 
1 4 117 121 
5 117 121 
1 2 118 121 
3 118 121 
2 119 121 
120 121 
2 4 8 16 32 64 122 
6 8 16 32 64 122 
4 10 16 32 64 122 
2 12 16 32 64 122 
14 16 32 64 122 
4 8 18 32 64 122 
12 18 32 64 122 
2 8 20 32 64 122 
10 20 32 64 122 
8 22 32 64 122 
2 4 24 32 64 122 
6 24 32 64 122 
4 26 32 64 122 
2 28 32 64 122 
30 32 64 122 
4 8 16 34 64 122 
12 16 34 64 122 
8 20 34 64 122 
4 24 34 64 122 
28 34 64 122 
2 8 16 36 64 122 
10 16 36 64 122 
8 18 36 64 122 
2 24 36 64 122 
26 36 64 122 
8 16 38 64 122 
24 38 64 122 
2 4 16 40 64 122 
6 16 40 64 122 
4 18 40 64 122 
2 20 40 64 122 
22 40 64 122 
4 16 42 64 122 
20 42 64 122 
2 16 44 64 122 
18 44 64 122 
16 46 64 122 
2 4 8 48 64 122 
6 8 48 64 122 
4 10 48 64 122 
2 12 48 64 122 
14 48 64 122 
4 8 50 64 122 
12 50 64 122 
2 8 52 64 122 
10 52 64 122 
8 54 64 122 
2 4 56 64 122 
6 56 64 122 
4 58 64 122 
2 60 64 122 
62 64 122 
4 8 16 32 66 122 
12 16 32 66 122 
8 20 32 66 122 
4 24 32 66 122 
28 32 66 122 
8 16 36 66 122 
24 36 66 122 
4 16 40 66 122 
20 40 66 122 
16 44 66 122 
4 8 48 66 122 
12 48 66 122 
8 52 66 122 
4 56 66 122 
60 66 122 
2 8 16 32 68 122 
10 16 32 68 122 
8 18 32 68 122 
2 24 32 68 122 
26 32 68 122 
8 16 34 68 122 
24 34 68 122 
2 16 40 68 122 
18 40 68 122 
16 42 68 122 
2 8 48 68 122 
10 48 68 122 
8 50 68 122 
2 56 68 122 
58 68 122 
8 16 32 70 122 
24 32 70 122 
16 40 70 122 
8 48 70 122 
56 70 122 
2 4 16 32 72 122 
6 16 32 72 122 
4 18 32 72 122 
2 20 32 72 122 
22 32 72 122 
4 16 34 72 122 
20 34 72 122 
2 16 36 72 122 
18 36 72 122 
16 38 72 122 
2 4 48 72 122 
6 48 72 122 
4 50 72 122 
2 52 72 122 
54 72 122 
4 16 32 74 122 
20 32 74 122 
16 36 74 122 
4 48 74 122 
52 74 122 
2 16 32 76 122 
18 32 76 122 
16 34 76 122 
2 48 76 122 
50 76 122 
16 32 78 122 
48 78 122 
2 4 8 32 80 122 
6 8 32 80 122 
4 10 32 80 122 
2 12 32 80 122 
14 32 80 122 
4 8 34 80 122 
12 34 80 122 
2 8 36 80 122 
10 36 80 122 
8 38 80 122 
2 4 40 80 122 
6 40 80 122 
4 42 80 122 
2 44 80 122 
46 80 122 
4 8 32 82 122 
12 32 82 122 
8 36 82 122 
4 40 82 122 
44 82 122 
2 8 32 84 122 
10 32 84 122 
8 34 84 122 
2 40 84 122 
42 84 122 
2 4 32 87 122 
6 32 87 122 
4 34 87 122 
2 36 87 122 
38 87 122 
4 32 88 122 
36 88 122 
2 32 90 122 
34 90 122 
32 92 122 
2 4 8 16 94 122 
6 8 16 94 122 
4 10 16 94 122 
2 12 16 94 122 
14 16 94 122 
4 8 18 94 122 
12 18 94 122 
2 8 20 94 122 
10 20 94 122 
8 22 94 122 
2 4 24 94 122 
6 24 94 122 
4 26 94 122 
2 28 94 122 
30 94 122 
4 8 16 96 122 
12 16 96 122 
8 20 96 122 
4 24 96 122 
28 96 122 
2 8 16 98 122 
10 16 98 122 
8 18 98 122 
2 24 98 122 
26 98 122 
8 16 99 122 
24 99 122 
2 4 16 101 122 
6 16 101 122 
4 18 101 122 
2 20 101 122 
22 101 122 
2 16 104 122 
18 104 122 
16 106 122 
2 4 8 107 122 
6 8 107 122 
4 10 107 122 
2 12 107 122 
14 107 122 
4 8 109 122 
12 109 122 
2 8 111 122 
10 111 122 
8 113 122 
2 4 115 122 
6 115 122 
4 117 122 
2 118 122 
1 4 8 16 32 64 123 
5 8 16 32 64 123 
4 9 16 32 64 123 
1 12 16 32 64 123 
13 16 32 64 123 
4 8 17 32 64 123 
12 17 32 64 123 
1 8 20 32 64 123 
9 20 32 64 123 
8 21 32 64 123 
1 4 24 32 64 123 
5 24 32 64 123 
4 25 32 64 123 
1 28 32 64 123 
29 32 64 123 
4 8 16 33 64 123 
12 16 33 64 123 
8 20 33 64 123 
4 24 33 64 123 
28 33 64 123 
1 8 16 36 64 123 
9 16 36 64 123 
8 17 36 64 123 
1 24 36 64 123 
25 36 64 123 
8 16 37 64 123 
24 37 64 123 
1 4 16 40 64 123 
5 16 40 64 123 
4 17 40 64 123 
1 20 40 64 123 
21 40 64 123 
4 16 41 64 123 
20 41 64 123 
1 16 44 64 123 
17 44 64 123 
16 45 64 123 
1 4 8 48 64 123 
5 8 48 64 123 
4 9 48 64 123 
1 12 48 64 123 
13 48 64 123 
4 8 49 64 123 
12 49 64 123 
1 8 52 64 123 
9 52 64 123 
8 53 64 123 
1 4 56 64 123 
5 56 64 123 
4 57 64 123 
1 60 64 123 
61 64 123 
4 8 16 32 65 123 
12 16 32 65 123 
8 20 32 65 123 
4 24 32 65 123 
28 32 65 123 
8 16 36 65 123 
24 36 65 123 
4 16 40 65 123 
20 40 65 123 
16 44 65 123 
4 8 48 65 123 
12 48 65 123 
8 52 65 123 
4 56 65 123 
60 65 123 
1 8 16 32 68 123 
9 16 32 68 123 
8 17 32 68 123 
1 24 32 68 123 
25 32 68 123 
8 16 33 68 123 
24 33 68 123 
1 16 40 68 123 
17 40 68 123 
16 41 68 123 
1 8 48 68 123 
9 48 68 123 
8 49 68 123 
1 56 68 123 
57 68 123 
8 16 32 69 123 
24 32 69 123 
16 40 69 123 
8 48 69 123 
56 69 123 
1 4 16 32 72 123 
5 16 32 72 123 
4 17 32 72 123 
1 20 32 72 123 
21 32 72 123 
4 16 33 72 123 
20 33 72 123 
1 16 36 72 123 
17 36 72 123 
16 37 72 123 
1 4 48 72 123 
5 48 72 123 
4 49 72 123 
1 52 72 123 
53 72 123 
4 16 32 73 123 
20 32 73 123 
16 36 73 123 
4 48 73 123 
52 73 123 
1 16 32 76 123 
17 32 76 123 
16 33 76 123 
1 48 76 123 
49 76 123 
16 32 77 123 
48 77 123 
1 4 8 32 80 123 
5 8 32 80 123 
4 9 32 80 123 
1 12 32 80 123 
13 32 80 123 
4 8 33 80 123 
12 33 80 123 
1 8 36 80 123 
9 36 80 123 
8 37 80 123 
1 4 40 80 123 
5 40 80 123 
4 41 80 123 
1 44 80 123 
45 80 123 
4 8 32 81 123 
12 32 81 123 
8 36 81 123 
4 40 81 123 
44 81 123 
1 8 32 84 123 
9 32 84 123 
8 33 84 123 
1 40 84 123 
41 84 123 
8 32 85 123 
40 85 123 
1 4 32 87 123 
5 32 87 123 
4 33 87 123 
1 36 87 123 
37 87 123 
1 32 90 123 
33 90 123 
32 91 123 
1 4 8 16 94 123 
5 8 16 94 123 
4 9 16 94 123 
1 12 16 94 123 
13 16 94 123 
4 8 17 94 123 
12 17 94 123 
1 8 20 94 123 
9 20 94 123 
8 21 94 123 
1 4 24 94 123 
5 24 94 123 
4 25 94 123 
1 28 94 123 
29 94 123 
4 8 16 95 123 
12 16 95 123 
8 20 95 123 
4 24 95 123 
28 95 123 
1 8 16 98 123 
9 16 98 123 
8 17 98 123 
1 24 98 123 
25 98 123 
1 4 16 101 123 
5 16 101 123 
4 17 101 123 
1 20 101 123 
21 101 123 
4 16 102 123 
20 102 123 
1 16 104 123 
17 104 123 
16 105 123 
1 4 8 107 123 
5 8 107 123 
4 9 107 123 
1 12 107 123 
13 107 123 
4 8 108 123 
12 108 123 
1 8 111 123 
9 111 123 
8 112 123 
1 4 115 123 
5 115 123 
4 116 123 
1 118 123 
119 123 
4 8 16 32 64 124 
12 16 32 64 124 
8 20 32 64 124 
4 24 32 64 124 
28 32 64 124 
8 16 36 64 124 
24 36 64 124 
4 16 40 64 124 
20 40 64 124 
16 44 64 124 
4 8 48 64 124 
12 48 64 124 
8 52 64 124 
4 56 64 124 
60 64 124 
8 16 32 68 124 
24 32 68 124 
16 40 68 124 
8 48 68 124 
56 68 124 
4 16 32 72 124 
20 32 72 124 
16 36 72 124 
4 48 72 124 
52 72 124 
16 32 76 124 
48 76 124 
4 8 32 80 124 
12 32 80 124 
8 36 80 124 
4 40 80 124 
44 80 124 
8 32 84 124 
40 84 124 
4 32 87 124 
36 87 124 
32 90 124 
4 8 16 94 124 
12 16 94 124 
8 20 94 124 
4 24 94 124 
28 94 124 
8 16 98 124 
24 98 124 
4 16 101 124 
20 101 124 
16 104 124 
4 8 107 124 
12 107 124 
8 111 124 
4 115 124 
118 124 
1 2 8 16 32 64 125 
3 8 16 32 64 125 
2 9 16 32 64 125 
1 10 16 32 64 125 
11 16 32 64 125 
2 8 17 32 64 125 
10 17 32 64 125 
1 8 18 32 64 125 
9 18 32 64 125 
8 19 32 64 125 
1 2 24 32 64 125 
3 24 32 64 125 
2 25 32 64 125 
1 26 32 64 125 
27 32 64 125 
2 8 16 33 64 125 
10 16 33 64 125 
8 18 33 64 125 
2 24 33 64 125 
26 33 64 125 
1 8 16 34 64 125 
9 16 34 64 125 
8 17 34 64 125 
1 24 34 64 125 
25 34 64 125 
8 16 35 64 125 
24 35 64 125 
1 2 16 40 64 125 
3 16 40 64 125 
2 17 40 64 125 
1 18 40 64 125 
19 40 64 125 
2 16 41 64 125 
18 41 64 125 
1 16 42 64 125 
17 42 64 125 
16 43 64 125 
1 2 8 48 64 125 
3 8 48 64 125 
2 9 48 64 125 
1 10 48 64 125 
11 48 64 125 
2 8 49 64 125 
10 49 64 125 
1 8 50 64 125 
9 50 64 125 
8 51 64 125 
1 2 56 64 125 
3 56 64 125 
2 57 64 125 
1 58 64 125 
59 64 125 
2 8 16 32 65 125 
10 16 32 65 125 
8 18 32 65 125 
2 24 32 65 125 
26 32 65 125 
8 16 34 65 125 
24 34 65 125 
2 16 40 65 125 
18 40 65 125 
16 42 65 125 
2 8 48 65 125 
10 48 65 125 
8 50 65 125 
2 56 65 125 
58 65 125 
1 8 16 32 66 125 
9 16 32 66 125 
8 17 32 66 125 
1 24 32 66 125 
25 32 66 125 
8 16 33 66 125 
24 33 66 125 
1 16 40 66 125 
17 40 66 125 
16 41 66 125 
1 8 48 66 125 
9 48 66 125 
8 49 66 125 
1 56 66 125 
57 66 125 
8 16 32 67 125 
24 32 67 125 
16 40 67 125 
8 48 67 125 
56 67 125 
1 2 16 32 72 125 
3 16 32 72 125 
2 17 32 72 125 
1 18 32 72 125 
19 32 72 125 
2 16 33 72 125 
18 33 72 125 
1 16 34 72 125 
17 34 72 125 
16 35 72 125 
1 2 48 72 125 
3 48 72 125 
2 49 72 125 
1 50 72 125 
51 72 125 
2 16 32 73 125 
18 32 73 125 
16 34 73 125 
2 48 73 125 
50 73 125 
1 16 32 74 125 
17 32 74 125 
16 33 74 125 
1 48 74 125 
49 74 125 
16 32 75 125 
48 75 125 
1 2 8 32 80 125 
3 8 32 80 125 
2 9 32 80 125 
1 10 32 80 125 
11 32 80 125 
2 8 33 80 125 
10 33 80 125 
1 8 34 80 125 
9 34 80 125 
8 35 80 125 
1 2 40 80 125 
3 40 80 125 
2 41 80 125 
1 42 80 125 
43 80 125 
2 8 32 81 125 
10 32 81 125 
8 34 81 125 
2 40 81 125 
42 81 125 
1 8 32 82 125 
9 32 82 125 
8 33 82 125 
1 40 82 125 
41 82 125 
8 32 83 125 
40 83 125 
1 2 32 87 125 
3 32 87 125 
2 33 87 125 
1 34 87 125 
35 87 125 
1 32 88 125 
33 88 125 
32 89 125 
1 2 8 16 94 125 
3 8 16 94 125 
2 9 16 94 125 
1 10 16 94 125 
11 16 94 125 
2 8 17 94 125 
10 17 94 125 
1 8 18 94 125 
9 18 94 125 
8 19 94 125 
1 2 24 94 125 
3 24 94 125 
2 25 94 125 
1 26 94 125 
27 94 125 
2 8 16 95 125 
10 16 95 125 
8 18 95 125 
2 24 95 125 
26 95 125 
1 8 16 96 125 
9 16 96 125 
8 17 96 125 
1 24 96 125 
25 96 125 
8 16 97 125 
24 97 125 
1 2 16 101 125 
3 16 101 125 
2 17 101 125 
1 18 101 125 
19 101 125 
2 16 102 125 
18 102 125 
16 103 125 
1 2 8 107 125 
3 8 107 125 
2 9 107 125 
1 10 107 125 
11 107 125 
2 8 108 125 
10 108 125 
1 8 109 125 
9 109 125 
8 110 125 
1 2 115 125 
3 115 125 
2 116 125 
1 117 125 
2 8 16 32 64 126 
10 16 32 64 126 
8 18 32 64 126 
2 24 32 64 126 
26 32 64 126 
8 16 34 64 126 
24 34 64 126 
2 16 40 64 126 
18 40 64 126 
16 42 64 126 
2 8 48 64 126 
10 48 64 126 
8 50 64 126 
2 56 64 126 
58 64 126 
8 16 32 66 126 
24 32 66 126 
16 40 66 126 
8 48 66 126 
56 66 126 
2 16 32 72 126 
18 32 72 126 
16 34 72 126 
2 48 72 126 
50 72 126 
16 32 74 126 
48 74 126 
2 8 32 80 126 
10 32 80 126 
8 34 80 126 
2 40 80 126 
42 80 126 
8 32 82 126 
40 82 126 
2 32 87 126 
34 87 126 
32 88 126 
2 8 16 94 126 
10 16 94 126 
8 18 94 126 
2 24 94 126 
26 94 126 
8 16 96 126 
24 96 126 
2 16 101 126 
18 101 126 
2 8 107 126 
10 107 126 
8 109 126 
2 115 126 
117 126 
1 8 16 32 64 127 
9 16 32 64 127 
8 17 32 64 127 
1 24 32 64 127 
25 32 64 127 
8 16 33 64 127 
24 33 64 127 
1 16 40 64 127 
17 40 64 127 
16 41 64 127 
1 8 48 64 127 
9 48 64 127 
8 49 64 127 
1 56 64 127 
57 64 127 
8 16 32 65 127 
24 32 65 127 
16 40 65 127 
8 48 65 127 
56 65 127 
1 16 32 72 127 
17 32 72 127 
16 33 72 127 
1 48 72 127 
49 72 127 
16 32 73 127 
48 73 127 
1 8 32 80 127 
9 32 80 127 
8 33 80 127 
1 40 80 127 
41 80 127 
8 32 81 127 
40 81 127 
1 32 87 127 
33 87 127 
1 8 16 94 127 
9 16 94 127 
8 17 94 127 
1 24 94 127 
25 94 127 
8 16 95 127 
24 95 127 
1 16 101 127 
17 101 127 
16 102 127 
1 8 107 127 
9 107 127 
8 108 127 
1 115 127 
116 127 
8 16 32 64 128 
24 32 64 128 
16 40 64 128 
8 48 64 128 
56 64 128 
16 32 72 128 
48 72 128 
8 32 80 128 
40 80 128 
32 87 128 
8 16 94 128 
24 94 128 
16 101 128 
8 107 128 
115 128 
1 2 4 16 32 64 129 
3 4 16 32 64 129 
2 5 16 32 64 129 
1 6 16 32 64 129 
7 16 32 64 129 
2 4 17 32 64 129 
6 17 32 64 129 
1 4 18 32 64 129 
5 18 32 64 129 
4 19 32 64 129 
1 2 20 32 64 129 
3 20 32 64 129 
2 21 32 64 129 
1 22 32 64 129 
23 32 64 129 
2 4 16 33 64 129 
6 16 33 64 129 
4 18 33 64 129 
2 20 33 64 129 
22 33 64 129 
1 4 16 34 64 129 
5 16 34 64 129 
4 17 34 64 129 
1 20 34 64 129 
21 34 64 129 
4 16 35 64 129 
20 35 64 129 
1 2 16 36 64 129 
3 16 36 64 129 
2 17 36 64 129 
1 18 36 64 129 
19 36 64 129 
2 16 37 64 129 
18 37 64 129 
1 16 38 64 129 
17 38 64 129 
16 39 64 129 
1 2 4 48 64 129 
3 4 48 64 129 
2 5 48 64 129 
1 6 48 64 129 
7 48 64 129 
2 4 49 64 129 
6 49 64 129 
1 4 50 64 129 
5 50 64 129 
4 51 64 129 
1 2 52 64 129 
3 52 64 129 
2 53 64 129 
1 54 64 129 
55 64 129 
2 4 16 32 65 129 
6 16 32 65 129 
4 18 32 65 129 
2 20 32 65 129 
22 32 65 129 
4 16 34 65 129 
20 34 65 129 
2 16 36 65 129 
18 36 65 129 
16 38 65 129 
2 4 48 65 129 
6 48 65 129 
4 50 65 129 
2 52 65 129 
54 65 129 
1 4 16 32 66 129 
5 16 32 66 129 
4 17 32 66 129 
1 20 32 66 129 
21 32 66 129 
4 16 33 66 129 
20 33 66 129 
1 16 36 66 129 
17 36 66 129 
16 37 66 129 
1 4 48 66 129 
5 48 66 129 
4 49 66 129 
1 52 66 129 
53 66 129 
4 16 32 67 129 
20 32 67 129 
16 36 67 129 
4 48 67 129 
52 67 129 
1 2 16 32 68 129 
3 16 32 68 129 
2 17 32 68 129 
1 18 32 68 129 
19 32 68 129 
2 16 33 68 129 
18 33 68 129 
1 16 34 68 129 
17 34 68 129 
16 35 68 129 
1 2 48 68 129 
3 48 68 129 
2 49 68 129 
1 50 68 129 
51 68 129 
2 16 32 69 129 
18 32 69 129 
16 34 69 129 
2 48 69 129 
50 69 129 
1 16 32 70 129 
17 32 70 129 
16 33 70 129 
1 48 70 129 
49 70 129 
16 32 71 129 
48 71 129 
1 2 4 32 80 129 
3 4 32 80 129 
2 5 32 80 129 
1 6 32 80 129 
7 32 80 129 
2 4 33 80 129 
6 33 80 129 
1 4 34 80 129 
5 34 80 129 
4 35 80 129 
1 2 36 80 129 
3 36 80 129 
2 37 80 129 
1 38 80 129 
39 80 129 
2 4 32 81 129 
6 32 81 129 
4 34 81 129 
2 36 81 129 
38 81 129 
1 4 32 82 129 
5 32 82 129 
4 33 82 129 
1 36 82 129 
37 82 129 
4 32 83 129 
36 83 129 
1 2 32 84 129 
3 32 84 129 
2 33 84 129 
1 34 84 129 
35 84 129 
2 32 85 129 
34 85 129 
32 86 129 
1 2 4 16 94 129 
3 4 16 94 129 
2 5 16 94 129 
1 6 16 94 129 
7 16 94 129 
2 4 17 94 129 
6 17 94 129 
1 4 18 94 129 
5 18 94 129 
4 19 94 129 
1 2 20 94 129 
3 20 94 129 
2 21 94 129 
1 22 94 129 
23 94 129 
2 4 16 95 129 
6 16 95 129 
4 18 95 129 
2 20 95 129 
22 95 129 
1 4 16 96 129 
5 16 96 129 
4 17 96 129 
1 20 96 129 
21 96 129 
4 16 97 129 
20 97 129 
1 2 16 98 129 
3 16 98 129 
2 17 98 129 
1 18 98 129 
19 98 129 
1 16 99 129 
17 99 129 
16 100 129 
1 2 4 107 129 
3 4 107 129 
2 5 107 129 
1 6 107 129 
7 107 129 
2 4 108 129 
6 108 129 
1 4 109 129 
5 109 129 
4 110 129 
1 2 111 129 
3 111 129 
2 112 129 
1 113 129 
114 129 
2 4 16 32 64 130 
6 16 32 64 130 
4 18 32 64 130 
2 20 32 64 130 
22 32 64 130 
4 16 34 64 130 
20 34 64 130 
2 16 36 64 130 
18 36 64 130 
16 38 64 130 
2 4 48 64 130 
6 48 64 130 
4 50 64 130 
2 52 64 130 
54 64 130 
4 16 32 66 130 
20 32 66 130 
16 36 66 130 
4 48 66 130 
52 66 130 
2 16 32 68 130 
18 32 68 130 
16 34 68 130 
2 48 68 130 
50 68 130 
16 32 70 130 
48 70 130 
2 4 32 80 130 
6 32 80 130 
4 34 80 130 
2 36 80 130 
38 80 130 
4 32 82 130 
36 82 130 
2 32 84 130 
34 84 130 
2 4 16 94 130 
6 16 94 130 
4 18 94 130 
2 20 94 130 
22 94 130 
4 16 96 130 
20 96 130 
2 16 98 130 
18 98 130 
16 99 130 
2 4 107 130 
6 107 130 
4 109 130 
2 111 130 
113 130 
1 4 16 32 64 131 
5 16 32 64 131 
4 17 32 64 131 
1 20 32 64 131 
21 32 64 131 
4 16 33 64 131 
20 33 64 131 
1 16 36 64 131 
17 36 64 131 
16 37 64 131 
1 4 48 64 131 
5 48 64 131 
4 49 64 131 
1 52 64 131 
53 64 131 
4 16 32 65 131 
20 32 65 131 
16 36 65 131 
4 48 65 131 
52 65 131 
1 16 32 68 131 
17 32 68 131 
16 33 68 131 
1 48 68 131 
49 68 131 
16 32 69 131 
48 69 131 
1 4 32 80 131 
5 32 80 131 
4 33 80 131 
1 36 80 131 
37 80 131 
4 32 81 131 
36 81 131 
1 32 84 131 
33 84 131 
32 85 131 
1 4 16 94 131 
5 16 94 131 
4 17 94 131 
1 20 94 131 
21 94 131 
4 16 95 131 
20 95 131 
1 16 98 131 
17 98 131 
1 4 107 131 
5 107 131 
4 108 131 
1 111 131 
112 131 
4 16 32 64 132 
20 32 64 132 
16 36 64 132 
4 48 64 132 
52 64 132 
16 32 68 132 
48 68 132 
4 32 80 132 
36 80 132 
32 84 132 
4 16 94 132 
20 94 132 
16 98 132 
4 107 132 
111 132 
1 2 16 32 64 133 
3 16 32 64 133 
2 17 32 64 133 
1 18 32 64 133 
19 32 64 133 
2 16 33 64 133 
18 33 64 133 
1 16 34 64 133 
17 34 64 133 
16 35 64 133 
1 2 48 64 133 
3 48 64 133 
2 49 64 133 
1 50 64 133 
51 64 133 
2 16 32 65 133 
18 32 65 133 
16 34 65 133 
2 48 65 133 
50 65 133 
1 16 32 66 133 
17 32 66 133 
16 33 66 133 
1 48 66 133 
49 66 133 
16 32 67 133 
48 67 133 
1 2 32 80 133 
3 32 80 133 
2 33 80 133 
1 34 80 133 
35 80 133 
2 32 81 133 
34 81 133 
1 32 82 133 
33 82 133 
32 83 133 
1 2 16 94 133 
3 16 94 133 
2 17 94 133 
1 18 94 133 
19 94 133 
2 16 95 133 
18 95 133 
1 16 96 133 
17 96 133 
16 97 133 
1 2 107 133 
3 107 133 
2 108 133 
1 109 133 
110 133 
2 16 32 64 134 
18 32 64 134 
16 34 64 134 
2 48 64 134 
50 64 134 
16 32 66 134 
48 66 134 
2 32 80 134 
34 80 134 
32 82 134 
2 16 94 134 
18 94 134 
16 96 134 
2 107 134 
109 134 
1 16 32 64 135 
17 32 64 135 
16 33 64 135 
1 48 64 135 
49 64 135 
16 32 65 135 
48 65 135 
1 32 80 135 
33 80 135 
32 81 135 
1 16 94 135 
17 94 135 
16 95 135 
1 107 135 
108 135 
16 32 64 136 
48 64 136 
32 80 136 
16 94 136 
107 136 
1 2 4 8 32 64 137 
3 4 8 32 64 137 
2 5 8 32 64 137 
1 6 8 32 64 137 
7 8 32 64 137 
2 4 9 32 64 137 
6 9 32 64 137 
1 4 10 32 64 137 
5 10 32 64 137 
4 11 32 64 137 
1 2 12 32 64 137 
3 12 32 64 137 
2 13 32 64 137 
1 14 32 64 137 
15 32 64 137 
2 4 8 33 64 137 
6 8 33 64 137 
4 10 33 64 137 
2 12 33 64 137 
14 33 64 137 
1 4 8 34 64 137 
5 8 34 64 137 
4 9 34 64 137 
1 12 34 64 137 
13 34 64 137 
4 8 35 64 137 
12 35 64 137 
1 2 8 36 64 137 
3 8 36 64 137 
2 9 36 64 137 
1 10 36 64 137 
11 36 64 137 
2 8 37 64 137 
10 37 64 137 
1 8 38 64 137 
9 38 64 137 
8 39 64 137 
1 2 4 40 64 137 
3 4 40 64 137 
2 5 40 64 137 
1 6 40 64 137 
7 40 64 137 
2 4 41 64 137 
6 41 64 137 
1 4 42 64 137 
5 42 64 137 
4 43 64 137 
1 2 44 64 137 
3 44 64 137 
2 45 64 137 
1 46 64 137 
47 64 137 
2 4 8 32 65 137 
6 8 32 65 137 
4 10 32 65 137 
2 12 32 65 137 
14 32 65 137 
4 8 34 65 137 
12 34 65 137 
2 8 36 65 137 
10 36 65 137 
8 38 65 137 
2 4 40 65 137 
6 40 65 137 
4 42 65 137 
2 44 65 137 
46 65 137 
1 4 8 32 66 137 
5 8 32 66 137 
4 9 32 66 137 
1 12 32 66 137 
13 32 66 137 
4 8 33 66 137 
12 33 66 137 
1 8 36 66 137 
9 36 66 137 
8 37 66 137 
1 4 40 66 137 
5 40 66 137 
4 41 66 137 
1 44 66 137 
45 66 137 
4 8 32 67 137 
12 32 67 137 
8 36 67 137 
4 40 67 137 
44 67 137 
1 2 8 32 68 137 
3 8 32 68 137 
2 9 32 68 137 
1 10 32 68 137 
11 32 68 137 
2 8 33 68 137 
10 33 68 137 
1 8 34 68 137 
9 34 68 137 
8 35 68 137 
1 2 40 68 137 
3 40 68 137 
2 41 68 137 
1 42 68 137 
43 68 137 
2 8 32 69 137 
10 32 69 137 
8 34 69 137 
2 40 69 137 
42 69 137 
1 8 32 70 137 
9 32 70 137 
8 33 70 137 
1 40 70 137 
41 70 137 
8 32 71 137 
40 71 137 
1 2 4 32 72 137 
3 4 32 72 137 
2 5 32 72 137 
1 6 32 72 137 
7 32 72 137 
2 4 33 72 137 
6 33 72 137 
1 4 34 72 137 
5 34 72 137 
4 35 72 137 
1 2 36 72 137 
3 36 72 137 
2 37 72 137 
1 38 72 137 
39 72 137 
2 4 32 73 137 
6 32 73 137 
4 34 73 137 
2 36 73 137 
38 73 137 
1 4 32 74 137 
5 32 74 137 
4 33 74 137 
1 36 74 137 
37 74 137 
4 32 75 137 
36 75 137 
1 2 32 76 137 
3 32 76 137 
2 33 76 137 
1 34 76 137 
35 76 137 
2 32 77 137 
34 77 137 
1 32 78 137 
33 78 137 
32 79 137 
1 2 4 8 94 137 
3 4 8 94 137 
2 5 8 94 137 
1 6 8 94 137 
7 8 94 137 
2 4 9 94 137 
6 9 94 137 
1 4 10 94 137 
5 10 94 137 
4 11 94 137 
1 2 12 94 137 
3 12 94 137 
2 13 94 137 
1 14 94 137 
15 94 137 
2 4 8 95 137 
6 8 95 137 
4 10 95 137 
2 12 95 137 
14 95 137 
1 4 8 96 137 
5 8 96 137 
4 9 96 137 
1 12 96 137 
13 96 137 
4 8 97 137 
12 97 137 
1 2 8 98 137 
3 8 98 137 
2 9 98 137 
1 10 98 137 
11 98 137 
1 8 99 137 
9 99 137 
8 100 137 
1 2 4 101 137 
3 4 101 137 
2 5 101 137 
1 6 101 137 
7 101 137 
2 4 102 137 
6 102 137 
4 103 137 
1 2 104 137 
3 104 137 
2 105 137 
1 106 137 
2 4 8 32 64 138 
6 8 32 64 138 
4 10 32 64 138 
2 12 32 64 138 
14 32 64 138 
4 8 34 64 138 
12 34 64 138 
2 8 36 64 138 
10 36 64 138 
8 38 64 138 
2 4 40 64 138 
6 40 64 138 
4 42 64 138 
2 44 64 138 
46 64 138 
4 8 32 66 138 
12 32 66 138 
8 36 66 138 
4 40 66 138 
44 66 138 
2 8 32 68 138 
10 32 68 138 
8 34 68 138 
2 40 68 138 
42 68 138 
8 32 70 138 
40 70 138 
2 4 32 72 138 
6 32 72 138 
4 34 72 138 
2 36 72 138 
38 72 138 
4 32 74 138 
36 74 138 
2 32 76 138 
34 76 138 
32 78 138 
2 4 8 94 138 
6 8 94 138 
4 10 94 138 
2 12 94 138 
14 94 138 
4 8 96 138 
12 96 138 
2 8 98 138 
10 98 138 
8 99 138 
2 4 101 138 
6 101 138 
2 104 138 
106 138 
1 4 8 32 64 139 
5 8 32 64 139 
4 9 32 64 139 
1 12 32 64 139 
13 32 64 139 
4 8 33 64 139 
12 33 64 139 
1 8 36 64 139 
9 36 64 139 
8 37 64 139 
1 4 40 64 139 
5 40 64 139 
4 41 64 139 
1 44 64 139 
45 64 139 
4 8 32 65 139 
12 32 65 139 
8 36 65 139 
4 40 65 139 
44 65 139 
1 8 32 68 139 
9 32 68 139 
8 33 68 139 
1 40 68 139 
41 68 139 
8 32 69 139 
40 69 139 
1 4 32 72 139 
5 32 72 139 
4 33 72 139 
1 36 72 139 
37 72 139 
4 32 73 139 
36 73 139 
1 32 76 139 
33 76 139 
32 77 139 
1 4 8 94 139 
5 8 94 139 
4 9 94 139 
1 12 94 139 
13 94 139 
4 8 95 139 
12 95 139 
1 8 98 139 
9 98 139 
1 4 101 139 
5 101 139 
4 102 139 
1 104 139 
105 139 
4 8 32 64 140 
12 32 64 140 
8 36 64 140 
4 40 64 140 
44 64 140 
8 32 68 140 
40 68 140 
4 32 72 140 
36 72 140 
32 76 140 
4 8 94 140 
12 94 140 
8 98 140 
4 101 140 
104 140 
1 2 8 32 64 141 
3 8 32 64 141 
2 9 32 64 141 
1 10 32 64 141 
11 32 64 141 
2 8 33 64 141 
10 33 64 141 
1 8 34 64 141 
9 34 64 141 
8 35 64 141 
1 2 40 64 141 
3 40 64 141 
2 41 64 141 
1 42 64 141 
43 64 141 
2 8 32 65 141 
10 32 65 141 
8 34 65 141 
2 40 65 141 
42 65 141 
1 8 32 66 141 
9 32 66 141 
8 33 66 141 
1 40 66 141 
41 66 141 
8 32 67 141 
40 67 141 
1 2 32 72 141 
3 32 72 141 
2 33 72 141 
1 34 72 141 
35 72 141 
2 32 73 141 
34 73 141 
1 32 74 141 
33 74 141 
32 75 141 
1 2 8 94 141 
3 8 94 141 
2 9 94 141 
1 10 94 141 
11 94 141 
2 8 95 141 
10 95 141 
1 8 96 141 
9 96 141 
8 97 141 
1 2 101 141 
3 101 141 
2 102 141 
103 141 
1 8 32 64 142 
9 32 64 142 
8 33 64 142 
1 40 64 142 
41 64 142 
8 32 65 142 
40 65 142 
1 32 72 142 
33 72 142 
32 73 142 
1 8 94 142 
9 94 142 
8 95 142 
1 101 142 
102 142 
8 32 64 143 
40 64 143 
32 72 143 
8 94 143 
101 143 
1 2 4 32 64 144 
3 4 32 64 144 
2 5 32 64 144 
1 6 32 64 144 
7 32 64 144 
2 4 33 64 144 
6 33 64 144 
1 4 34 64 144 
5 34 64 144 
4 35 64 144 
1 2 36 64 144 
3 36 64 144 
2 37 64 144 
1 38 64 144 
39 64 144 
2 4 32 65 144 
6 32 65 144 
4 34 65 144 
2 36 65 144 
38 65 144 
1 4 32 66 144 
5 32 66 144 
4 33 66 144 
1 36 66 144 
37 66 144 
4 32 67 144 
36 67 144 
1 2 32 68 144 
3 32 68 144 
2 33 68 144 
1 34 68 144 
35 68 144 
2 32 69 144 
34 69 144 
1 32 70 144 
33 70 144 
32 71 144 
1 2 4 94 144 
3 4 94 144 
2 5 94 144 
1 6 94 144 
7 94 144 
2 4 95 144 
6 95 144 
1 4 96 144 
5 96 144 
4 97 144 
1 2 98 144 
3 98 144 
1 99 144 
100 144 
2 4 32 64 145 
6 32 64 145 
4 34 64 145 
2 36 64 145 
38 64 145 
4 32 66 145 
36 66 145 
2 32 68 145 
34 68 145 
32 70 145 
2 4 94 145 
6 94 145 
4 96 145 
2 98 145 
99 145 
4 32 64 146 
36 64 146 
32 68 146 
4 94 146 
98 146 
1 2 32 64 147 
3 32 64 147 
2 33 64 147 
1 34 64 147 
35 64 147 
2 32 65 147 
34 65 147 
1 32 66 147 
33 66 147 
32 67 147 
1 2 94 147 
3 94 147 
2 95 147 
1 96 147 
97 147 
2 32 64 148 
34 64 148 
32 66 148 
2 94 148 
96 148 
1 32 64 149 
33 64 149 
32 65 149 
1 94 149 
95 149 
1 2 4 8 16 64 150 
3 4 8 16 64 150 
2 5 8 16 64 150 
1 6 8 16 64 150 
7 8 16 64 150 
2 4 9 16 64 150 
6 9 16 64 150 
1 4 10 16 64 150 
5 10 16 64 150 
4 11 16 64 150 
1 2 12 16 64 150 
3 12 16 64 150 
2 13 16 64 150 
1 14 16 64 150 
15 16 64 150 
2 4 8 17 64 150 
6 8 17 64 150 
4 10 17 64 150 
2 12 17 64 150 
14 17 64 150 
1 4 8 18 64 150 
5 8 18 64 150 
4 9 18 64 150 
1 12 18 64 150 
13 18 64 150 
4 8 19 64 150 
12 19 64 150 
1 2 8 20 64 150 
3 8 20 64 150 
2 9 20 64 150 
1 10 20 64 150 
11 20 64 150 
2 8 21 64 150 
10 21 64 150 
1 8 22 64 150 
9 22 64 150 
8 23 64 150 
1 2 4 24 64 150 
3 4 24 64 150 
2 5 24 64 150 
1 6 24 64 150 
7 24 64 150 
2 4 25 64 150 
6 25 64 150 
1 4 26 64 150 
5 26 64 150 
4 27 64 150 
1 2 28 64 150 
3 28 64 150 
2 29 64 150 
1 30 64 150 
31 64 150 
2 4 8 16 65 150 
6 8 16 65 150 
4 10 16 65 150 
2 12 16 65 150 
14 16 65 150 
4 8 18 65 150 
12 18 65 150 
2 8 20 65 150 
10 20 65 150 
8 22 65 150 
2 4 24 65 150 
6 24 65 150 
4 26 65 150 
2 28 65 150 
30 65 150 
1 4 8 16 66 150 
5 8 16 66 150 
4 9 16 66 150 
1 12 16 66 150 
13 16 66 150 
4 8 17 66 150 
12 17 66 150 
1 8 20 66 150 
9 20 66 150 
8 21 66 150 
1 4 24 66 150 
5 24 66 150 
4 25 66 150 
1 28 66 150 
29 66 150 
4 8 16 67 150 
12 16 67 150 
8 20 67 150 
4 24 67 150 
28 67 150 
1 2 8 16 68 150 
3 8 16 68 150 
2 9 16 68 150 
1 10 16 68 150 
11 16 68 150 
2 8 17 68 150 
10 17 68 150 
1 8 18 68 150 
9 18 68 150 
8 19 68 150 
1 2 24 68 150 
3 24 68 150 
2 25 68 150 
1 26 68 150 
27 68 150 
2 8 16 69 150 
10 16 69 150 
8 18 69 150 
2 24 69 150 
26 69 150 
1 8 16 70 150 
9 16 70 150 
8 17 70 150 
1 24 70 150 
25 70 150 
8 16 71 150 
24 71 150 
1 2 4 16 72 150 
3 4 16 72 150 
2 5 16 72 150 
1 6 16 72 150 
7 16 72 150 
2 4 17 72 150 
6 17 72 150 
1 4 18 72 150 
5 18 72 150 
4 19 72 150 
1 2 20 72 150 
3 20 72 150 
2 21 72 150 
1 22 72 150 
23 72 150 
2 4 16 73 150 
6 16 73 150 
4 18 73 150 
2 20 73 150 
22 73 150 
1 4 16 74 150 
5 16 74 150 
4 17 74 150 
1 20 74 150 
21 74 150 
4 16 75 150 
20 75 150 
1 2 16 76 150 
3 16 76 150 
2 17 76 150 
1 18 76 150 
19 76 150 
2 16 77 150 
18 77 150 
1 16 78 150 
17 78 150 
16 79 150 
1 2 4 8 80 150 
3 4 8 80 150 
2 5 8 80 150 
1 6 8 80 150 
7 8 80 150 
2 4 9 80 150 
6 9 80 150 
1 4 10 80 150 
5 10 80 150 
4 11 80 150 
1 2 12 80 150 
3 12 80 150 
2 13 80 150 
1 14 80 150 
15 80 150 
2 4 8 81 150 
6 8 81 150 
4 10 81 150 
2 12 81 150 
14 81 150 
1 4 8 82 150 
5 8 82 150 
4 9 82 150 
1 12 82 150 
13 82 150 
4 8 83 150 
12 83 150 
1 2 8 84 150 
3 8 84 150 
2 9 84 150 
1 10 84 150 
11 84 150 
2 8 85 150 
10 85 150 
8 86 150 
1 2 4 87 150 
3 4 87 150 
2 5 87 150 
1 6 87 150 
7 87 150 
1 4 88 150 
5 88 150 
4 89 150 
1 2 90 150 
3 90 150 
2 91 150 
1 92 150 
93 150 
2 4 8 16 64 151 
6 8 16 64 151 
4 10 16 64 151 
2 12 16 64 151 
14 16 64 151 
4 8 18 64 151 
12 18 64 151 
2 8 20 64 151 
10 20 64 151 
8 22 64 151 
2 4 24 64 151 
6 24 64 151 
4 26 64 151 
2 28 64 151 
30 64 151 
4 8 16 66 151 
12 16 66 151 
8 20 66 151 
4 24 66 151 
28 66 151 
2 8 16 68 151 
10 16 68 151 
8 18 68 151 
2 24 68 151 
26 68 151 
8 16 70 151 
24 70 151 
2 4 16 72 151 
6 16 72 151 
4 18 72 151 
2 20 72 151 
22 72 151 
4 16 74 151 
20 74 151 
2 16 76 151 
18 76 151 
16 78 151 
2 4 8 80 151 
6 8 80 151 
4 10 80 151 
2 12 80 151 
14 80 151 
4 8 82 151 
12 82 151 
2 8 84 151 
10 84 151 
2 4 87 151 
6 87 151 
4 88 151 
2 90 151 
92 151 
1 4 8 16 64 152 
5 8 16 64 152 
4 9 16 64 152 
1 12 16 64 152 
13 16 64 152 
4 8 17 64 152 
12 17 64 152 
1 8 20 64 152 
9 20 64 152 
8 21 64 152 
1 4 24 64 152 
5 24 64 152 
4 25 64 152 
1 28 64 152 
29 64 152 
4 8 16 65 152 
12 16 65 152 
8 20 65 152 
4 24 65 152 
28 65 152 
1 8 16 68 152 
9 16 68 152 
8 17 68 152 
1 24 68 152 
25 68 152 
8 16 69 152 
24 69 152 
1 4 16 72 152 
5 16 72 152 
4 17 72 152 
1 20 72 152 
21 72 152 
4 16 73 152 
20 73 152 
1 16 76 152 
17 76 152 
16 77 152 
1 4 8 80 152 
5 8 80 152 
4 9 80 152 
1 12 80 152 
13 80 152 
4 8 81 152 
12 81 152 
1 8 84 152 
9 84 152 
8 85 152 
1 4 87 152 
5 87 152 
1 90 152 
91 152 
4 8 16 64 153 
12 16 64 153 
8 20 64 153 
4 24 64 153 
28 64 153 
8 16 68 153 
24 68 153 
4 16 72 153 
20 72 153 
16 76 153 
4 8 80 153 
12 80 153 
8 84 153 
4 87 153 
90 153 
1 2 8 16 64 154 
3 8 16 64 154 
2 9 16 64 154 
1 10 16 64 154 
11 16 64 154 
2 8 17 64 154 
10 17 64 154 
1 8 18 64 154 
9 18 64 154 
8 19 64 154 
1 2 24 64 154 
3 24 64 154 
2 25 64 154 
1 26 64 154 
27 64 154 
2 8 16 65 154 
10 16 65 154 
8 18 65 154 
2 24 65 154 
26 65 154 
1 8 16 66 154 
9 16 66 154 
8 17 66 154 
1 24 66 154 
25 66 154 
8 16 67 154 
24 67 154 
1 2 16 72 154 
3 16 72 154 
2 17 72 154 
1 18 72 154 
19 72 154 
2 16 73 154 
18 73 154 
1 16 74 154 
17 74 154 
16 75 154 
1 2 8 80 154 
3 8 80 154 
2 9 80 154 
1 10 80 154 
11 80 154 
2 8 81 154 
10 81 154 
1 8 82 154 
9 82 154 
8 83 154 
1 2 87 154 
3 87 154 
1 88 154 
89 154 
2 8 16 64 155 
10 16 64 155 
8 18 64 155 
2 24 64 155 
26 64 155 
8 16 66 155 
24 66 155 
2 16 72 155 
18 72 155 
16 74 155 
2 8 80 155 
10 80 155 
8 82 155 
2 87 155 
88 155 
8 16 64 156 
24 64 156 
16 72 156 
8 80 156 
87 156 
1 2 4 16 64 157 
3 4 16 64 157 
2 5 16 64 157 
1 6 16 64 157 
7 16 64 157 
2 4 17 64 157 
6 17 64 157 
1 4 18 64 157 
5 18 64 157 
4 19 64 157 
1 2 20 64 157 
3 20 64 157 
2 21 64 157 
1 22 64 157 
23 64 157 
2 4 16 65 157 
6 16 65 157 
4 18 65 157 
2 20 65 157 
22 65 157 
1 4 16 66 157 
5 16 66 157 
4 17 66 157 
1 20 66 157 
21 66 157 
4 16 67 157 
20 67 157 
1 2 16 68 157 
3 16 68 157 
2 17 68 157 
1 18 68 157 
19 68 157 
2 16 69 157 
18 69 157 
1 16 70 157 
17 70 157 
16 71 157 
1 2 4 80 157 
3 4 80 157 
2 5 80 157 
1 6 80 157 
7 80 157 
2 4 81 157 
6 81 157 
1 4 82 157 
5 82 157 
4 83 157 
1 2 84 157 
3 84 157 
2 85 157 
86 157 
1 4 16 64 158 
5 16 64 158 
4 17 64 158 
1 20 64 158 
21 64 158 
4 16 65 158 
20 65 158 
1 16 68 158 
17 68 158 
16 69 158 
1 4 80 158 
5 80 158 
4 81 158 
1 84 158 
85 158 
4 16 64 159 
20 64 159 
16 68 159 
4 80 159 
84 159 
1 2 16 64 160 
3 16 64 160 
2 17 64 160 
1 18 64 160 
19 64 160 
2 16 65 160 
18 65 160 
1 16 66 160 
17 66 160 
16 67 160 
1 2 80 160 
3 80 160 
2 81 160 
1 82 160 
83 160 
2 16 64 161 
18 64 161 
16 66 161 
2 80 161 
82 161 
1 16 64 162 
17 64 162 
16 65 162 
1 80 162 
81 162 
16 64 163 
80 163 
1 2 4 8 64 164 
3 4 8 64 164 
2 5 8 64 164 
1 6 8 64 164 
7 8 64 164 
2 4 9 64 164 
6 9 64 164 
1 4 10 64 164 
5 10 64 164 
4 11 64 164 
1 2 12 64 164 
3 12 64 164 
2 13 64 164 
1 14 64 164 
15 64 164 
2 4 8 65 164 
6 8 65 164 
4 10 65 164 
2 12 65 164 
14 65 164 
1 4 8 66 164 
5 8 66 164 
4 9 66 164 
1 12 66 164 
13 66 164 
4 8 67 164 
12 67 164 
1 2 8 68 164 
3 8 68 164 
2 9 68 164 
1 10 68 164 
11 68 164 
2 8 69 164 
10 69 164 
1 8 70 164 
9 70 164 
8 71 164 
1 2 4 72 164 
3 4 72 164 
2 5 72 164 
1 6 72 164 
7 72 164 
2 4 73 164 
6 73 164 
1 4 74 164 
5 74 164 
4 75 164 
1 2 76 164 
3 76 164 
2 77 164 
1 78 164 
79 164 
2 4 8 64 165 
6 8 64 165 
4 10 64 165 
2 12 64 165 
14 64 165 
4 8 66 165 
12 66 165 
2 8 68 165 
10 68 165 
8 70 165 
2 4 72 165 
6 72 165 
4 74 165 
2 76 165 
78 165 
1 4 8 64 166 
5 8 64 166 
4 9 64 166 
1 12 64 166 
13 64 166 
4 8 65 166 
12 65 166 
1 8 68 166 
9 68 166 
8 69 166 
1 4 72 166 
5 72 166 
4 73 166 
1 76 166 
77 166 
4 8 64 167 
12 64 167 
8 68 167 
4 72 167 
76 167 
1 2 8 64 168 
3 8 64 168 
2 9 64 168 
1 10 64 168 
11 64 168 
2 8 65 168 
10 65 168 
1 8 66 168 
9 66 168 
8 67 168 
1 2 72 168 
3 72 168 
2 73 168 
1 74 168 
75 168 
2 8 64 169 
10 64 169 
8 66 169 
2 72 169 
74 169 
1 8 64 170 
9 64 170 
8 65 170 
1 72 170 
73 170 
1 2 4 64 171 
3 4 64 171 
2 5 64 171 
1 6 64 171 
7 64 171 
2 4 65 171 
6 65 171 
1 4 66 171 
5 66 171 
4 67 171 
1 2 68 171 
3 68 171 
2 69 171 
1 70 171 
71 171 
2 4 64 172 
6 64 172 
4 66 172 
2 68 172 
70 172 
1 4 64 173 
5 64 173 
4 65 173 
1 68 173 
69 173 
4 64 174 
68 174 
1 2 64 175 
3 64 175 
2 65 175 
1 66 175 
67 175 
1 64 176 
65 176 
64 177 
1 2 4 8 16 32 178 
3 4 8 16 32 178 
2 5 8 16 32 178 
1 6 8 16 32 178 
7 8 16 32 178 
2 4 9 16 32 178 
6 9 16 32 178 
1 4 10 16 32 178 
5 10 16 32 178 
4 11 16 32 178 
1 2 12 16 32 178 
3 12 16 32 178 
2 13 16 32 178 
1 14 16 32 178 
15 16 32 178 
2 4 8 17 32 178 
6 8 17 32 178 
4 10 17 32 178 
2 12 17 32 178 
14 17 32 178 
1 4 8 18 32 178 
5 8 18 32 178 
4 9 18 32 178 
1 12 18 32 178 
13 18 32 178 
4 8 19 32 178 
12 19 32 178 
1 2 8 20 32 178 
3 8 20 32 178 
2 9 20 32 178 
1 10 20 32 178 
11 20 32 178 
2 8 21 32 178 
10 21 32 178 
1 8 22 32 178 
9 22 32 178 
8 23 32 178 
1 2 4 24 32 178 
3 4 24 32 178 
2 5 24 32 178 
1 6 24 32 178 
7 24 32 178 
2 4 25 32 178 
6 25 32 178 
1 4 26 32 178 
5 26 32 178 
4 27 32 178 
1 2 28 32 178 
3 28 32 178 
2 29 32 178 
1 30 32 178 
31 32 178 
2 4 8 16 33 178 
6 8 16 33 178 
4 10 16 33 178 
2 12 16 33 178 
14 16 33 178 
4 8 18 33 178 
12 18 33 178 
2 8 20 33 178 
10 20 33 178 
8 22 33 178 
2 4 24 33 178 
6 24 33 178 
4 26 33 178 
2 28 33 178 
30 33 178 
1 4 8 16 34 178 
5 8 16 34 178 
4 9 16 34 178 
1 12 16 34 178 
13 16 34 178 
4 8 17 34 178 
12 17 34 178 
1 8 20 34 178 
9 20 34 178 
8 21 34 178 
1 4 24 34 178 
5 24 34 178 
4 25 34 178 
1 28 34 178 
29 34 178 
4 8 16 35 178 
12 16 35 178 
8 20 35 178 
4 24 35 178 
28 35 178 
1 2 8 16 36 178 
3 8 16 36 178 
2 9 16 36 178 
1 10 16 36 178 
11 16 36 178 
2 8 17 36 178 
10 17 36 178 
1 8 18 36 178 
9 18 36 178 
8 19 36 178 
1 2 24 36 178 
3 24 36 178 
2 25 36 178 
1 26 36 178 
27 36 178 
2 8 16 37 178 
10 16 37 178 
8 18 37 178 
2 24 37 178 
26 37 178 
1 8 16 38 178 
9 16 38 178 
8 17 38 178 
1 24 38 178 
25 38 178 
8 16 39 178 
24 39 178 
1 2 4 16 40 178 
3 4 16 40 178 
2 5 16 40 178 
1 6 16 40 178 
7 16 40 178 
2 4 17 40 178 
6 17 40 178 
1 4 18 40 178 
5 18 40 178 
4 19 40 178 
1 2 20 40 178 
3 20 40 178 
2 21 40 178 
1 22 40 178 
23 40 178 
2 4 16 41 178 
6 16 41 178 
4 18 41 178 
2 20 41 178 
22 41 178 
1 4 16 42 178 
5 16 42 178 
4 17 42 178 
1 20 42 178 
21 42 178 
4 16 43 178 
20 43 178 
1 2 16 44 178 
3 16 44 178 
2 17 44 178 
1 18 44 178 
19 44 178 
2 16 45 178 
18 45 178 
1 16 46 178 
17 46 178 
16 47 178 
1 2 4 8 48 178 
3 4 8 48 178 
2 5 8 48 178 
1 6 8 48 178 
7 8 48 178 
2 4 9 48 178 
6 9 48 178 
1 4 10 48 178 
5 10 48 178 
4 11 48 178 
1 2 12 48 178 
3 12 48 178 
2 13 48 178 
1 14 48 178 
15 48 178 
2 4 8 49 178 
6 8 49 178 
4 10 49 178 
2 12 49 178 
14 49 178 
1 4 8 50 178 
5 8 50 178 
4 9 50 178 
1 12 50 178 
13 50 178 
4 8 51 178 
12 51 178 
1 2 8 52 178 
3 8 52 178 
2 9 52 178 
1 10 52 178 
11 52 178 
2 8 53 178 
10 53 178 
1 8 54 178 
9 54 178 
8 55 178 
1 2 4 56 178 
3 4 56 178 
2 5 56 178 
1 6 56 178 
7 56 178 
2 4 57 178 
6 57 178 
1 4 58 178 
5 58 178 
4 59 178 
1 2 60 178 
3 60 178 
2 61 178 
1 62 178 
63 178 
2 4 8 16 32 179 
6 8 16 32 179 
4 10 16 32 179 
2 12 16 32 179 
14 16 32 179 
4 8 18 32 179 
12 18 32 179 
2 8 20 32 179 
10 20 32 179 
8 22 32 179 
2 4 24 32 179 
6 24 32 179 
4 26 32 179 
2 28 32 179 
30 32 179 
4 8 16 34 179 
12 16 34 179 
8 20 34 179 
4 24 34 179 
28 34 179 
2 8 16 36 179 
10 16 36 179 
8 18 36 179 
2 24 36 179 
26 36 179 
8 16 38 179 
24 38 179 
2 4 16 40 179 
6 16 40 179 
4 18 40 179 
2 20 40 179 
22 40 179 
4 16 42 179 
20 42 179 
2 16 44 179 
18 44 179 
16 46 179 
2 4 8 48 179 
6 8 48 179 
4 10 48 179 
2 12 48 179 
14 48 179 
4 8 50 179 
12 50 179 
2 8 52 179 
10 52 179 
8 54 179 
2 4 56 179 
6 56 179 
4 58 179 
2 60 179 
62 179 
1 4 8 16 32 180 
5 8 16 32 180 
4 9 16 32 180 
1 12 16 32 180 
13 16 32 180 
4 8 17 32 180 
12 17 32 180 
1 8 20 32 180 
9 20 32 180 
8 21 32 180 
1 4 24 32 180 
5 24 32 180 
4 25 32 180 
1 28 32 180 
29 32 180 
4 8 16 33 180 
12 16 33 180 
8 20 33 180 
4 24 33 180 
28 33 180 
1 8 16 36 180 
9 16 36 180 
8 17 36 180 
1 24 36 180 
25 36 180 
8 16 37 180 
24 37 180 
1 4 16 40 180 
5 16 40 180 
4 17 40 180 
1 20 40 180 
21 40 180 
4 16 41 180 
20 41 180 
1 16 44 180 
17 44 180 
16 45 180 
1 4 8 48 180 
5 8 48 180 
4 9 48 180 
1 12 48 180 
13 48 180 
4 8 49 180 
12 49 180 
1 8 52 180 
9 52 180 
8 53 180 
1 4 56 180 
5 56 180 
4 57 180 
1 60 180 
61 180 
4 8 16 32 181 
12 16 32 181 
8 20 32 181 
4 24 32 181 
28 32 181 
8 16 36 181 
24 36 181 
4 16 40 181 
20 40 181 
16 44 181 
4 8 48 181 
12 48 181 
8 52 181 
4 56 181 
60 181 
1 2 8 16 32 182 
3 8 16 32 182 
2 9 16 32 182 
1 10 16 32 182 
11 16 32 182 
2 8 17 32 182 
10 17 32 182 
1 8 18 32 182 
9 18 32 182 
8 19 32 182 
1 2 24 32 182 
3 24 32 182 
2 25 32 182 
1 26 32 182 
27 32 182 
2 8 16 33 182 
10 16 33 182 
8 18 33 182 
2 24 33 182 
26 33 182 
1 8 16 34 182 
9 16 34 182 
8 17 34 182 
1 24 34 182 
25 34 182 
8 16 35 182 
24 35 182 
1 2 16 40 182 
3 16 40 182 
2 17 40 182 
1 18 40 182 
19 40 182 
2 16 41 182 
18 41 182 
1 16 42 182 
17 42 182 
16 43 182 
1 2 8 48 182 
3 8 48 182 
2 9 48 182 
1 10 48 182 
11 48 182 
2 8 49 182 
10 49 182 
1 8 50 182 
9 50 182 
8 51 182 
1 2 56 182 
3 56 182 
2 57 182 
1 58 182 
59 182 
2 8 16 32 183 
10 16 32 183 
8 18 32 183 
2 24 32 183 
26 32 183 
8 16 34 183 
24 34 183 
2 16 40 183 
18 40 183 
16 42 183 
2 8 48 183 
10 48 183 
8 50 183 
2 56 183 
58 183 
1 8 16 32 184 
9 16 32 184 
8 17 32 184 
1 24 32 184 
25 32 184 
8 16 33 184 
24 33 184 
1 16 40 184 
17 40 184 
16 41 184 
1 8 48 184 
9 48 184 
8 49 184 
1 56 184 
57 184 
8 16 32 185 
24 32 185 
16 40 185 
8 48 185 
56 185 
1 2 4 16 32 186 
3 4 16 32 186 
2 5 16 32 186 
1 6 16 32 186 
7 16 32 186 
2 4 17 32 186 
6 17 32 186 
1 4 18 32 186 
5 18 32 186 
4 19 32 186 
1 2 20 32 186 
3 20 32 186 
2 21 32 186 
1 22 32 186 
23 32 186 
2 4 16 33 186 
6 16 33 186 
4 18 33 186 
2 20 33 186 
22 33 186 
1 4 16 34 186 
5 16 34 186 
4 17 34 186 
1 20 34 186 
21 34 186 
4 16 35 186 
20 35 186 
1 2 16 36 186 
3 16 36 186 
2 17 36 186 
1 18 36 186 
19 36 186 
2 16 37 186 
18 37 186 
1 16 38 186 
17 38 186 
16 39 186 
1 2 4 48 186 
3 4 48 186 
2 5 48 186 
1 6 48 186 
7 48 186 
2 4 49 186 
6 49 186 
1 4 50 186 
5 50 186 
4 51 186 
1 2 52 186 
3 52 186 
2 53 186 
1 54 186 
55 186 
2 4 16 32 187 
6 16 32 187 
4 18 32 187 
2 20 32 187 
22 32 187 
4 16 34 187 
20 34 187 
2 16 36 187 
18 36 187 
16 38 187 
2 4 48 187 
6 48 187 
4 50 187 
2 52 187 
54 187 
1 4 16 32 188 
5 16 32 188 
4 17 32 188 
1 20 32 188 
21 32 188 
4 16 33 188 
20 33 188 
1 16 36 188 
17 36 188 
16 37 188 
1 4 48 188 
5 48 188 
4 49 188 
1 52 188 
53 188 
4 16 32 189 
20 32 189 
16 36 189 
4 48 189 
52 189 
1 2 16 32 190 
3 16 32 190 
2 17 32 190 
1 18 32 190 
19 32 190 
2 16 33 190 
18 33 190 
1 16 34 190 
17 34 190 
16 35 190 
1 2 48 190 
3 48 190 
2 49 190 
1 50 190 
51 190 
2 16 32 191 
18 32 191 
16 34 191 
2 48 191 
50 191 
1 16 32 192 
17 32 192 
16 33 192 
1 48 192 
49 192 
16 32 193 
48 193 
1 2 4 8 32 194 
3 4 8 32 194 
2 5 8 32 194 
1 6 8 32 194 
7 8 32 194 
2 4 9 32 194 
6 9 32 194 
1 4 10 32 194 
5 10 32 194 
4 11 32 194 
1 2 12 32 194 
3 12 32 194 
2 13 32 194 
1 14 32 194 
15 32 194 
2 4 8 33 194 
6 8 33 194 
4 10 33 194 
2 12 33 194 
14 33 194 
1 4 8 34 194 
5 8 34 194 
4 9 34 194 
1 12 34 194 
13 34 194 
4 8 35 194 
12 35 194 
1 2 8 36 194 
3 8 36 194 
2 9 36 194 
1 10 36 194 
11 36 194 
2 8 37 194 
10 37 194 
1 8 38 194 
9 38 194 
8 39 194 
1 2 4 40 194 
3 4 40 194 
2 5 40 194 
1 6 40 194 
7 40 194 
2 4 41 194 
6 41 194 
1 4 42 194 
5 42 194 
4 43 194 
1 2 44 194 
3 44 194 
2 45 194 
1 46 194 
47 194 
2 4 8 32 195 
6 8 32 195 
4 10 32 195 
2 12 32 195 
14 32 195 
4 8 34 195 
12 34 195 
2 8 36 195 
10 36 195 
8 38 195 
2 4 40 195 
6 40 195 
4 42 195 
2 44 195 
46 195 
1 4 8 32 196 
5 8 32 196 
4 9 32 196 
1 12 32 196 
13 32 196 
4 8 33 196 
12 33 196 
1 8 36 196 
9 36 196 
8 37 196 
1 4 40 196 
5 40 196 
4 41 196 
1 44 196 
45 196 
4 8 32 197 
12 32 197 
8 36 197 
4 40 197 
44 197 
1 2 8 32 198 
3 8 32 198 
2 9 32 198 
1 10 32 198 
11 32 198 
2 8 33 198 
10 33 198 
1 8 34 198 
9 34 198 
8 35 198 
1 2 40 198 
3 40 198 
2 41 198 
1 42 198 
43 198 
2 8 32 199 
10 32 199 
8 34 199 
2 40 199 
42 199 
1 8 32 200 
9 32 200 
8 33 200 
1 40 200 
41 200 
8 32 201 
40 201 
1 2 4 32 202 
3 4 32 202 
2 5 32 202 
1 6 32 202 
7 32 202 
2 4 33 202 
6 33 202 
1 4 34 202 
5 34 202 
4 35 202 
1 2 36 202 
3 36 202 
2 37 202 
1 38 202 
39 202 
2 4 32 203 
6 32 203 
4 34 203 
2 36 203 
38 203 
1 4 32 204 
5 32 204 
4 33 204 
1 36 204 
37 204 
1 2 32 205 
3 32 205 
2 33 205 
1 34 205 
35 205 
2 32 206 
34 206 
32 207 
1 2 4 8 16 208 
3 4 8 16 208 
2 5 8 16 208 
1 6 8 16 208 
7 8 16 208 
2 4 9 16 208 
6 9 16 208 
1 4 10 16 208 
5 10 16 208 
4 11 16 208 
1 2 12 16 208 
3 12 16 208 
2 13 16 208 
1 14 16 208 
15 16 208 
2 4 8 17 208 
6 8 17 208 
4 10 17 208 
2 12 17 208 
14 17 208 
1 4 8 18 208 
5 8 18 208 
4 9 18 208 
1 12 18 208 
13 18 208 
4 8 19 208 
12 19 208 
1 2 8 20 208 
3 8 20 208 
2 9 20 208 
1 10 20 208 
11 20 208 
2 8 21 208 
10 21 208 
1 8 22 208 
9 22 208 
8 23 208 
1 2 4 24 208 
3 4 24 208 
2 5 24 208 
1 6 24 208 
7 24 208 
2 4 25 208 
6 25 208 
1 4 26 208 
5 26 208 
4 27 208 
1 2 28 208 
3 28 208 
2 29 208 
1 30 208 
31 208 
2 4 8 16 209 
6 8 16 209 
4 10 16 209 
2 12 16 209 
14 16 209 
4 8 18 209 
12 18 209 
2 8 20 209 
10 20 209 
8 22 209 
2 4 24 209 
6 24 209 
4 26 209 
2 28 209 
30 209 
1 4 8 16 210 
5 8 16 210 
4 9 16 210 
1 12 16 210 
13 16 210 
4 8 17 210 
12 17 210 
1 8 20 210 
9 20 210 
8 21 210 
1 4 24 210 
5 24 210 
4 25 210 
1 28 210 
29 210 
4 8 16 211 
12 16 211 
8 20 211 
4 24 211 
28 211 
1 2 8 16 212 
3 8 16 212 
2 9 16 212 
1 10 16 212 
11 16 212 
2 8 17 212 
10 17 212 
1 8 18 212 
9 18 212 
8 19 212 
1 2 24 212 
3 24 212 
2 25 212 
1 26 212 
27 212 
2 8 16 213 
10 16 213 
8 18 213 
2 24 213 
26 213 
1 8 16 214 
9 16 214 
8 17 214 
1 24 214 
25 214 
1 2 4 16 215 
3 4 16 215 
2 5 16 215 
1 6 16 215 
7 16 215 
2 4 17 215 
6 17 215 
1 4 18 215 
5 18 215 
4 19 215 
1 2 20 215 
3 20 215 
2 21 215 
1 22 215 
23 215 
2 4 16 216 
6 16 216 
4 18 216 
2 20 216 
22 216 
1 4 16 217 
5 16 217 
4 17 217 
1 20 217 
21 217 
4 16 218 
20 218 
1 2 16 219 
3 16 219 
2 17 219 
1 18 219 
19 219 
1 16 220 
17 220 
16 221 
1 2 4 8 222 
3 4 8 222 
2 5 8 222 
1 6 8 222 
7 8 222 
2 4 9 222 
6 9 222 
1 4 10 222 
5 10 222 
4 11 222 
1 2 12 222 
3 12 222 
2 13 222 
1 14 222 
15 222 
2 4 8 223 
6 8 223 
4 10 223 
2 12 223 
14 223 
1 4 8 224 
5 8 224 
4 9 224 
1 12 224 
13 224 
4 8 225 
12 225 
1 2 8 226 
3 8 226 
2 9 226 
1 10 226 
11 226 
2 8 227 
10 227 
8 228 
1 2 4 229 
3 4 229 
2 5 229 
1 6 229 
7 229 
1 4 230 
5 230 
4 231 
1 2 232 
3 232 
2 233 
1 234 
235 
Altogether 4000 solutions, after 103 updates
