1 2 4 8 11 17 23 37 50 68 
3 4 8 11 17 23 37 50 68 
2 4 8 11 18 23 37 50 68 
4 8 11 19 23 37 50 68 
1 4 8 11 17 24 37 50 68 
4 8 11 18 24 37 50 68 
4 8 11 17 25 37 50 68 
1 2 4 8 11 29 37 50 68 
3 4 8 11 29 37 50 68 
2 4 8 11 30 37 50 68 
1 4 8 11 31 37 50 68 
4 8 11 32 37 50 68 
2 4 9 11 17 23 37 50 68 
4 9 11 17 24 37 50 68 
2 4 9 11 29 37 50 68 
4 9 11 31 37 50 68 
1 2 4 11 20 23 37 50 68 
3 4 11 20 23 37 50 68 
1 4 11 20 24 37 50 68 
4 11 20 25 37 50 68 
2 4 11 21 23 37 50 68 
4 11 21 24 37 50 68 
1 2 4 11 33 37 50 68 
3 4 11 33 37 50 68 
1 4 8 12 17 23 37 50 68 
4 9 12 17 23 37 50 68 
4 8 12 18 23 37 50 68 
1 4 12 20 23 37 50 68 
4 12 21 23 37 50 68 
1 4 8 12 29 37 50 68 
4 9 12 29 37 50 68 
4 8 12 30 37 50 68 
1 4 12 33 37 50 68 
1 2 4 14 17 23 37 50 68 
3 4 14 17 23 37 50 68 
2 4 14 18 23 37 50 68 
4 14 19 23 37 50 68 
1 4 14 17 24 37 50 68 
4 14 18 24 37 50 68 
4 14 17 25 37 50 68 
1 2 4 14 29 37 50 68 
3 4 14 29 37 50 68 
2 4 14 30 37 50 68 
1 4 14 31 37 50 68 
4 14 32 37 50 68 
4 15 17 23 37 50 68 
4 15 29 37 50 68 
1 2 4 22 23 37 50 68 
3 4 22 23 37 50 68 
1 4 22 24 37 50 68 
4 22 25 37 50 68 
1 2 4 8 17 26 37 50 68 
2 4 9 17 26 37 50 68 
2 4 8 18 26 37 50 68 
1 2 4 20 26 37 50 68 
2 4 21 26 37 50 68 
3 4 8 17 26 37 50 68 
3 4 20 26 37 50 68 
4 8 19 26 37 50 68 
1 4 8 17 27 37 50 68 
4 9 17 27 37 50 68 
4 8 18 27 37 50 68 
1 4 20 27 37 50 68 
4 21 27 37 50 68 
1 2 4 17 28 37 50 68 
3 4 17 28 37 50 68 
2 4 18 28 37 50 68 
4 19 28 37 50 68 
1 2 4 8 34 37 50 68 
3 4 8 34 37 50 68 
2 4 9 34 37 50 68 
1 2 4 35 37 50 68 
3 4 35 37 50 68 
4 36 37 50 68 
2 4 8 11 17 23 37 51 68 
2 4 14 17 23 37 51 68 
2 4 11 20 23 37 51 68 
2 4 22 23 37 51 68 
2 4 8 17 26 37 51 68 
2 4 20 26 37 51 68 
2 4 17 28 37 51 68 
2 4 8 11 29 37 51 68 
2 4 14 29 37 51 68 
2 4 11 33 37 51 68 
2 4 8 34 37 51 68 
2 4 35 37 51 68 
4 8 12 17 23 37 51 68 
4 12 20 23 37 51 68 
4 8 12 29 37 51 68 
4 12 33 37 51 68 
4 8 11 17 24 37 51 68 
4 14 17 24 37 51 68 
4 11 20 24 37 51 68 
4 22 24 37 51 68 
4 8 17 27 37 51 68 
4 20 27 37 51 68 
4 8 11 31 37 51 68 
4 14 31 37 51 68 
4 8 11 17 23 37 52 68 
4 14 17 23 37 52 68 
4 11 20 23 37 52 68 
4 22 23 37 52 68 
4 8 17 26 37 52 68 
4 20 26 37 52 68 
4 17 28 37 52 68 
4 8 11 29 37 52 68 
4 14 29 37 52 68 
4 11 33 37 52 68 
4 8 34 37 52 68 
4 35 37 52 68 
1 2 4 11 17 23 37 54 68 
3 4 11 17 23 37 54 68 
2 4 11 18 23 37 54 68 
4 11 19 23 37 54 68 
1 4 11 17 24 37 54 68 
4 11 18 24 37 54 68 
4 11 17 25 37 54 68 
1 2 4 11 29 37 54 68 
3 4 11 29 37 54 68 
2 4 11 30 37 54 68 
1 4 11 31 37 54 68 
4 11 32 37 54 68 
1 4 12 17 23 37 54 68 
4 12 18 23 37 54 68 
1 4 12 29 37 54 68 
4 12 30 37 54 68 
1 2 4 17 26 37 54 68 
3 4 17 26 37 54 68 
2 4 18 26 37 54 68 
4 19 26 37 54 68 
1 4 17 27 37 54 68 
4 18 27 37 54 68 
1 2 4 34 37 54 68 
3 4 34 37 54 68 
2 4 11 17 23 37 55 68 
4 12 17 23 37 55 68 
4 11 17 24 37 55 68 
2 4 17 26 37 55 68 
4 17 27 37 55 68 
2 4 11 29 37 55 68 
4 12 29 37 55 68 
4 11 31 37 55 68 
2 4 34 37 55 68 
1 2 4 17 23 37 56 68 
3 4 17 23 37 56 68 
2 4 18 23 37 56 68 
4 19 23 37 56 68 
1 4 17 24 37 56 68 
4 18 24 37 56 68 
4 17 25 37 56 68 
1 2 4 29 37 56 68 
3 4 29 37 56 68 
2 4 30 37 56 68 
1 4 31 37 56 68 
4 32 37 56 68 
1 2 4 8 11 23 37 57 68 
1 4 8 12 23 37 57 68 
1 4 8 11 24 37 57 68 
1 2 4 8 26 37 57 68 
1 4 8 27 37 57 68 
3 4 8 11 23 37 57 68 
3 4 8 26 37 57 68 
4 8 11 25 37 57 68 
2 4 9 11 23 37 57 68 
4 9 12 23 37 57 68 
4 9 11 24 37 57 68 
2 4 9 26 37 57 68 
4 9 27 37 57 68 
1 2 4 14 23 37 57 68 
3 4 14 23 37 57 68 
1 4 14 24 37 57 68 
4 14 25 37 57 68 
4 15 23 37 57 68 
1 2 4 28 37 57 68 
3 4 28 37 57 68 
2 4 8 11 23 37 58 68 
4 8 12 23 37 58 68 
4 8 11 24 37 58 68 
2 4 8 26 37 58 68 
4 8 27 37 58 68 
2 4 14 23 37 58 68 
4 14 24 37 58 68 
2 4 28 37 58 68 
1 2 4 11 23 37 59 68 
1 4 12 23 37 59 68 
1 4 11 24 37 59 68 
1 2 4 26 37 59 68 
1 4 27 37 59 68 
3 4 11 23 37 59 68 
3 4 26 37 59 68 
4 11 25 37 59 68 
2 4 11 23 37 60 68 
4 12 23 37 60 68 
4 11 24 37 60 68 
2 4 26 37 60 68 
4 27 37 60 68 
4 23 37 62 68 
1 4 8 11 17 23 37 50 69 
4 9 11 17 23 37 50 69 
4 8 11 18 23 37 50 69 
1 4 11 20 23 37 50 69 
4 11 21 23 37 50 69 
4 8 11 17 23 37 51 69 
4 11 20 23 37 51 69 
1 4 11 17 23 37 54 69 
4 11 18 23 37 54 69 
4 11 17 23 37 55 69 
1 4 8 11 23 37 57 69 
4 9 11 23 37 57 69 
4 8 11 23 37 58 69 
1 4 11 23 37 59 69 
4 11 23 37 60 69 
1 4 14 17 23 37 50 69 
4 14 18 23 37 50 69 
4 14 17 23 37 51 69 
1 4 14 23 37 57 69 
4 14 23 37 58 69 
1 4 22 23 37 50 69 
4 22 23 37 51 69 
1 4 17 23 37 56 69 
4 18 23 37 56 69 
1 4 8 17 26 37 50 69 
4 9 17 26 37 50 69 
4 8 18 26 37 50 69 
1 4 20 26 37 50 69 
4 21 26 37 50 69 
4 8 17 26 37 51 69 
4 20 26 37 51 69 
1 4 17 26 37 54 69 
4 18 26 37 54 69 
4 17 26 37 55 69 
1 4 8 26 37 57 69 
4 9 26 37 57 69 
4 8 26 37 58 69 
1 4 26 37 59 69 
4 26 37 60 69 
1 4 17 28 37 50 69 
4 18 28 37 50 69 
4 17 28 37 51 69 
1 4 28 37 57 69 
4 28 37 58 69 
1 4 8 11 29 37 50 69 
4 9 11 29 37 50 69 
4 8 11 29 37 51 69 
1 4 11 29 37 54 69 
4 11 29 37 55 69 
1 4 14 29 37 50 69 
4 14 29 37 51 69 
1 4 29 37 56 69 
4 8 11 30 37 50 69 
4 14 30 37 50 69 
4 11 30 37 54 69 
4 30 37 56 69 
1 4 11 33 37 50 69 
4 11 33 37 51 69 
1 4 8 34 37 50 69 
4 9 34 37 50 69 
4 8 34 37 51 69 
1 4 34 37 54 69 
4 34 37 55 69 
1 4 35 37 50 69 
4 35 37 51 69 
4 8 11 17 23 37 50 70 
4 14 17 23 37 50 70 
4 11 20 23 37 50 70 
4 22 23 37 50 70 
4 8 17 26 37 50 70 
4 20 26 37 50 70 
4 17 28 37 50 70 
4 8 11 29 37 50 70 
4 14 29 37 50 70 
4 11 33 37 50 70 
4 8 34 37 50 70 
4 35 37 50 70 
4 11 17 23 37 54 70 
4 17 26 37 54 70 
4 11 29 37 54 70 
4 34 37 54 70 
4 17 23 37 56 70 
4 29 37 56 70 
4 8 11 23 37 57 70 
4 14 23 37 57 70 
4 8 26 37 57 70 
4 28 37 57 70 
4 11 23 37 59 70 
4 26 37 59 70 
1 2 4 8 17 23 37 50 72 
2 4 9 17 23 37 50 72 
2 4 8 18 23 37 50 72 
1 2 4 20 23 37 50 72 
2 4 21 23 37 50 72 
2 4 8 17 23 37 51 72 
2 4 20 23 37 51 72 
1 2 4 17 23 37 54 72 
2 4 18 23 37 54 72 
2 4 17 23 37 55 72 
1 2 4 8 23 37 57 72 
2 4 9 23 37 57 72 
2 4 8 23 37 58 72 
1 2 4 23 37 59 72 
2 4 23 37 60 72 
3 4 8 17 23 37 50 72 
3 4 20 23 37 50 72 
3 4 17 23 37 54 72 
3 4 8 23 37 57 72 
3 4 23 37 59 72 
4 8 19 23 37 50 72 
4 19 23 37 54 72 
4 8 17 23 37 52 72 
4 20 23 37 52 72 
1 4 8 17 24 37 50 72 
4 9 17 24 37 50 72 
4 8 18 24 37 50 72 
1 4 20 24 37 50 72 
4 21 24 37 50 72 
4 8 17 24 37 51 72 
4 20 24 37 51 72 
1 4 17 24 37 54 72 
4 18 24 37 54 72 
4 17 24 37 55 72 
1 4 8 24 37 57 72 
4 9 24 37 57 72 
4 8 24 37 58 72 
1 4 24 37 59 72 
4 24 37 60 72 
4 8 17 25 37 50 72 
4 20 25 37 50 72 
4 17 25 37 54 72 
4 8 25 37 57 72 
4 25 37 59 72 
1 2 4 8 29 37 50 72 
2 4 9 29 37 50 72 
2 4 8 29 37 51 72 
1 2 4 29 37 54 72 
2 4 29 37 55 72 
3 4 8 29 37 50 72 
3 4 29 37 54 72 
4 8 29 37 52 72 
2 4 8 30 37 50 72 
2 4 30 37 54 72 
1 4 8 31 37 50 72 
4 9 31 37 50 72 
4 8 31 37 51 72 
1 4 31 37 54 72 
4 31 37 55 72 
4 8 32 37 50 72 
4 32 37 54 72 
1 2 4 33 37 50 72 
3 4 33 37 50 72 
2 4 33 37 51 72 
4 33 37 52 72 
1 4 8 17 23 37 50 73 
4 9 17 23 37 50 73 
4 8 18 23 37 50 73 
1 4 20 23 37 50 73 
4 21 23 37 50 73 
4 8 17 23 37 51 73 
4 20 23 37 51 73 
1 4 17 23 37 54 73 
4 18 23 37 54 73 
4 17 23 37 55 73 
1 4 8 23 37 57 73 
4 9 23 37 57 73 
4 8 23 37 58 73 
1 4 23 37 59 73 
4 23 37 60 73 
1 4 8 29 37 50 73 
4 9 29 37 50 73 
4 8 29 37 51 73 
1 4 29 37 54 73 
4 29 37 55 73 
4 8 30 37 50 73 
4 30 37 54 73 
1 4 33 37 50 73 
4 33 37 51 73 
1 2 4 17 23 37 50 74 
3 4 17 23 37 50 74 
2 4 18 23 37 50 74 
4 19 23 37 50 74 
1 4 17 24 37 50 74 
4 18 24 37 50 74 
4 17 25 37 50 74 
1 2 4 29 37 50 74 
3 4 29 37 50 74 
2 4 30 37 50 74 
1 4 31 37 50 74 
4 32 37 50 74 
2 4 17 23 37 51 74 
4 17 24 37 51 74 
2 4 29 37 51 74 
4 31 37 51 74 
4 17 23 37 52 74 
4 29 37 52 74 
1 2 4 23 37 57 74 
3 4 23 37 57 74 
1 4 24 37 57 74 
4 25 37 57 74 
2 4 23 37 58 74 
4 24 37 58 74 
1 2 4 8 11 17 37 50 75 
2 4 9 11 17 37 50 75 
2 4 8 11 18 37 50 75 
1 2 4 11 20 37 50 75 
2 4 11 21 37 50 75 
2 4 8 11 17 37 51 75 
2 4 11 20 37 51 75 
1 2 4 11 17 37 54 75 
2 4 11 18 37 54 75 
2 4 11 17 37 55 75 
1 2 4 8 11 37 57 75 
2 4 9 11 37 57 75 
2 4 8 11 37 58 75 
1 2 4 11 37 59 75 
2 4 11 37 60 75 
3 4 8 11 17 37 50 75 
3 4 11 20 37 50 75 
3 4 11 17 37 54 75 
3 4 8 11 37 57 75 
3 4 11 37 59 75 
4 8 11 19 37 50 75 
4 11 19 37 54 75 
4 8 11 17 37 52 75 
4 11 20 37 52 75 
1 4 8 12 17 37 50 75 
4 9 12 17 37 50 75 
4 8 12 18 37 50 75 
1 4 12 20 37 50 75 
4 12 21 37 50 75 
4 8 12 17 37 51 75 
4 12 20 37 51 75 
1 4 12 17 37 54 75 
4 12 18 37 54 75 
4 12 17 37 55 75 
1 4 8 12 37 57 75 
4 9 12 37 57 75 
4 8 12 37 58 75 
1 4 12 37 59 75 
4 12 37 60 75 
1 2 4 14 17 37 50 75 
2 4 14 18 37 50 75 
2 4 14 17 37 51 75 
1 2 4 14 37 57 75 
2 4 14 37 58 75 
3 4 14 17 37 50 75 
3 4 14 37 57 75 
4 14 19 37 50 75 
4 14 17 37 52 75 
4 15 17 37 50 75 
4 15 37 57 75 
1 2 4 22 37 50 75 
3 4 22 37 50 75 
2 4 22 37 51 75 
4 22 37 52 75 
1 2 4 17 37 56 75 
3 4 17 37 56 75 
2 4 18 37 56 75 
4 19 37 56 75 
4 37 62 75 
1 4 8 11 17 37 50 76 
4 9 11 17 37 50 76 
4 8 11 18 37 50 76 
1 4 11 20 37 50 76 
4 11 21 37 50 76 
4 8 11 17 37 51 76 
4 11 20 37 51 76 
1 4 11 17 37 54 76 
4 11 18 37 54 76 
4 11 17 37 55 76 
1 4 8 11 37 57 76 
4 9 11 37 57 76 
4 8 11 37 58 76 
1 4 11 37 59 76 
4 11 37 60 76 
1 4 14 17 37 50 76 
4 14 18 37 50 76 
4 14 17 37 51 76 
1 4 14 37 57 76 
4 14 37 58 76 
1 4 22 37 50 76 
4 22 37 51 76 
1 4 17 37 56 76 
4 18 37 56 76 
1 2 4 8 17 37 50 77 
2 4 9 17 37 50 77 
2 4 8 18 37 50 77 
1 2 4 20 37 50 77 
2 4 21 37 50 77 
2 4 8 17 37 51 77 
2 4 20 37 51 77 
1 2 4 17 37 54 77 
2 4 18 37 54 77 
2 4 17 37 55 77 
1 2 4 8 37 57 77 
2 4 9 37 57 77 
2 4 8 37 58 77 
1 2 4 37 59 77 
2 4 37 60 77 
3 4 8 17 37 50 77 
3 4 20 37 50 77 
3 4 17 37 54 77 
3 4 8 37 57 77 
3 4 37 59 77 
4 8 19 37 50 77 
4 19 37 54 77 
4 8 17 37 52 77 
4 20 37 52 77 
1 4 8 17 37 50 78 
4 9 17 37 50 78 
4 8 18 37 50 78 
1 4 20 37 50 78 
4 21 37 50 78 
4 8 17 37 51 78 
4 20 37 51 78 
1 4 17 37 54 78 
4 18 37 54 78 
4 17 37 55 78 
1 4 8 37 57 78 
4 9 37 57 78 
4 8 37 58 78 
1 4 37 59 78 
4 37 60 78 
4 17 37 50 80 
4 37 57 80 
1 2 4 8 11 17 23 37 86 
3 4 8 11 17 23 37 86 
2 4 8 11 18 23 37 86 
4 8 11 19 23 37 86 
1 4 8 11 17 24 37 86 
4 8 11 18 24 37 86 
4 8 11 17 25 37 86 
1 2 4 8 11 29 37 86 
3 4 8 11 29 37 86 
2 4 8 11 30 37 86 
1 4 8 11 31 37 86 
4 8 11 32 37 86 
2 4 9 11 17 23 37 86 
4 9 11 17 24 37 86 
2 4 9 11 29 37 86 
4 9 11 31 37 86 
1 2 4 11 20 23 37 86 
3 4 11 20 23 37 86 
1 4 11 20 24 37 86 
4 11 20 25 37 86 
2 4 11 21 23 37 86 
4 11 21 24 37 86 
1 2 4 11 33 37 86 
3 4 11 33 37 86 
1 4 8 12 17 23 37 86 
4 9 12 17 23 37 86 
4 8 12 18 23 37 86 
1 4 12 20 23 37 86 
4 12 21 23 37 86 
1 4 8 12 29 37 86 
4 9 12 29 37 86 
4 8 12 30 37 86 
1 4 12 33 37 86 
1 2 4 14 17 23 37 86 
3 4 14 17 23 37 86 
2 4 14 18 23 37 86 
4 14 19 23 37 86 
1 4 14 17 24 37 86 
4 14 18 24 37 86 
4 14 17 25 37 86 
1 2 4 14 29 37 86 
3 4 14 29 37 86 
2 4 14 30 37 86 
1 4 14 31 37 86 
4 14 32 37 86 
4 15 17 23 37 86 
4 15 29 37 86 
1 2 4 22 23 37 86 
3 4 22 23 37 86 
1 4 22 24 37 86 
4 22 25 37 86 
1 2 4 8 17 26 37 86 
2 4 9 17 26 37 86 
2 4 8 18 26 37 86 
1 2 4 20 26 37 86 
2 4 21 26 37 86 
3 4 8 17 26 37 86 
3 4 20 26 37 86 
4 8 19 26 37 86 
1 4 8 17 27 37 86 
4 9 17 27 37 86 
4 8 18 27 37 86 
1 4 20 27 37 86 
4 21 27 37 86 
1 2 4 17 28 37 86 
3 4 17 28 37 86 
2 4 18 28 37 86 
4 19 28 37 86 
1 2 4 8 34 37 86 
3 4 8 34 37 86 
2 4 9 34 37 86 
1 2 4 35 37 86 
3 4 35 37 86 
4 36 37 86 
2 4 8 11 17 23 37 87 
2 4 14 17 23 37 87 
2 4 11 20 23 37 87 
2 4 22 23 37 87 
2 4 8 17 26 37 87 
2 4 20 26 37 87 
2 4 17 28 37 87 
2 4 8 11 29 37 87 
2 4 14 29 37 87 
2 4 11 33 37 87 
2 4 8 34 37 87 
2 4 35 37 87 
4 8 12 17 23 37 87 
4 12 20 23 37 87 
4 8 12 29 37 87 
4 12 33 37 87 
4 8 11 17 24 37 87 
4 14 17 24 37 87 
4 11 20 24 37 87 
4 22 24 37 87 
4 8 17 27 37 87 
4 20 27 37 87 
4 8 11 31 37 87 
4 14 31 37 87 
1 4 8 11 17 23 37 88 
1 4 14 17 23 37 88 
1 4 11 20 23 37 88 
1 4 22 23 37 88 
1 4 8 17 26 37 88 
1 4 20 26 37 88 
1 4 17 28 37 88 
1 4 8 11 29 37 88 
1 4 14 29 37 88 
1 4 11 33 37 88 
1 4 8 34 37 88 
1 4 35 37 88 
4 9 11 17 23 37 88 
4 9 17 26 37 88 
4 9 11 29 37 88 
4 9 34 37 88 
4 8 11 18 23 37 88 
4 14 18 23 37 88 
4 8 18 26 37 88 
4 18 28 37 88 
4 11 21 23 37 88 
4 21 26 37 88 
4 8 11 30 37 88 
4 14 30 37 88 
4 8 11 17 23 37 89 
4 14 17 23 37 89 
4 11 20 23 37 89 
4 22 23 37 89 
4 8 17 26 37 89 
4 20 26 37 89 
4 17 28 37 89 
4 8 11 29 37 89 
4 14 29 37 89 
4 11 33 37 89 
4 8 34 37 89 
4 35 37 89 
1 2 4 11 17 23 37 91 
3 4 11 17 23 37 91 
2 4 11 18 23 37 91 
4 11 19 23 37 91 
1 4 11 17 24 37 91 
4 11 18 24 37 91 
4 11 17 25 37 91 
1 2 4 11 29 37 91 
3 4 11 29 37 91 
2 4 11 30 37 91 
1 4 11 31 37 91 
4 11 32 37 91 
1 4 12 17 23 37 91 
4 12 18 23 37 91 
1 4 12 29 37 91 
4 12 30 37 91 
1 2 4 17 26 37 91 
3 4 17 26 37 91 
2 4 18 26 37 91 
4 19 26 37 91 
1 4 17 27 37 91 
4 18 27 37 91 
1 2 4 34 37 91 
3 4 34 37 91 
1 2 4 8 17 23 37 92 
3 4 8 17 23 37 92 
2 4 8 18 23 37 92 
4 8 19 23 37 92 
1 4 8 17 24 37 92 
4 8 18 24 37 92 
4 8 17 25 37 92 
1 2 4 8 29 37 92 
3 4 8 29 37 92 
2 4 8 30 37 92 
1 4 8 31 37 92 
4 8 32 37 92 
2 4 9 17 23 37 92 
4 9 17 24 37 92 
2 4 9 29 37 92 
4 9 31 37 92 
1 2 4 20 23 37 92 
3 4 20 23 37 92 
1 4 20 24 37 92 
4 20 25 37 92 
2 4 21 23 37 92 
4 21 24 37 92 
1 2 4 33 37 92 
3 4 33 37 92 
1 2 4 17 23 37 93 
3 4 17 23 37 93 
2 4 18 23 37 93 
4 19 23 37 93 
1 4 17 24 37 93 
4 18 24 37 93 
4 17 25 37 93 
1 2 4 29 37 93 
3 4 29 37 93 
2 4 30 37 93 
1 4 31 37 93 
4 32 37 93 
4 17 23 37 94 
4 29 37 94 
1 2 4 8 11 37 95 
3 4 8 11 37 95 
2 4 9 11 37 95 
1 4 8 12 37 95 
4 9 12 37 95 
1 2 4 14 37 95 
3 4 14 37 95 
4 15 37 95 
4 8 11 37 96 
4 14 37 96 
2 4 11 37 98 
4 12 37 98 
1 4 8 37 99 
4 9 37 99 
1 2 4 37 100 
3 4 37 100 
4 37 101 
2 5 8 11 17 23 37 50 68 
2 5 14 17 23 37 50 68 
2 5 11 20 23 37 50 68 
2 5 22 23 37 50 68 
2 5 8 17 26 37 50 68 
2 5 20 26 37 50 68 
2 5 17 28 37 50 68 
2 5 8 11 29 37 50 68 
2 5 14 29 37 50 68 
2 5 11 33 37 50 68 
2 5 8 34 37 50 68 
2 5 35 37 50 68 
2 5 11 17 23 37 54 68 
2 5 17 26 37 54 68 
2 5 11 29 37 54 68 
2 5 34 37 54 68 
2 5 17 23 37 56 68 
2 5 29 37 56 68 
2 5 8 11 23 37 57 68 
2 5 14 23 37 57 68 
2 5 8 26 37 57 68 
2 5 28 37 57 68 
2 5 11 23 37 59 68 
2 5 26 37 59 68 
2 5 8 17 23 37 50 72 
2 5 20 23 37 50 72 
2 5 17 23 37 54 72 
2 5 8 23 37 57 72 
2 5 23 37 59 72 
2 5 8 29 37 50 72 
2 5 29 37 54 72 
2 5 33 37 50 72 
2 5 17 23 37 50 74 
2 5 29 37 50 74 
2 5 23 37 57 74 
2 5 8 11 17 37 50 75 
2 5 11 20 37 50 75 
2 5 11 17 37 54 75 
2 5 8 11 37 57 75 
2 5 11 37 59 75 
2 5 14 17 37 50 75 
2 5 14 37 57 75 
2 5 22 37 50 75 
2 5 17 37 56 75 
2 5 8 17 37 50 77 
2 5 20 37 50 77 
2 5 17 37 54 77 
2 5 8 37 57 77 
2 5 37 59 77 
2 5 8 11 17 23 37 86 
2 5 14 17 23 37 86 
2 5 11 20 23 37 86 
2 5 22 23 37 86 
2 5 8 17 26 37 86 
2 5 20 26 37 86 
2 5 17 28 37 86 
2 5 8 11 29 37 86 
2 5 14 29 37 86 
2 5 11 33 37 86 
2 5 8 34 37 86 
2 5 35 37 86 
2 5 11 17 23 37 91 
2 5 17 26 37 91 
2 5 11 29 37 91 
2 5 34 37 91 
2 5 8 17 23 37 92 
2 5 20 23 37 92 
2 5 8 29 37 92 
2 5 33 37 92 
2 5 17 23 37 93 
2 5 29 37 93 
2 5 8 11 37 95 
2 5 14 37 95 
2 5 37 100 
5 8 12 17 23 37 50 68 
5 12 20 23 37 50 68 
5 12 17 23 37 54 68 
5 8 12 23 37 57 68 
5 12 23 37 59 68 
5 8 12 29 37 50 68 
5 12 29 37 54 68 
5 12 33 37 50 68 
5 8 12 17 37 50 75 
5 12 20 37 50 75 
5 12 17 37 54 75 
5 8 12 37 57 75 
5 12 37 59 75 
5 8 12 17 23 37 86 
5 12 20 23 37 86 
5 8 12 29 37 86 
5 12 33 37 86 
5 12 17 23 37 91 
5 12 29 37 91 
5 8 12 37 95 
5 8 11 17 24 37 50 68 
5 14 17 24 37 50 68 
5 11 17 24 37 54 68 
5 17 24 37 56 68 
5 8 17 24 37 50 72 
5 17 24 37 54 72 
5 17 24 37 50 74 
5 8 11 17 24 37 86 
5 14 17 24 37 86 
5 11 17 24 37 91 
5 8 17 24 37 92 
5 17 24 37 93 
5 11 20 24 37 50 68 
5 20 24 37 50 72 
5 11 20 24 37 86 
5 20 24 37 92 
5 22 24 37 50 68 
5 22 24 37 86 
5 8 11 24 37 57 68 
5 14 24 37 57 68 
5 8 24 37 57 72 
5 24 37 57 74 
5 11 24 37 59 68 
5 24 37 59 72 
5 8 17 27 37 50 68 
5 20 27 37 50 68 
5 17 27 37 54 68 
5 8 27 37 57 68 
5 27 37 59 68 
5 8 17 27 37 86 
5 20 27 37 86 
5 17 27 37 91 
5 8 11 31 37 50 68 
5 14 31 37 50 68 
5 11 31 37 54 68 
5 31 37 56 68 
5 8 31 37 50 72 
5 31 37 54 72 
5 31 37 50 74 
5 8 11 31 37 86 
5 14 31 37 86 
5 11 31 37 91 
5 8 31 37 92 
5 31 37 93 
5 8 11 17 23 37 50 69 
5 14 17 23 37 50 69 
5 11 20 23 37 50 69 
5 22 23 37 50 69 
5 8 17 26 37 50 69 
5 20 26 37 50 69 
5 17 28 37 50 69 
5 8 11 29 37 50 69 
5 14 29 37 50 69 
5 11 33 37 50 69 
5 8 34 37 50 69 
5 35 37 50 69 
5 11 17 23 37 54 69 
5 17 26 37 54 69 
5 11 29 37 54 69 
5 34 37 54 69 
5 17 23 37 56 69 
5 29 37 56 69 
5 8 11 23 37 57 69 
5 14 23 37 57 69 
5 8 26 37 57 69 
5 28 37 57 69 
5 11 23 37 59 69 
5 26 37 59 69 
5 8 17 23 37 50 73 
5 20 23 37 50 73 
5 17 23 37 54 73 
5 8 23 37 57 73 
5 23 37 59 73 
5 8 29 37 50 73 
5 29 37 54 73 
5 33 37 50 73 
5 8 11 17 37 50 76 
5 11 20 37 50 76 
5 11 17 37 54 76 
5 8 11 37 57 76 
5 11 37 59 76 
5 14 17 37 50 76 
5 14 37 57 76 
5 22 37 50 76 
5 17 37 56 76 
5 8 17 37 50 78 
5 20 37 50 78 
5 17 37 54 78 
5 8 37 57 78 
5 37 59 78 
5 8 11 17 23 37 88 
5 14 17 23 37 88 
5 11 20 23 37 88 
5 22 23 37 88 
5 8 17 26 37 88 
5 20 26 37 88 
5 17 28 37 88 
5 8 11 29 37 88 
5 14 29 37 88 
5 11 33 37 88 
5 8 34 37 88 
5 35 37 88 
5 8 37 99 
1 6 8 11 17 23 37 50 68 
1 6 14 17 23 37 50 68 
1 6 11 20 23 37 50 68 
1 6 22 23 37 50 68 
1 6 8 17 26 37 50 68 
1 6 20 26 37 50 68 
1 6 17 28 37 50 68 
1 6 8 11 29 37 50 68 
1 6 14 29 37 50 68 
1 6 11 33 37 50 68 
1 6 8 34 37 50 68 
1 6 35 37 50 68 
1 6 11 17 23 37 54 68 
1 6 17 26 37 54 68 
1 6 11 29 37 54 68 
1 6 34 37 54 68 
1 6 17 23 37 56 68 
1 6 29 37 56 68 
1 6 8 11 23 37 57 68 
1 6 14 23 37 57 68 
1 6 8 26 37 57 68 
1 6 28 37 57 68 
1 6 11 23 37 59 68 
1 6 26 37 59 68 
1 6 8 17 23 37 50 72 
1 6 20 23 37 50 72 
1 6 17 23 37 54 72 
1 6 8 23 37 57 72 
1 6 23 37 59 72 
1 6 8 29 37 50 72 
1 6 29 37 54 72 
1 6 33 37 50 72 
1 6 17 23 37 50 74 
1 6 29 37 50 74 
1 6 23 37 57 74 
1 6 8 11 17 37 50 75 
1 6 11 20 37 50 75 
1 6 11 17 37 54 75 
1 6 8 11 37 57 75 
1 6 11 37 59 75 
1 6 14 17 37 50 75 
1 6 14 37 57 75 
1 6 22 37 50 75 
1 6 17 37 56 75 
1 6 8 17 37 50 77 
1 6 20 37 50 77 
1 6 17 37 54 77 
1 6 8 37 57 77 
1 6 37 59 77 
1 6 8 11 17 23 37 86 
1 6 14 17 23 37 86 
1 6 11 20 23 37 86 
1 6 22 23 37 86 
1 6 8 17 26 37 86 
1 6 20 26 37 86 
1 6 17 28 37 86 
1 6 8 11 29 37 86 
1 6 14 29 37 86 
1 6 11 33 37 86 
1 6 8 34 37 86 
1 6 35 37 86 
1 6 11 17 23 37 91 
1 6 17 26 37 91 
1 6 11 29 37 91 
1 6 34 37 91 
1 6 8 17 23 37 92 
1 6 20 23 37 92 
1 6 8 29 37 92 
1 6 33 37 92 
1 6 17 23 37 93 
1 6 29 37 93 
1 6 8 11 37 95 
1 6 14 37 95 
1 6 37 100 
6 9 11 17 23 37 50 68 
6 9 17 26 37 50 68 
6 9 17 23 37 50 72 
6 9 11 17 37 50 75 
6 9 17 37 50 77 
6 9 11 29 37 50 68 
6 9 29 37 50 72 
6 9 34 37 50 68 
6 9 11 23 37 57 68 
6 9 26 37 57 68 
6 9 23 37 57 72 
6 9 11 37 57 75 
6 9 37 57 77 
6 9 11 17 23 37 86 
6 9 17 26 37 86 
6 9 11 29 37 86 
6 9 34 37 86 
6 9 17 23 37 92 
6 9 29 37 92 
6 9 11 37 95 
6 8 11 18 23 37 50 68 
6 14 18 23 37 50 68 
6 11 18 23 37 54 68 
6 18 23 37 56 68 
6 8 18 23 37 50 72 
6 18 23 37 54 72 
6 18 23 37 50 74 
6 8 11 18 23 37 86 
6 14 18 23 37 86 
6 11 18 23 37 91 
6 8 18 23 37 92 
6 18 23 37 93 
6 8 18 26 37 50 68 
6 18 26 37 54 68 
6 8 18 26 37 86 
6 18 26 37 91 
6 18 28 37 50 68 
6 18 28 37 86 
6 8 11 18 37 50 75 
6 14 18 37 50 75 
6 11 18 37 54 75 
6 18 37 56 75 
6 8 18 37 50 77 
6 18 37 54 77 
6 11 21 23 37 50 68 
6 21 26 37 50 68 
6 21 23 37 50 72 
6 11 21 37 50 75 
6 21 37 50 77 
6 11 21 23 37 86 
6 21 26 37 86 
6 21 23 37 92 
6 8 11 30 37 50 68 
6 14 30 37 50 68 
6 11 30 37 54 68 
6 30 37 56 68 
6 8 30 37 50 72 
6 30 37 54 72 
6 30 37 50 74 
6 8 11 30 37 86 
6 14 30 37 86 
6 11 30 37 91 
6 8 30 37 92 
6 30 37 93 
6 8 11 17 23 37 51 68 
6 14 17 23 37 51 68 
6 11 20 23 37 51 68 
6 22 23 37 51 68 
6 8 17 26 37 51 68 
6 20 26 37 51 68 
6 17 28 37 51 68 
6 8 11 29 37 51 68 
6 14 29 37 51 68 
6 11 33 37 51 68 
6 8 34 37 51 68 
6 35 37 51 68 
6 8 17 23 37 51 72 
6 20 23 37 51 72 
6 8 29 37 51 72 
6 33 37 51 72 
6 17 23 37 51 74 
6 29 37 51 74 
6 8 11 17 37 51 75 
6 14 17 37 51 75 
6 11 20 37 51 75 
6 22 37 51 75 
6 8 17 37 51 77 
6 20 37 51 77 
6 11 17 23 37 55 68 
6 17 26 37 55 68 
6 17 23 37 55 72 
6 11 17 37 55 75 
6 17 37 55 77 
6 11 29 37 55 68 
6 29 37 55 72 
6 34 37 55 68 
6 8 11 23 37 58 68 
6 8 26 37 58 68 
6 8 23 37 58 72 
6 8 11 37 58 75 
6 8 37 58 77 
6 14 23 37 58 68 
6 14 37 58 75 
6 28 37 58 68 
6 23 37 58 74 
6 11 23 37 60 68 
6 26 37 60 68 
6 23 37 60 72 
6 11 37 60 75 
6 37 60 77 
6 8 11 17 23 37 87 
6 14 17 23 37 87 
6 11 20 23 37 87 
6 22 23 37 87 
6 8 17 26 37 87 
6 20 26 37 87 
6 17 28 37 87 
6 8 11 29 37 87 
6 14 29 37 87 
6 11 33 37 87 
6 8 34 37 87 
6 35 37 87 
6 11 37 98 
7 8 11 17 23 37 50 68 
7 14 17 23 37 50 68 
7 11 20 23 37 50 68 
7 22 23 37 50 68 
7 8 17 26 37 50 68 
7 20 26 37 50 68 
7 17 28 37 50 68 
7 8 11 29 37 50 68 
7 14 29 37 50 68 
7 11 33 37 50 68 
7 8 34 37 50 68 
7 35 37 50 68 
7 11 17 23 37 54 68 
7 17 26 37 54 68 
7 11 29 37 54 68 
7 34 37 54 68 
7 17 23 37 56 68 
7 29 37 56 68 
7 8 11 23 37 57 68 
7 14 23 37 57 68 
7 8 26 37 57 68 
7 28 37 57 68 
7 11 23 37 59 68 
7 26 37 59 68 
7 8 17 23 37 50 72 
7 20 23 37 50 72 
7 17 23 37 54 72 
7 8 23 37 57 72 
7 23 37 59 72 
7 8 29 37 50 72 
7 29 37 54 72 
7 33 37 50 72 
7 17 23 37 50 74 
7 29 37 50 74 
7 23 37 57 74 
7 8 11 17 37 50 75 
7 11 20 37 50 75 
7 11 17 37 54 75 
7 8 11 37 57 75 
7 11 37 59 75 
7 14 17 37 50 75 
7 14 37 57 75 
7 22 37 50 75 
7 17 37 56 75 
7 8 17 37 50 77 
7 20 37 50 77 
7 17 37 54 77 
7 8 37 57 77 
7 37 59 77 
7 8 11 17 23 37 86 
7 14 17 23 37 86 
7 11 20 23 37 86 
7 22 23 37 86 
7 8 17 26 37 86 
7 20 26 37 86 
7 17 28 37 86 
7 8 11 29 37 86 
7 14 29 37 86 
7 11 33 37 86 
7 8 34 37 86 
7 35 37 86 
7 11 17 23 37 91 
7 17 26 37 91 
7 11 29 37 91 
7 34 37 91 
7 8 17 23 37 92 
7 20 23 37 92 
7 8 29 37 92 
7 33 37 92 
7 17 23 37 93 
7 29 37 93 
7 8 11 37 95 
7 14 37 95 
7 37 100 
2 10 11 17 23 37 50 68 
10 12 17 23 37 50 68 
10 11 17 24 37 50 68 
2 10 17 26 37 50 68 
10 17 27 37 50 68 
10 11 17 23 37 50 69 
10 17 26 37 50 69 
2 10 17 23 37 50 72 
10 17 24 37 50 72 
10 17 23 37 50 73 
2 10 11 17 37 50 75 
10 12 17 37 50 75 
10 11 17 37 50 76 
2 10 17 37 50 77 
10 17 37 50 78 
2 10 11 29 37 50 68 
10 12 29 37 50 68 
10 11 29 37 50 69 
2 10 29 37 50 72 
10 29 37 50 73 
10 11 31 37 50 68 
10 31 37 50 72 
2 10 34 37 50 68 
10 34 37 50 69 
2 10 11 23 37 57 68 
10 12 23 37 57 68 
10 11 24 37 57 68 
2 10 26 37 57 68 
10 27 37 57 68 
10 11 23 37 57 69 
10 26 37 57 69 
2 10 23 37 57 72 
10 24 37 57 72 
10 23 37 57 73 
2 10 11 37 57 75 
10 12 37 57 75 
10 11 37 57 76 
2 10 37 57 77 
10 37 57 78 
2 10 11 17 23 37 86 
10 12 17 23 37 86 
10 11 17 24 37 86 
2 10 17 26 37 86 
10 17 27 37 86 
2 10 11 29 37 86 
10 12 29 37 86 
10 11 31 37 86 
2 10 34 37 86 
10 11 17 23 37 88 
10 17 26 37 88 
10 11 29 37 88 
10 34 37 88 
2 10 17 23 37 92 
10 17 24 37 92 
2 10 29 37 92 
10 31 37 92 
2 10 11 37 95 
10 12 37 95 
10 37 99 
1 8 13 17 23 37 50 68 
9 13 17 23 37 50 68 
8 13 18 23 37 50 68 
1 13 20 23 37 50 68 
13 21 23 37 50 68 
8 13 17 23 37 51 68 
13 20 23 37 51 68 
1 13 17 23 37 54 68 
13 18 23 37 54 68 
13 17 23 37 55 68 
1 8 13 23 37 57 68 
9 13 23 37 57 68 
8 13 23 37 58 68 
1 13 23 37 59 68 
13 23 37 60 68 
1 8 13 29 37 50 68 
9 13 29 37 50 68 
8 13 29 37 51 68 
1 13 29 37 54 68 
13 29 37 55 68 
8 13 30 37 50 68 
13 30 37 54 68 
1 13 33 37 50 68 
13 33 37 51 68 
1 8 13 17 37 50 75 
9 13 17 37 50 75 
8 13 18 37 50 75 
1 13 20 37 50 75 
13 21 37 50 75 
8 13 17 37 51 75 
13 20 37 51 75 
1 13 17 37 54 75 
13 18 37 54 75 
13 17 37 55 75 
1 8 13 37 57 75 
9 13 37 57 75 
8 13 37 58 75 
1 13 37 59 75 
13 37 60 75 
1 8 13 17 23 37 86 
9 13 17 23 37 86 
8 13 18 23 37 86 
1 13 20 23 37 86 
13 21 23 37 86 
1 8 13 29 37 86 
9 13 29 37 86 
8 13 30 37 86 
1 13 33 37 86 
8 13 17 23 37 87 
13 20 23 37 87 
8 13 29 37 87 
13 33 37 87 
1 13 17 23 37 91 
13 18 23 37 91 
1 13 29 37 91 
13 30 37 91 
1 8 13 37 95 
9 13 37 95 
13 37 98 
16 17 23 37 50 68 
16 29 37 50 68 
16 23 37 57 68 
16 17 37 50 75 
16 37 57 75 
16 17 23 37 86 
16 29 37 86 
16 37 95 
2 8 11 17 23 37 53 68 
8 12 17 23 37 53 68 
8 11 17 24 37 53 68 
2 8 17 26 37 53 68 
8 17 27 37 53 68 
8 11 17 23 37 53 69 
8 17 26 37 53 69 
2 8 17 23 37 53 72 
8 17 24 37 53 72 
8 17 23 37 53 73 
2 8 11 17 37 53 75 
8 12 17 37 53 75 
8 11 17 37 53 76 
2 8 17 37 53 77 
8 17 37 53 78 
2 14 17 23 37 53 68 
14 17 24 37 53 68 
14 17 23 37 53 69 
2 14 17 37 53 75 
14 17 37 53 76 
2 17 28 37 53 68 
17 28 37 53 69 
2 17 23 37 53 74 
17 24 37 53 74 
2 11 20 23 37 53 68 
12 20 23 37 53 68 
11 20 24 37 53 68 
2 20 26 37 53 68 
20 27 37 53 68 
11 20 23 37 53 69 
20 26 37 53 69 
2 20 23 37 53 72 
20 24 37 53 72 
20 23 37 53 73 
2 11 20 37 53 75 
12 20 37 53 75 
11 20 37 53 76 
2 20 37 53 77 
20 37 53 78 
2 22 23 37 53 68 
22 24 37 53 68 
22 23 37 53 69 
2 22 37 53 75 
22 37 53 76 
2 8 11 29 37 53 68 
8 12 29 37 53 68 
8 11 29 37 53 69 
2 8 29 37 53 72 
8 29 37 53 73 
2 14 29 37 53 68 
14 29 37 53 69 
2 29 37 53 74 
8 11 31 37 53 68 
14 31 37 53 68 
8 31 37 53 72 
31 37 53 74 
2 11 33 37 53 68 
12 33 37 53 68 
11 33 37 53 69 
2 33 37 53 72 
33 37 53 73 
2 8 34 37 53 68 
8 34 37 53 69 
2 35 37 53 68 
35 37 53 69 
2 11 23 37 61 68 
12 23 37 61 68 
11 24 37 61 68 
2 26 37 61 68 
27 37 61 68 
11 23 37 61 69 
26 37 61 69 
2 23 37 61 72 
24 37 61 72 
23 37 61 73 
2 11 37 61 75 
12 37 61 75 
11 37 61 76 
2 37 61 77 
37 61 78 
23 37 63 68 
37 63 75 
1 8 11 17 23 37 50 71 
9 11 17 23 37 50 71 
8 11 18 23 37 50 71 
1 11 20 23 37 50 71 
11 21 23 37 50 71 
8 11 17 23 37 51 71 
11 20 23 37 51 71 
1 11 17 23 37 54 71 
11 18 23 37 54 71 
11 17 23 37 55 71 
1 8 11 23 37 57 71 
9 11 23 37 57 71 
8 11 23 37 58 71 
1 11 23 37 59 71 
11 23 37 60 71 
1 14 17 23 37 50 71 
14 18 23 37 50 71 
14 17 23 37 51 71 
1 14 23 37 57 71 
14 23 37 58 71 
1 22 23 37 50 71 
22 23 37 51 71 
1 17 23 37 56 71 
18 23 37 56 71 
1 8 17 26 37 50 71 
9 17 26 37 50 71 
8 18 26 37 50 71 
1 20 26 37 50 71 
21 26 37 50 71 
8 17 26 37 51 71 
20 26 37 51 71 
1 17 26 37 54 71 
18 26 37 54 71 
17 26 37 55 71 
1 8 26 37 57 71 
9 26 37 57 71 
8 26 37 58 71 
1 26 37 59 71 
26 37 60 71 
1 17 28 37 50 71 
18 28 37 50 71 
17 28 37 51 71 
1 28 37 57 71 
28 37 58 71 
1 8 11 29 37 50 71 
9 11 29 37 50 71 
8 11 29 37 51 71 
1 11 29 37 54 71 
11 29 37 55 71 
1 14 29 37 50 71 
14 29 37 51 71 
1 29 37 56 71 
8 11 30 37 50 71 
14 30 37 50 71 
11 30 37 54 71 
30 37 56 71 
1 11 33 37 50 71 
11 33 37 51 71 
1 8 34 37 50 71 
9 34 37 50 71 
8 34 37 51 71 
1 34 37 54 71 
34 37 55 71 
1 35 37 50 71 
35 37 51 71 
1 8 17 37 50 79 
9 17 37 50 79 
8 18 37 50 79 
1 20 37 50 79 
21 37 50 79 
8 17 37 51 79 
20 37 51 79 
1 17 37 54 79 
18 37 54 79 
17 37 55 79 
1 8 37 57 79 
9 37 57 79 
8 37 58 79 
1 37 59 79 
37 60 79 
17 37 50 81 
37 57 81 
8 11 17 23 37 90 
14 17 23 37 90 
11 20 23 37 90 
22 23 37 90 
8 17 26 37 90 
20 26 37 90 
17 28 37 90 
8 11 29 37 90 
14 29 37 90 
11 33 37 90 
8 34 37 90 
35 37 90 
1 2 8 11 37 97 
3 8 11 37 97 
2 9 11 37 97 
1 8 12 37 97 
9 12 37 97 
1 2 14 37 97 
3 14 37 97 
15 37 97 
37 102 
1 2 8 11 17 23 38 50 68 
3 8 11 17 23 38 50 68 
2 8 11 18 23 38 50 68 
8 11 19 23 38 50 68 
1 8 11 17 24 38 50 68 
8 11 18 24 38 50 68 
8 11 17 25 38 50 68 
1 2 8 11 29 38 50 68 
3 8 11 29 38 50 68 
2 8 11 30 38 50 68 
1 8 11 31 38 50 68 
8 11 32 38 50 68 
2 9 11 17 23 38 50 68 
9 11 17 24 38 50 68 
2 9 11 29 38 50 68 
9 11 31 38 50 68 
1 2 11 20 23 38 50 68 
3 11 20 23 38 50 68 
1 11 20 24 38 50 68 
11 20 25 38 50 68 
2 11 21 23 38 50 68 
11 21 24 38 50 68 
1 2 11 33 38 50 68 
3 11 33 38 50 68 
1 8 12 17 23 38 50 68 
9 12 17 23 38 50 68 
8 12 18 23 38 50 68 
1 12 20 23 38 50 68 
12 21 23 38 50 68 
1 8 12 29 38 50 68 
9 12 29 38 50 68 
8 12 30 38 50 68 
1 12 33 38 50 68 
1 2 14 17 23 38 50 68 
3 14 17 23 38 50 68 
2 14 18 23 38 50 68 
14 19 23 38 50 68 
1 14 17 24 38 50 68 
14 18 24 38 50 68 
14 17 25 38 50 68 
1 2 14 29 38 50 68 
3 14 29 38 50 68 
2 14 30 38 50 68 
1 14 31 38 50 68 
14 32 38 50 68 
15 17 23 38 50 68 
15 29 38 50 68 
1 2 22 23 38 50 68 
3 22 23 38 50 68 
1 22 24 38 50 68 
22 25 38 50 68 
1 2 8 17 26 38 50 68 
2 9 17 26 38 50 68 
2 8 18 26 38 50 68 
1 2 20 26 38 50 68 
2 21 26 38 50 68 
3 8 17 26 38 50 68 
3 20 26 38 50 68 
8 19 26 38 50 68 
1 8 17 27 38 50 68 
9 17 27 38 50 68 
8 18 27 38 50 68 
1 20 27 38 50 68 
21 27 38 50 68 
1 2 17 28 38 50 68 
3 17 28 38 50 68 
2 18 28 38 50 68 
19 28 38 50 68 
1 2 8 34 38 50 68 
3 8 34 38 50 68 
2 9 34 38 50 68 
1 2 35 38 50 68 
3 35 38 50 68 
36 38 50 68 
2 8 11 17 23 38 51 68 
2 14 17 23 38 51 68 
2 11 20 23 38 51 68 
2 22 23 38 51 68 
2 8 17 26 38 51 68 
2 20 26 38 51 68 
2 17 28 38 51 68 
2 8 11 29 38 51 68 
2 14 29 38 51 68 
2 11 33 38 51 68 
2 8 34 38 51 68 
2 35 38 51 68 
8 12 17 23 38 51 68 
12 20 23 38 51 68 
8 12 29 38 51 68 
12 33 38 51 68 
8 11 17 24 38 51 68 
14 17 24 38 51 68 
11 20 24 38 51 68 
22 24 38 51 68 
8 17 27 38 51 68 
20 27 38 51 68 
8 11 31 38 51 68 
14 31 38 51 68 
8 11 17 23 38 52 68 
14 17 23 38 52 68 
11 20 23 38 52 68 
22 23 38 52 68 
8 17 26 38 52 68 
20 26 38 52 68 
17 28 38 52 68 
8 11 29 38 52 68 
14 29 38 52 68 
11 33 38 52 68 
8 34 38 52 68 
35 38 52 68 
1 2 11 17 23 38 54 68 
3 11 17 23 38 54 68 
2 11 18 23 38 54 68 
11 19 23 38 54 68 
1 11 17 24 38 54 68 
11 18 24 38 54 68 
11 17 25 38 54 68 
1 2 11 29 38 54 68 
3 11 29 38 54 68 
2 11 30 38 54 68 
1 11 31 38 54 68 
11 32 38 54 68 
1 12 17 23 38 54 68 
12 18 23 38 54 68 
1 12 29 38 54 68 
12 30 38 54 68 
1 2 17 26 38 54 68 
3 17 26 38 54 68 
2 18 26 38 54 68 
19 26 38 54 68 
1 17 27 38 54 68 
18 27 38 54 68 
1 2 34 38 54 68 
3 34 38 54 68 
2 11 17 23 38 55 68 
12 17 23 38 55 68 
11 17 24 38 55 68 
2 17 26 38 55 68 
17 27 38 55 68 
2 11 29 38 55 68 
12 29 38 55 68 
11 31 38 55 68 
2 34 38 55 68 
1 2 17 23 38 56 68 
3 17 23 38 56 68 
2 18 23 38 56 68 
19 23 38 56 68 
1 17 24 38 56 68 
18 24 38 56 68 
17 25 38 56 68 
1 2 29 38 56 68 
3 29 38 56 68 
2 30 38 56 68 
1 31 38 56 68 
32 38 56 68 
1 2 8 11 23 38 57 68 
1 8 12 23 38 57 68 
1 8 11 24 38 57 68 
1 2 8 26 38 57 68 
1 8 27 38 57 68 
3 8 11 23 38 57 68 
3 8 26 38 57 68 
8 11 25 38 57 68 
2 9 11 23 38 57 68 
9 12 23 38 57 68 
9 11 24 38 57 68 
2 9 26 38 57 68 
9 27 38 57 68 
1 2 14 23 38 57 68 
3 14 23 38 57 68 
1 14 24 38 57 68 
14 25 38 57 68 
15 23 38 57 68 
1 2 28 38 57 68 
3 28 38 57 68 
2 8 11 23 38 58 68 
8 12 23 38 58 68 
8 11 24 38 58 68 
2 8 26 38 58 68 
8 27 38 58 68 
2 14 23 38 58 68 
14 24 38 58 68 
2 28 38 58 68 
1 2 11 23 38 59 68 
1 12 23 38 59 68 
1 11 24 38 59 68 
1 2 26 38 59 68 
1 27 38 59 68 
3 11 23 38 59 68 
3 26 38 59 68 
11 25 38 59 68 
2 11 23 38 60 68 
12 23 38 60 68 
11 24 38 60 68 
2 26 38 60 68 
27 38 60 68 
23 38 62 68 
1 8 11 17 23 38 50 69 
9 11 17 23 38 50 69 
8 11 18 23 38 50 69 
1 11 20 23 38 50 69 
11 21 23 38 50 69 
8 11 17 23 38 51 69 
11 20 23 38 51 69 
1 11 17 23 38 54 69 
11 18 23 38 54 69 
11 17 23 38 55 69 
1 8 11 23 38 57 69 
9 11 23 38 57 69 
8 11 23 38 58 69 
1 11 23 38 59 69 
11 23 38 60 69 
1 14 17 23 38 50 69 
14 18 23 38 50 69 
14 17 23 38 51 69 
1 14 23 38 57 69 
14 23 38 58 69 
1 22 23 38 50 69 
22 23 38 51 69 
1 17 23 38 56 69 
18 23 38 56 69 
1 8 17 26 38 50 69 
9 17 26 38 50 69 
8 18 26 38 50 69 
1 20 26 38 50 69 
21 26 38 50 69 
8 17 26 38 51 69 
20 26 38 51 69 
1 17 26 38 54 69 
18 26 38 54 69 
17 26 38 55 69 
1 8 26 38 57 69 
9 26 38 57 69 
8 26 38 58 69 
1 26 38 59 69 
26 38 60 69 
1 17 28 38 50 69 
18 28 38 50 69 
17 28 38 51 69 
1 28 38 57 69 
28 38 58 69 
1 8 11 29 38 50 69 
9 11 29 38 50 69 
8 11 29 38 51 69 
1 11 29 38 54 69 
11 29 38 55 69 
1 14 29 38 50 69 
14 29 38 51 69 
1 29 38 56 69 
8 11 30 38 50 69 
14 30 38 50 69 
11 30 38 54 69 
30 38 56 69 
1 11 33 38 50 69 
11 33 38 51 69 
1 8 34 38 50 69 
9 34 38 50 69 
8 34 38 51 69 
1 34 38 54 69 
34 38 55 69 
1 35 38 50 69 
35 38 51 69 
8 11 17 23 38 50 70 
14 17 23 38 50 70 
11 20 23 38 50 70 
22 23 38 50 70 
8 17 26 38 50 70 
20 26 38 50 70 
17 28 38 50 70 
8 11 29 38 50 70 
14 29 38 50 70 
11 33 38 50 70 
8 34 38 50 70 
35 38 50 70 
11 17 23 38 54 70 
17 26 38 54 70 
11 29 38 54 70 
34 38 54 70 
17 23 38 56 70 
29 38 56 70 
8 11 23 38 57 70 
14 23 38 57 70 
8 26 38 57 70 
28 38 57 70 
11 23 38 59 70 
26 38 59 70 
1 2 8 17 23 38 50 72 
2 9 17 23 38 50 72 
2 8 18 23 38 50 72 
1 2 20 23 38 50 72 
2 21 23 38 50 72 
2 8 17 23 38 51 72 
2 20 23 38 51 72 
1 2 17 23 38 54 72 
2 18 23 38 54 72 
2 17 23 38 55 72 
1 2 8 23 38 57 72 
2 9 23 38 57 72 
2 8 23 38 58 72 
1 2 23 38 59 72 
2 23 38 60 72 
3 8 17 23 38 50 72 
3 20 23 38 50 72 
3 17 23 38 54 72 
3 8 23 38 57 72 
3 23 38 59 72 
8 19 23 38 50 72 
19 23 38 54 72 
8 17 23 38 52 72 
20 23 38 52 72 
1 8 17 24 38 50 72 
9 17 24 38 50 72 
8 18 24 38 50 72 
1 20 24 38 50 72 
21 24 38 50 72 
8 17 24 38 51 72 
20 24 38 51 72 
1 17 24 38 54 72 
18 24 38 54 72 
17 24 38 55 72 
1 8 24 38 57 72 
9 24 38 57 72 
8 24 38 58 72 
1 24 38 59 72 
24 38 60 72 
8 17 25 38 50 72 
20 25 38 50 72 
17 25 38 54 72 
8 25 38 57 72 
25 38 59 72 
1 2 8 29 38 50 72 
2 9 29 38 50 72 
2 8 29 38 51 72 
1 2 29 38 54 72 
2 29 38 55 72 
3 8 29 38 50 72 
3 29 38 54 72 
8 29 38 52 72 
2 8 30 38 50 72 
2 30 38 54 72 
1 8 31 38 50 72 
9 31 38 50 72 
8 31 38 51 72 
1 31 38 54 72 
31 38 55 72 
8 32 38 50 72 
32 38 54 72 
1 2 33 38 50 72 
3 33 38 50 72 
2 33 38 51 72 
33 38 52 72 
1 8 17 23 38 50 73 
9 17 23 38 50 73 
8 18 23 38 50 73 
1 20 23 38 50 73 
21 23 38 50 73 
8 17 23 38 51 73 
20 23 38 51 73 
1 17 23 38 54 73 
18 23 38 54 73 
17 23 38 55 73 
1 8 23 38 57 73 
9 23 38 57 73 
8 23 38 58 73 
1 23 38 59 73 
23 38 60 73 
1 8 29 38 50 73 
9 29 38 50 73 
8 29 38 51 73 
1 29 38 54 73 
29 38 55 73 
8 30 38 50 73 
30 38 54 73 
1 33 38 50 73 
33 38 51 73 
1 2 17 23 38 50 74 
3 17 23 38 50 74 
2 18 23 38 50 74 
19 23 38 50 74 
1 17 24 38 50 74 
18 24 38 50 74 
17 25 38 50 74 
1 2 29 38 50 74 
3 29 38 50 74 
2 30 38 50 74 
1 31 38 50 74 
32 38 50 74 
2 17 23 38 51 74 
17 24 38 51 74 
2 29 38 51 74 
31 38 51 74 
17 23 38 52 74 
29 38 52 74 
1 2 23 38 57 74 
3 23 38 57 74 
1 24 38 57 74 
25 38 57 74 
2 23 38 58 74 
24 38 58 74 
1 2 8 11 17 38 50 75 
2 9 11 17 38 50 75 
2 8 11 18 38 50 75 
1 2 11 20 38 50 75 
2 11 21 38 50 75 
2 8 11 17 38 51 75 
2 11 20 38 51 75 
1 2 11 17 38 54 75 
2 11 18 38 54 75 
2 11 17 38 55 75 
1 2 8 11 38 57 75 
2 9 11 38 57 75 
2 8 11 38 58 75 
1 2 11 38 59 75 
2 11 38 60 75 
3 8 11 17 38 50 75 
3 11 20 38 50 75 
3 11 17 38 54 75 
3 8 11 38 57 75 
3 11 38 59 75 
8 11 19 38 50 75 
11 19 38 54 75 
8 11 17 38 52 75 
11 20 38 52 75 
1 8 12 17 38 50 75 
9 12 17 38 50 75 
8 12 18 38 50 75 
1 12 20 38 50 75 
12 21 38 50 75 
8 12 17 38 51 75 
12 20 38 51 75 
1 12 17 38 54 75 
12 18 38 54 75 
12 17 38 55 75 
1 8 12 38 57 75 
9 12 38 57 75 
8 12 38 58 75 
1 12 38 59 75 
12 38 60 75 
1 2 14 17 38 50 75 
2 14 18 38 50 75 
2 14 17 38 51 75 
1 2 14 38 57 75 
2 14 38 58 75 
3 14 17 38 50 75 
3 14 38 57 75 
14 19 38 50 75 
14 17 38 52 75 
15 17 38 50 75 
15 38 57 75 
1 2 22 38 50 75 
3 22 38 50 75 
2 22 38 51 75 
22 38 52 75 
1 2 17 38 56 75 
3 17 38 56 75 
2 18 38 56 75 
19 38 56 75 
38 62 75 
1 8 11 17 38 50 76 
9 11 17 38 50 76 
8 11 18 38 50 76 
1 11 20 38 50 76 
11 21 38 50 76 
8 11 17 38 51 76 
11 20 38 51 76 
1 11 17 38 54 76 
11 18 38 54 76 
11 17 38 55 76 
1 8 11 38 57 76 
9 11 38 57 76 
8 11 38 58 76 
1 11 38 59 76 
11 38 60 76 
1 14 17 38 50 76 
14 18 38 50 76 
14 17 38 51 76 
1 14 38 57 76 
14 38 58 76 
1 22 38 50 76 
22 38 51 76 
1 17 38 56 76 
18 38 56 76 
1 2 8 17 38 50 77 
2 9 17 38 50 77 
2 8 18 38 50 77 
1 2 20 38 50 77 
2 21 38 50 77 
2 8 17 38 51 77 
2 20 38 51 77 
1 2 17 38 54 77 
2 18 38 54 77 
2 17 38 55 77 
1 2 8 38 57 77 
2 9 38 57 77 
2 8 38 58 77 
1 2 38 59 77 
2 38 60 77 
3 8 17 38 50 77 
3 20 38 50 77 
3 17 38 54 77 
3 8 38 57 77 
3 38 59 77 
8 19 38 50 77 
19 38 54 77 
8 17 38 52 77 
20 38 52 77 
1 8 17 38 50 78 
9 17 38 50 78 
8 18 38 50 78 
1 20 38 50 78 
21 38 50 78 
8 17 38 51 78 
20 38 51 78 
1 17 38 54 78 
18 38 54 78 
17 38 55 78 
1 8 38 57 78 
9 38 57 78 
8 38 58 78 
1 38 59 78 
38 60 78 
17 38 50 80 
38 57 80 
1 2 8 11 17 23 38 86 
3 8 11 17 23 38 86 
2 8 11 18 23 38 86 
8 11 19 23 38 86 
1 8 11 17 24 38 86 
8 11 18 24 38 86 
8 11 17 25 38 86 
1 2 8 11 29 38 86 
3 8 11 29 38 86 
2 8 11 30 38 86 
1 8 11 31 38 86 
8 11 32 38 86 
2 9 11 17 23 38 86 
9 11 17 24 38 86 
2 9 11 29 38 86 
9 11 31 38 86 
1 2 11 20 23 38 86 
3 11 20 23 38 86 
1 11 20 24 38 86 
11 20 25 38 86 
2 11 21 23 38 86 
11 21 24 38 86 
1 2 11 33 38 86 
3 11 33 38 86 
1 8 12 17 23 38 86 
9 12 17 23 38 86 
8 12 18 23 38 86 
1 12 20 23 38 86 
12 21 23 38 86 
1 8 12 29 38 86 
9 12 29 38 86 
8 12 30 38 86 
1 12 33 38 86 
1 2 14 17 23 38 86 
3 14 17 23 38 86 
2 14 18 23 38 86 
14 19 23 38 86 
1 14 17 24 38 86 
14 18 24 38 86 
14 17 25 38 86 
1 2 14 29 38 86 
3 14 29 38 86 
2 14 30 38 86 
1 14 31 38 86 
14 32 38 86 
15 17 23 38 86 
15 29 38 86 
1 2 22 23 38 86 
3 22 23 38 86 
1 22 24 38 86 
22 25 38 86 
1 2 8 17 26 38 86 
2 9 17 26 38 86 
2 8 18 26 38 86 
1 2 20 26 38 86 
2 21 26 38 86 
3 8 17 26 38 86 
3 20 26 38 86 
8 19 26 38 86 
1 8 17 27 38 86 
9 17 27 38 86 
8 18 27 38 86 
1 20 27 38 86 
21 27 38 86 
1 2 17 28 38 86 
3 17 28 38 86 
2 18 28 38 86 
19 28 38 86 
1 2 8 34 38 86 
3 8 34 38 86 
2 9 34 38 86 
1 2 35 38 86 
3 35 38 86 
36 38 86 
2 8 11 17 23 38 87 
2 14 17 23 38 87 
2 11 20 23 38 87 
2 22 23 38 87 
2 8 17 26 38 87 
2 20 26 38 87 
2 17 28 38 87 
2 8 11 29 38 87 
2 14 29 38 87 
2 11 33 38 87 
2 8 34 38 87 
2 35 38 87 
8 12 17 23 38 87 
12 20 23 38 87 
8 12 29 38 87 
12 33 38 87 
8 11 17 24 38 87 
14 17 24 38 87 
11 20 24 38 87 
22 24 38 87 
8 17 27 38 87 
20 27 38 87 
8 11 31 38 87 
14 31 38 87 
1 8 11 17 23 38 88 
1 14 17 23 38 88 
1 11 20 23 38 88 
1 22 23 38 88 
1 8 17 26 38 88 
1 20 26 38 88 
1 17 28 38 88 
1 8 11 29 38 88 
1 14 29 38 88 
1 11 33 38 88 
1 8 34 38 88 
1 35 38 88 
9 11 17 23 38 88 
9 17 26 38 88 
9 11 29 38 88 
9 34 38 88 
8 11 18 23 38 88 
14 18 23 38 88 
8 18 26 38 88 
18 28 38 88 
11 21 23 38 88 
21 26 38 88 
8 11 30 38 88 
14 30 38 88 
8 11 17 23 38 89 
14 17 23 38 89 
11 20 23 38 89 
22 23 38 89 
8 17 26 38 89 
20 26 38 89 
17 28 38 89 
8 11 29 38 89 
14 29 38 89 
11 33 38 89 
8 34 38 89 
35 38 89 
1 2 11 17 23 38 91 
3 11 17 23 38 91 
2 11 18 23 38 91 
11 19 23 38 91 
1 11 17 24 38 91 
11 18 24 38 91 
11 17 25 38 91 
1 2 11 29 38 91 
3 11 29 38 91 
2 11 30 38 91 
1 11 31 38 91 
11 32 38 91 
1 12 17 23 38 91 
12 18 23 38 91 
1 12 29 38 91 
12 30 38 91 
1 2 17 26 38 91 
3 17 26 38 91 
2 18 26 38 91 
19 26 38 91 
1 17 27 38 91 
18 27 38 91 
1 2 34 38 91 
3 34 38 91 
1 2 8 17 23 38 92 
3 8 17 23 38 92 
2 8 18 23 38 92 
8 19 23 38 92 
1 8 17 24 38 92 
8 18 24 38 92 
8 17 25 38 92 
1 2 8 29 38 92 
3 8 29 38 92 
2 8 30 38 92 
1 8 31 38 92 
8 32 38 92 
2 9 17 23 38 92 
9 17 24 38 92 
2 9 29 38 92 
9 31 38 92 
1 2 20 23 38 92 
3 20 23 38 92 
1 20 24 38 92 
20 25 38 92 
2 21 23 38 92 
21 24 38 92 
1 2 33 38 92 
3 33 38 92 
1 2 17 23 38 93 
3 17 23 38 93 
2 18 23 38 93 
19 23 38 93 
1 17 24 38 93 
18 24 38 93 
17 25 38 93 
1 2 29 38 93 
3 29 38 93 
2 30 38 93 
1 31 38 93 
32 38 93 
17 23 38 94 
29 38 94 
1 2 8 11 38 95 
3 8 11 38 95 
2 9 11 38 95 
1 8 12 38 95 
9 12 38 95 
1 2 14 38 95 
3 14 38 95 
15 38 95 
8 11 38 96 
14 38 96 
2 11 38 98 
12 38 98 
1 8 38 99 
9 38 99 
1 2 38 100 
3 38 100 
38 101 
4 17 23 39 50 68 
4 29 39 50 68 
4 23 39 57 68 
4 17 39 50 75 
4 39 57 75 
4 17 23 39 86 
4 29 39 86 
4 39 95 
39 97 
17 23 40 50 68 
29 40 50 68 
23 40 57 68 
17 40 50 75 
40 57 75 
17 23 40 86 
29 40 86 
40 95 
1 2 4 8 11 23 41 50 68 
3 4 8 11 23 41 50 68 
2 4 8 11 23 41 51 68 
4 8 11 23 41 52 68 
1 4 8 11 23 41 50 69 
4 8 11 23 41 51 69 
4 8 11 23 41 50 70 
1 2 4 8 11 23 41 86 
3 4 8 11 23 41 86 
2 4 8 11 23 41 87 
1 4 8 11 23 41 88 
4 8 11 23 41 89 
2 4 9 11 23 41 50 68 
4 9 11 23 41 50 69 
2 4 9 11 23 41 86 
4 9 11 23 41 88 
1 2 4 11 23 41 54 68 
3 4 11 23 41 54 68 
1 4 11 23 41 54 69 
4 11 23 41 54 70 
2 4 11 23 41 55 68 
4 11 23 41 55 69 
1 2 4 11 23 41 91 
3 4 11 23 41 91 
1 4 8 12 23 41 50 68 
4 9 12 23 41 50 68 
4 8 12 23 41 51 68 
1 4 12 23 41 54 68 
4 12 23 41 55 68 
1 4 8 12 23 41 86 
4 9 12 23 41 86 
4 8 12 23 41 87 
1 4 12 23 41 91 
1 2 4 14 23 41 50 68 
3 4 14 23 41 50 68 
2 4 14 23 41 51 68 
4 14 23 41 52 68 
1 4 14 23 41 50 69 
4 14 23 41 51 69 
4 14 23 41 50 70 
1 2 4 14 23 41 86 
3 4 14 23 41 86 
2 4 14 23 41 87 
1 4 14 23 41 88 
4 14 23 41 89 
4 15 23 41 50 68 
4 15 23 41 86 
1 2 4 23 41 56 68 
3 4 23 41 56 68 
1 4 23 41 56 69 
4 23 41 56 70 
1 2 4 8 23 41 50 72 
2 4 9 23 41 50 72 
2 4 8 23 41 51 72 
1 2 4 23 41 54 72 
2 4 23 41 55 72 
3 4 8 23 41 50 72 
3 4 23 41 54 72 
4 8 23 41 52 72 
1 4 8 23 41 50 73 
4 9 23 41 50 73 
4 8 23 41 51 73 
1 4 23 41 54 73 
4 23 41 55 73 
1 2 4 23 41 50 74 
3 4 23 41 50 74 
2 4 23 41 51 74 
4 23 41 52 74 
1 2 4 8 23 41 92 
3 4 8 23 41 92 
2 4 9 23 41 92 
1 2 4 23 41 93 
3 4 23 41 93 
4 23 41 94 
1 4 8 11 24 41 50 68 
1 4 14 24 41 50 68 
1 4 11 24 41 54 68 
1 4 24 41 56 68 
1 4 8 24 41 50 72 
1 4 24 41 54 72 
1 4 24 41 50 74 
1 4 8 11 24 41 86 
1 4 14 24 41 86 
1 4 11 24 41 91 
1 4 8 24 41 92 
1 4 24 41 93 
4 9 11 24 41 50 68 
4 9 24 41 50 72 
4 9 11 24 41 86 
4 9 24 41 92 
4 8 11 24 41 51 68 
4 14 24 41 51 68 
4 8 24 41 51 72 
4 24 41 51 74 
4 11 24 41 55 68 
4 24 41 55 72 
4 8 11 24 41 87 
4 14 24 41 87 
4 8 11 25 41 50 68 
4 14 25 41 50 68 
4 11 25 41 54 68 
4 25 41 56 68 
4 8 25 41 50 72 
4 25 41 54 72 
4 25 41 50 74 
4 8 11 25 41 86 
4 14 25 41 86 
4 11 25 41 91 
4 8 25 41 92 
4 25 41 93 
1 2 4 8 26 41 50 68 
3 4 8 26 41 50 68 
2 4 8 26 41 51 68 
4 8 26 41 52 68 
1 4 8 26 41 50 69 
4 8 26 41 51 69 
4 8 26 41 50 70 
1 2 4 8 26 41 86 
3 4 8 26 41 86 
2 4 8 26 41 87 
1 4 8 26 41 88 
4 8 26 41 89 
2 4 9 26 41 50 68 
4 9 26 41 50 69 
2 4 9 26 41 86 
4 9 26 41 88 
1 2 4 26 41 54 68 
3 4 26 41 54 68 
1 4 26 41 54 69 
4 26 41 54 70 
2 4 26 41 55 68 
4 26 41 55 69 
1 2 4 26 41 91 
3 4 26 41 91 
1 4 8 27 41 50 68 
4 9 27 41 50 68 
4 8 27 41 51 68 
1 4 27 41 54 68 
4 27 41 55 68 
1 4 8 27 41 86 
4 9 27 41 86 
4 8 27 41 87 
1 4 27 41 91 
1 2 4 28 41 50 68 
3 4 28 41 50 68 
2 4 28 41 51 68 
4 28 41 52 68 
1 4 28 41 50 69 
4 28 41 51 69 
4 28 41 50 70 
1 2 4 28 41 86 
3 4 28 41 86 
2 4 28 41 87 
1 4 28 41 88 
4 28 41 89 
1 2 4 8 11 41 50 75 
2 4 9 11 41 50 75 
2 4 8 11 41 51 75 
1 2 4 11 41 54 75 
2 4 11 41 55 75 
3 4 8 11 41 50 75 
3 4 11 41 54 75 
4 8 11 41 52 75 
1 4 8 12 41 50 75 
4 9 12 41 50 75 
4 8 12 41 51 75 
1 4 12 41 54 75 
4 12 41 55 75 
1 2 4 14 41 50 75 
3 4 14 41 50 75 
2 4 14 41 51 75 
4 14 41 52 75 
4 15 41 50 75 
1 2 4 41 56 75 
3 4 41 56 75 
1 4 8 11 41 50 76 
4 9 11 41 50 76 
4 8 11 41 51 76 
1 4 11 41 54 76 
4 11 41 55 76 
1 4 14 41 50 76 
4 14 41 51 76 
1 4 41 56 76 
1 2 4 8 41 50 77 
2 4 9 41 50 77 
2 4 8 41 51 77 
1 2 4 41 54 77 
2 4 41 55 77 
3 4 8 41 50 77 
3 4 41 54 77 
4 8 41 52 77 
1 4 8 41 50 78 
4 9 41 50 78 
4 8 41 51 78 
1 4 41 54 78 
4 41 55 78 
4 41 50 80 
2 5 8 11 23 41 50 68 
5 8 12 23 41 50 68 
5 8 11 24 41 50 68 
2 5 8 26 41 50 68 
5 8 27 41 50 68 
5 8 11 23 41 50 69 
5 8 26 41 50 69 
2 5 8 23 41 50 72 
5 8 24 41 50 72 
5 8 23 41 50 73 
2 5 8 11 41 50 75 
5 8 12 41 50 75 
5 8 11 41 50 76 
2 5 8 41 50 77 
5 8 41 50 78 
2 5 14 23 41 50 68 
5 14 24 41 50 68 
5 14 23 41 50 69 
2 5 14 41 50 75 
5 14 41 50 76 
2 5 28 41 50 68 
5 28 41 50 69 
2 5 23 41 50 74 
5 24 41 50 74 
2 5 11 23 41 54 68 
5 12 23 41 54 68 
5 11 24 41 54 68 
2 5 26 41 54 68 
5 27 41 54 68 
5 11 23 41 54 69 
5 26 41 54 69 
2 5 23 41 54 72 
5 24 41 54 72 
5 23 41 54 73 
2 5 11 41 54 75 
5 12 41 54 75 
5 11 41 54 76 
2 5 41 54 77 
5 41 54 78 
2 5 23 41 56 68 
5 24 41 56 68 
5 23 41 56 69 
2 5 41 56 75 
5 41 56 76 
2 5 8 11 23 41 86 
5 8 12 23 41 86 
5 8 11 24 41 86 
2 5 8 26 41 86 
5 8 27 41 86 
2 5 14 23 41 86 
5 14 24 41 86 
2 5 28 41 86 
5 8 11 23 41 88 
5 14 23 41 88 
5 8 26 41 88 
5 28 41 88 
2 5 11 23 41 91 
5 12 23 41 91 
5 11 24 41 91 
2 5 26 41 91 
5 27 41 91 
2 5 8 23 41 92 
5 8 24 41 92 
2 5 23 41 93 
5 24 41 93 
1 6 8 11 23 41 50 68 
1 6 14 23 41 50 68 
1 6 11 23 41 54 68 
1 6 23 41 56 68 
1 6 8 23 41 50 72 
1 6 23 41 54 72 
1 6 23 41 50 74 
1 6 8 11 23 41 86 
1 6 14 23 41 86 
1 6 11 23 41 91 
1 6 8 23 41 92 
1 6 23 41 93 
6 9 11 23 41 50 68 
6 9 23 41 50 72 
6 9 11 23 41 86 
6 9 23 41 92 
6 8 11 23 41 51 68 
6 14 23 41 51 68 
6 8 23 41 51 72 
6 23 41 51 74 
6 11 23 41 55 68 
6 23 41 55 72 
6 8 11 23 41 87 
6 14 23 41 87 
1 6 8 26 41 50 68 
6 9 26 41 50 68 
6 8 26 41 51 68 
1 6 26 41 54 68 
6 26 41 55 68 
1 6 8 26 41 86 
6 9 26 41 86 
6 8 26 41 87 
1 6 26 41 91 
1 6 28 41 50 68 
6 28 41 51 68 
1 6 28 41 86 
6 28 41 87 
1 6 8 11 41 50 75 
6 9 11 41 50 75 
6 8 11 41 51 75 
1 6 11 41 54 75 
6 11 41 55 75 
1 6 14 41 50 75 
6 14 41 51 75 
1 6 41 56 75 
1 6 8 41 50 77 
6 9 41 50 77 
6 8 41 51 77 
1 6 41 54 77 
6 41 55 77 
7 8 11 23 41 50 68 
7 14 23 41 50 68 
7 11 23 41 54 68 
7 23 41 56 68 
7 8 23 41 50 72 
7 23 41 54 72 
7 23 41 50 74 
7 8 11 23 41 86 
7 14 23 41 86 
7 11 23 41 91 
7 8 23 41 92 
7 23 41 93 
7 8 26 41 50 68 
7 26 41 54 68 
7 8 26 41 86 
7 26 41 91 
7 28 41 50 68 
7 28 41 86 
7 8 11 41 50 75 
7 14 41 50 75 
7 11 41 54 75 
7 41 56 75 
7 8 41 50 77 
7 41 54 77 
2 10 11 23 41 50 68 
10 12 23 41 50 68 
10 11 24 41 50 68 
2 10 26 41 50 68 
10 27 41 50 68 
10 11 23 41 50 69 
10 26 41 50 69 
2 10 23 41 50 72 
10 24 41 50 72 
10 23 41 50 73 
2 10 11 41 50 75 
10 12 41 50 75 
10 11 41 50 76 
2 10 41 50 77 
10 41 50 78 
2 10 11 23 41 86 
10 12 23 41 86 
10 11 24 41 86 
2 10 26 41 86 
10 27 41 86 
10 11 23 41 88 
10 26 41 88 
2 10 23 41 92 
10 24 41 92 
1 8 13 23 41 50 68 
9 13 23 41 50 68 
8 13 23 41 51 68 
1 13 23 41 54 68 
13 23 41 55 68 
1 8 13 23 41 86 
9 13 23 41 86 
8 13 23 41 87 
1 13 23 41 91 
1 8 13 41 50 75 
9 13 41 50 75 
8 13 41 51 75 
1 13 41 54 75 
13 41 55 75 
16 23 41 50 68 
16 41 50 75 
16 23 41 86 
2 8 11 23 41 53 68 
8 12 23 41 53 68 
8 11 24 41 53 68 
2 8 26 41 53 68 
8 27 41 53 68 
8 11 23 41 53 69 
8 26 41 53 69 
2 8 23 41 53 72 
8 24 41 53 72 
8 23 41 53 73 
2 8 11 41 53 75 
8 12 41 53 75 
8 11 41 53 76 
2 8 41 53 77 
8 41 53 78 
2 14 23 41 53 68 
14 24 41 53 68 
14 23 41 53 69 
2 14 41 53 75 
14 41 53 76 
2 28 41 53 68 
28 41 53 69 
2 23 41 53 74 
24 41 53 74 
1 8 11 23 41 50 71 
9 11 23 41 50 71 
8 11 23 41 51 71 
1 11 23 41 54 71 
11 23 41 55 71 
1 14 23 41 50 71 
14 23 41 51 71 
1 23 41 56 71 
1 8 26 41 50 71 
9 26 41 50 71 
8 26 41 51 71 
1 26 41 54 71 
26 41 55 71 
1 28 41 50 71 
28 41 51 71 
1 8 41 50 79 
9 41 50 79 
8 41 51 79 
1 41 54 79 
41 55 79 
41 50 81 
8 11 23 41 90 
14 23 41 90 
8 26 41 90 
28 41 90 
2 8 11 23 42 50 68 
8 12 23 42 50 68 
8 11 24 42 50 68 
2 8 26 42 50 68 
8 27 42 50 68 
8 11 23 42 50 69 
8 26 42 50 69 
2 8 23 42 50 72 
8 24 42 50 72 
8 23 42 50 73 
2 8 11 42 50 75 
8 12 42 50 75 
8 11 42 50 76 
2 8 42 50 77 
8 42 50 78 
2 14 23 42 50 68 
14 24 42 50 68 
14 23 42 50 69 
2 14 42 50 75 
14 42 50 76 
2 28 42 50 68 
28 42 50 69 
2 23 42 50 74 
24 42 50 74 
2 11 23 42 54 68 
12 23 42 54 68 
11 24 42 54 68 
2 26 42 54 68 
27 42 54 68 
11 23 42 54 69 
26 42 54 69 
2 23 42 54 72 
24 42 54 72 
23 42 54 73 
2 11 42 54 75 
12 42 54 75 
11 42 54 76 
2 42 54 77 
42 54 78 
2 23 42 56 68 
24 42 56 68 
23 42 56 69 
2 42 56 75 
42 56 76 
2 8 11 23 42 86 
8 12 23 42 86 
8 11 24 42 86 
2 8 26 42 86 
8 27 42 86 
2 14 23 42 86 
14 24 42 86 
2 28 42 86 
8 11 23 42 88 
14 23 42 88 
8 26 42 88 
28 42 88 
2 11 23 42 91 
12 23 42 91 
11 24 42 91 
2 26 42 91 
27 42 91 
2 8 23 42 92 
8 24 42 92 
2 23 42 93 
24 42 93 
1 2 4 11 23 43 50 68 
1 4 12 23 43 50 68 
1 4 11 24 43 50 68 
1 2 4 26 43 50 68 
1 4 27 43 50 68 
1 4 11 23 43 50 69 
1 4 26 43 50 69 
1 2 4 23 43 50 72 
1 4 24 43 50 72 
1 4 23 43 50 73 
1 2 4 11 43 50 75 
1 4 12 43 50 75 
1 4 11 43 50 76 
1 2 4 43 50 77 
1 4 43 50 78 
3 4 11 23 43 50 68 
3 4 26 43 50 68 
3 4 23 43 50 72 
3 4 11 43 50 75 
3 4 43 50 77 
4 11 25 43 50 68 
4 25 43 50 72 
4 11 23 43 50 70 
4 26 43 50 70 
2 4 11 23 43 51 68 
4 12 23 43 51 68 
4 11 24 43 51 68 
2 4 26 43 51 68 
4 27 43 51 68 
4 11 23 43 51 69 
4 26 43 51 69 
2 4 23 43 51 72 
4 24 43 51 72 
4 23 43 51 73 
2 4 11 43 51 75 
4 12 43 51 75 
4 11 43 51 76 
2 4 43 51 77 
4 43 51 78 
4 11 23 43 52 68 
4 26 43 52 68 
4 23 43 52 72 
4 11 43 52 75 
4 43 52 77 
1 2 4 11 23 43 86 
1 4 12 23 43 86 
1 4 11 24 43 86 
1 2 4 26 43 86 
1 4 27 43 86 
3 4 11 23 43 86 
3 4 26 43 86 
4 11 25 43 86 
2 4 11 23 43 87 
4 12 23 43 87 
4 11 24 43 87 
2 4 26 43 87 
4 27 43 87 
1 4 11 23 43 88 
1 4 26 43 88 
4 11 23 43 89 
4 26 43 89 
1 2 4 23 43 92 
3 4 23 43 92 
1 4 24 43 92 
4 25 43 92 
2 5 11 23 43 50 68 
5 12 23 43 50 68 
5 11 24 43 50 68 
2 5 26 43 50 68 
5 27 43 50 68 
5 11 23 43 50 69 
5 26 43 50 69 
2 5 23 43 50 72 
5 24 43 50 72 
5 23 43 50 73 
2 5 11 43 50 75 
5 12 43 50 75 
5 11 43 50 76 
2 5 43 50 77 
5 43 50 78 
2 5 11 23 43 86 
5 12 23 43 86 
5 11 24 43 86 
2 5 26 43 86 
5 27 43 86 
5 11 23 43 88 
5 26 43 88 
2 5 23 43 92 
5 24 43 92 
1 6 11 23 43 50 68 
1 6 26 43 50 68 
1 6 23 43 50 72 
1 6 11 43 50 75 
1 6 43 50 77 
1 6 11 23 43 86 
1 6 26 43 86 
1 6 23 43 92 
6 11 23 43 51 68 
6 26 43 51 68 
6 23 43 51 72 
6 11 43 51 75 
6 43 51 77 
6 11 23 43 87 
6 26 43 87 
7 11 23 43 50 68 
7 26 43 50 68 
7 23 43 50 72 
7 11 43 50 75 
7 43 50 77 
7 11 23 43 86 
7 26 43 86 
7 23 43 92 
1 13 23 43 50 68 
13 23 43 51 68 
1 13 23 43 86 
13 23 43 87 
1 13 43 50 75 
13 43 51 75 
2 11 23 43 53 68 
12 23 43 53 68 
11 24 43 53 68 
2 26 43 53 68 
27 43 53 68 
11 23 43 53 69 
26 43 53 69 
2 23 43 53 72 
24 43 53 72 
23 43 53 73 
2 11 43 53 75 
12 43 53 75 
11 43 53 76 
2 43 53 77 
43 53 78 
1 11 23 43 50 71 
1 26 43 50 71 
11 23 43 51 71 
26 43 51 71 
1 43 50 79 
43 51 79 
11 23 43 90 
26 43 90 
1 2 4 8 11 17 44 50 68 
3 4 8 11 17 44 50 68 
2 4 8 11 17 44 51 68 
4 8 11 17 44 52 68 
1 4 8 11 17 44 50 69 
4 8 11 17 44 51 69 
4 8 11 17 44 50 70 
1 2 4 8 11 17 44 86 
3 4 8 11 17 44 86 
2 4 8 11 17 44 87 
1 4 8 11 17 44 88 
4 8 11 17 44 89 
2 4 9 11 17 44 50 68 
4 9 11 17 44 50 69 
2 4 9 11 17 44 86 
4 9 11 17 44 88 
1 2 4 11 17 44 54 68 
3 4 11 17 44 54 68 
1 4 11 17 44 54 69 
4 11 17 44 54 70 
2 4 11 17 44 55 68 
4 11 17 44 55 69 
1 2 4 11 17 44 91 
3 4 11 17 44 91 
1 4 8 12 17 44 50 68 
4 9 12 17 44 50 68 
4 8 12 17 44 51 68 
1 4 12 17 44 54 68 
4 12 17 44 55 68 
1 4 8 12 17 44 86 
4 9 12 17 44 86 
4 8 12 17 44 87 
1 4 12 17 44 91 
1 2 4 14 17 44 50 68 
3 4 14 17 44 50 68 
2 4 14 17 44 51 68 
4 14 17 44 52 68 
1 4 14 17 44 50 69 
4 14 17 44 51 69 
4 14 17 44 50 70 
1 2 4 14 17 44 86 
3 4 14 17 44 86 
2 4 14 17 44 87 
1 4 14 17 44 88 
4 14 17 44 89 
4 15 17 44 50 68 
4 15 17 44 86 
1 2 4 17 44 56 68 
3 4 17 44 56 68 
1 4 17 44 56 69 
4 17 44 56 70 
1 2 4 8 17 44 50 72 
2 4 9 17 44 50 72 
2 4 8 17 44 51 72 
1 2 4 17 44 54 72 
2 4 17 44 55 72 
3 4 8 17 44 50 72 
3 4 17 44 54 72 
4 8 17 44 52 72 
1 4 8 17 44 50 73 
4 9 17 44 50 73 
4 8 17 44 51 73 
1 4 17 44 54 73 
4 17 44 55 73 
1 2 4 17 44 50 74 
3 4 17 44 50 74 
2 4 17 44 51 74 
4 17 44 52 74 
1 2 4 8 17 44 92 
3 4 8 17 44 92 
2 4 9 17 44 92 
1 2 4 17 44 93 
3 4 17 44 93 
4 17 44 94 
2 4 8 11 18 44 50 68 
2 4 14 18 44 50 68 
2 4 11 18 44 54 68 
2 4 18 44 56 68 
2 4 8 18 44 50 72 
2 4 18 44 54 72 
2 4 18 44 50 74 
2 4 8 11 18 44 86 
2 4 14 18 44 86 
2 4 11 18 44 91 
2 4 8 18 44 92 
2 4 18 44 93 
4 8 12 18 44 50 68 
4 12 18 44 54 68 
4 8 12 18 44 86 
4 12 18 44 91 
4 8 11 18 44 50 69 
4 14 18 44 50 69 
4 11 18 44 54 69 
4 18 44 56 69 
4 8 18 44 50 73 
4 18 44 54 73 
4 8 11 18 44 88 
4 14 18 44 88 
4 8 11 19 44 50 68 
4 14 19 44 50 68 
4 11 19 44 54 68 
4 19 44 56 68 
4 8 19 44 50 72 
4 19 44 54 72 
4 19 44 50 74 
4 8 11 19 44 86 
4 14 19 44 86 
4 11 19 44 91 
4 8 19 44 92 
4 19 44 93 
1 2 4 11 20 44 50 68 
3 4 11 20 44 50 68 
2 4 11 20 44 51 68 
4 11 20 44 52 68 
1 4 11 20 44 50 69 
4 11 20 44 51 69 
4 11 20 44 50 70 
1 2 4 11 20 44 86 
3 4 11 20 44 86 
2 4 11 20 44 87 
1 4 11 20 44 88 
4 11 20 44 89 
1 4 12 20 44 50 68 
4 12 20 44 51 68 
1 4 12 20 44 86 
4 12 20 44 87 
1 2 4 20 44 50 72 
3 4 20 44 50 72 
2 4 20 44 51 72 
4 20 44 52 72 
1 4 20 44 50 73 
4 20 44 51 73 
1 2 4 20 44 92 
3 4 20 44 92 
2 4 11 21 44 50 68 
4 12 21 44 50 68 
4 11 21 44 50 69 
2 4 21 44 50 72 
4 21 44 50 73 
2 4 11 21 44 86 
4 12 21 44 86 
4 11 21 44 88 
2 4 21 44 92 
1 2 4 22 44 50 68 
3 4 22 44 50 68 
2 4 22 44 51 68 
4 22 44 52 68 
1 4 22 44 50 69 
4 22 44 51 69 
4 22 44 50 70 
1 2 4 22 44 86 
3 4 22 44 86 
2 4 22 44 87 
1 4 22 44 88 
4 22 44 89 
1 2 4 8 11 44 57 68 
1 4 8 12 44 57 68 
1 4 8 11 44 57 69 
1 2 4 8 44 57 72 
1 4 8 44 57 73 
3 4 8 11 44 57 68 
3 4 8 44 57 72 
4 8 11 44 57 70 
2 4 9 11 44 57 68 
4 9 12 44 57 68 
4 9 11 44 57 69 
2 4 9 44 57 72 
4 9 44 57 73 
1 2 4 14 44 57 68 
3 4 14 44 57 68 
1 4 14 44 57 69 
4 14 44 57 70 
4 15 44 57 68 
1 2 4 44 57 74 
3 4 44 57 74 
2 4 8 11 44 58 68 
4 8 12 44 58 68 
4 8 11 44 58 69 
2 4 8 44 58 72 
4 8 44 58 73 
2 4 14 44 58 68 
4 14 44 58 69 
2 4 44 58 74 
1 2 4 11 44 59 68 
1 4 12 44 59 68 
1 4 11 44 59 69 
1 2 4 44 59 72 
1 4 44 59 73 
3 4 11 44 59 68 
3 4 44 59 72 
4 11 44 59 70 
2 4 11 44 60 68 
4 12 44 60 68 
4 11 44 60 69 
2 4 44 60 72 
4 44 60 73 
4 44 62 68 
2 5 8 11 17 44 50 68 
2 5 14 17 44 50 68 
2 5 11 17 44 54 68 
2 5 17 44 56 68 
2 5 8 17 44 50 72 
2 5 17 44 54 72 
2 5 17 44 50 74 
2 5 8 11 17 44 86 
2 5 14 17 44 86 
2 5 11 17 44 91 
2 5 8 17 44 92 
2 5 17 44 93 
5 8 12 17 44 50 68 
5 12 17 44 54 68 
5 8 12 17 44 86 
5 12 17 44 91 
5 8 11 17 44 50 69 
5 14 17 44 50 69 
5 11 17 44 54 69 
5 17 44 56 69 
5 8 17 44 50 73 
5 17 44 54 73 
5 8 11 17 44 88 
5 14 17 44 88 
2 5 11 20 44 50 68 
5 12 20 44 50 68 
5 11 20 44 50 69 
2 5 20 44 50 72 
5 20 44 50 73 
2 5 11 20 44 86 
5 12 20 44 86 
5 11 20 44 88 
2 5 20 44 92 
2 5 22 44 50 68 
5 22 44 50 69 
2 5 22 44 86 
5 22 44 88 
2 5 8 11 44 57 68 
5 8 12 44 57 68 
5 8 11 44 57 69 
2 5 8 44 57 72 
5 8 44 57 73 
2 5 14 44 57 68 
5 14 44 57 69 
2 5 44 57 74 
2 5 11 44 59 68 
5 12 44 59 68 
5 11 44 59 69 
2 5 44 59 72 
5 44 59 73 
1 6 8 11 17 44 50 68 
6 9 11 17 44 50 68 
6 8 11 18 44 50 68 
1 6 11 20 44 50 68 
6 11 21 44 50 68 
6 8 11 17 44 51 68 
6 11 20 44 51 68 
1 6 11 17 44 54 68 
6 11 18 44 54 68 
6 11 17 44 55 68 
1 6 8 11 44 57 68 
6 9 11 44 57 68 
6 8 11 44 58 68 
1 6 11 44 59 68 
6 11 44 60 68 
1 6 14 17 44 50 68 
6 14 18 44 50 68 
6 14 17 44 51 68 
1 6 14 44 57 68 
6 14 44 58 68 
1 6 22 44 50 68 
6 22 44 51 68 
1 6 17 44 56 68 
6 18 44 56 68 
1 6 8 17 44 50 72 
6 9 17 44 50 72 
6 8 18 44 50 72 
1 6 20 44 50 72 
6 21 44 50 72 
6 8 17 44 51 72 
6 20 44 51 72 
1 6 17 44 54 72 
6 18 44 54 72 
6 17 44 55 72 
1 6 8 44 57 72 
6 9 44 57 72 
6 8 44 58 72 
1 6 44 59 72 
6 44 60 72 
1 6 17 44 50 74 
6 18 44 50 74 
6 17 44 51 74 
1 6 44 57 74 
6 44 58 74 
1 6 8 11 17 44 86 
6 9 11 17 44 86 
6 8 11 18 44 86 
1 6 11 20 44 86 
6 11 21 44 86 
1 6 14 17 44 86 
6 14 18 44 86 
1 6 22 44 86 
6 8 11 17 44 87 
6 14 17 44 87 
6 11 20 44 87 
6 22 44 87 
1 6 11 17 44 91 
6 11 18 44 91 
1 6 8 17 44 92 
6 9 17 44 92 
6 8 18 44 92 
1 6 20 44 92 
6 21 44 92 
1 6 17 44 93 
6 18 44 93 
7 8 11 17 44 50 68 
7 14 17 44 50 68 
7 11 17 44 54 68 
7 17 44 56 68 
7 8 17 44 50 72 
7 17 44 54 72 
7 17 44 50 74 
7 8 11 17 44 86 
7 14 17 44 86 
7 11 17 44 91 
7 8 17 44 92 
7 17 44 93 
7 11 20 44 50 68 
7 20 44 50 72 
7 11 20 44 86 
7 20 44 92 
7 22 44 50 68 
7 22 44 86 
7 8 11 44 57 68 
7 14 44 57 68 
7 8 44 57 72 
7 44 57 74 
7 11 44 59 68 
7 44 59 72 
2 10 11 17 44 50 68 
10 12 17 44 50 68 
10 11 17 44 50 69 
2 10 17 44 50 72 
10 17 44 50 73 
2 10 11 17 44 86 
10 12 17 44 86 
10 11 17 44 88 
2 10 17 44 92 
2 10 11 44 57 68 
10 12 44 57 68 
10 11 44 57 69 
2 10 44 57 72 
10 44 57 73 
1 8 13 17 44 50 68 
9 13 17 44 50 68 
8 13 18 44 50 68 
1 13 20 44 50 68 
13 21 44 50 68 
8 13 17 44 51 68 
13 20 44 51 68 
1 13 17 44 54 68 
13 18 44 54 68 
13 17 44 55 68 
1 8 13 44 57 68 
9 13 44 57 68 
8 13 44 58 68 
1 13 44 59 68 
13 44 60 68 
1 8 13 17 44 86 
9 13 17 44 86 
8 13 18 44 86 
1 13 20 44 86 
13 21 44 86 
8 13 17 44 87 
13 20 44 87 
1 13 17 44 91 
13 18 44 91 
16 17 44 50 68 
16 44 57 68 
16 17 44 86 
2 8 11 17 44 53 68 
8 12 17 44 53 68 
8 11 17 44 53 69 
2 8 17 44 53 72 
8 17 44 53 73 
2 14 17 44 53 68 
14 17 44 53 69 
2 17 44 53 74 
2 11 20 44 53 68 
12 20 44 53 68 
11 20 44 53 69 
2 20 44 53 72 
20 44 53 73 
2 22 44 53 68 
22 44 53 69 
2 11 44 61 68 
12 44 61 68 
11 44 61 69 
2 44 61 72 
44 61 73 
44 63 68 
1 8 11 17 44 50 71 
9 11 17 44 50 71 
8 11 18 44 50 71 
1 11 20 44 50 71 
11 21 44 50 71 
8 11 17 44 51 71 
11 20 44 51 71 
1 11 17 44 54 71 
11 18 44 54 71 
11 17 44 55 71 
1 8 11 44 57 71 
9 11 44 57 71 
8 11 44 58 71 
1 11 44 59 71 
11 44 60 71 
1 14 17 44 50 71 
14 18 44 50 71 
14 17 44 51 71 
1 14 44 57 71 
14 44 58 71 
1 22 44 50 71 
22 44 51 71 
1 17 44 56 71 
18 44 56 71 
8 11 17 44 90 
14 17 44 90 
11 20 44 90 
22 44 90 
1 8 11 17 45 50 68 
9 11 17 45 50 68 
8 11 18 45 50 68 
1 11 20 45 50 68 
11 21 45 50 68 
8 11 17 45 51 68 
11 20 45 51 68 
1 11 17 45 54 68 
11 18 45 54 68 
11 17 45 55 68 
1 8 11 45 57 68 
9 11 45 57 68 
8 11 45 58 68 
1 11 45 59 68 
11 45 60 68 
1 14 17 45 50 68 
14 18 45 50 68 
14 17 45 51 68 
1 14 45 57 68 
14 45 58 68 
1 22 45 50 68 
22 45 51 68 
1 17 45 56 68 
18 45 56 68 
1 8 17 45 50 72 
9 17 45 50 72 
8 18 45 50 72 
1 20 45 50 72 
21 45 50 72 
8 17 45 51 72 
20 45 51 72 
1 17 45 54 72 
18 45 54 72 
17 45 55 72 
1 8 45 57 72 
9 45 57 72 
8 45 58 72 
1 45 59 72 
45 60 72 
1 17 45 50 74 
18 45 50 74 
17 45 51 74 
1 45 57 74 
45 58 74 
1 8 11 17 45 86 
9 11 17 45 86 
8 11 18 45 86 
1 11 20 45 86 
11 21 45 86 
1 14 17 45 86 
14 18 45 86 
1 22 45 86 
8 11 17 45 87 
14 17 45 87 
11 20 45 87 
22 45 87 
1 11 17 45 91 
11 18 45 91 
1 8 17 45 92 
9 17 45 92 
8 18 45 92 
1 20 45 92 
21 45 92 
1 17 45 93 
18 45 93 
1 2 4 8 17 46 50 68 
2 4 9 17 46 50 68 
2 4 8 18 46 50 68 
1 2 4 20 46 50 68 
2 4 21 46 50 68 
2 4 8 17 46 51 68 
2 4 20 46 51 68 
1 2 4 17 46 54 68 
2 4 18 46 54 68 
2 4 17 46 55 68 
1 2 4 8 46 57 68 
2 4 9 46 57 68 
2 4 8 46 58 68 
1 2 4 46 59 68 
2 4 46 60 68 
3 4 8 17 46 50 68 
3 4 20 46 50 68 
3 4 17 46 54 68 
3 4 8 46 57 68 
3 4 46 59 68 
4 8 19 46 50 68 
4 19 46 54 68 
4 8 17 46 52 68 
4 20 46 52 68 
1 4 8 17 46 50 69 
4 9 17 46 50 69 
4 8 18 46 50 69 
1 4 20 46 50 69 
4 21 46 50 69 
4 8 17 46 51 69 
4 20 46 51 69 
1 4 17 46 54 69 
4 18 46 54 69 
4 17 46 55 69 
1 4 8 46 57 69 
4 9 46 57 69 
4 8 46 58 69 
1 4 46 59 69 
4 46 60 69 
4 8 17 46 50 70 
4 20 46 50 70 
4 17 46 54 70 
4 8 46 57 70 
4 46 59 70 
1 2 4 8 17 46 86 
2 4 9 17 46 86 
2 4 8 18 46 86 
1 2 4 20 46 86 
2 4 21 46 86 
3 4 8 17 46 86 
3 4 20 46 86 
4 8 19 46 86 
2 4 8 17 46 87 
2 4 20 46 87 
1 4 8 17 46 88 
4 9 17 46 88 
4 8 18 46 88 
1 4 20 46 88 
4 21 46 88 
4 8 17 46 89 
4 20 46 89 
1 2 4 17 46 91 
3 4 17 46 91 
2 4 18 46 91 
4 19 46 91 
2 5 8 17 46 50 68 
2 5 20 46 50 68 
2 5 17 46 54 68 
2 5 8 46 57 68 
2 5 46 59 68 
2 5 8 17 46 86 
2 5 20 46 86 
2 5 17 46 91 
5 8 17 46 50 69 
5 20 46 50 69 
5 17 46 54 69 
5 8 46 57 69 
5 46 59 69 
5 8 17 46 88 
5 20 46 88 
1 6 8 17 46 50 68 
6 9 17 46 50 68 
6 8 18 46 50 68 
1 6 20 46 50 68 
6 21 46 50 68 
6 8 17 46 51 68 
6 20 46 51 68 
1 6 17 46 54 68 
6 18 46 54 68 
6 17 46 55 68 
1 6 8 46 57 68 
6 9 46 57 68 
6 8 46 58 68 
1 6 46 59 68 
6 46 60 68 
1 6 8 17 46 86 
6 9 17 46 86 
6 8 18 46 86 
1 6 20 46 86 
6 21 46 86 
6 8 17 46 87 
6 20 46 87 
1 6 17 46 91 
6 18 46 91 
7 8 17 46 50 68 
7 20 46 50 68 
7 17 46 54 68 
7 8 46 57 68 
7 46 59 68 
7 8 17 46 86 
7 20 46 86 
7 17 46 91 
2 10 17 46 50 68 
10 17 46 50 69 
2 10 17 46 86 
10 17 46 88 
2 10 46 57 68 
10 46 57 69 
2 8 17 46 53 68 
2 20 46 53 68 
8 17 46 53 69 
20 46 53 69 
2 46 61 68 
46 61 69 
1 8 17 46 50 71 
9 17 46 50 71 
8 18 46 50 71 
1 20 46 50 71 
21 46 50 71 
8 17 46 51 71 
20 46 51 71 
1 17 46 54 71 
18 46 54 71 
17 46 55 71 
1 8 46 57 71 
9 46 57 71 
8 46 58 71 
1 46 59 71 
46 60 71 
8 17 46 90 
20 46 90 
1 2 4 8 11 47 50 68 
3 4 8 11 47 50 68 
2 4 8 11 47 51 68 
4 8 11 47 52 68 
1 4 8 11 47 50 69 
4 8 11 47 51 69 
4 8 11 47 50 70 
1 2 4 8 11 47 86 
3 4 8 11 47 86 
2 4 8 11 47 87 
1 4 8 11 47 88 
4 8 11 47 89 
2 4 9 11 47 50 68 
4 9 11 47 50 69 
2 4 9 11 47 86 
4 9 11 47 88 
1 2 4 11 47 54 68 
3 4 11 47 54 68 
1 4 11 47 54 69 
4 11 47 54 70 
2 4 11 47 55 68 
4 11 47 55 69 
1 2 4 11 47 91 
3 4 11 47 91 
1 4 8 12 47 50 68 
4 9 12 47 50 68 
4 8 12 47 51 68 
1 4 12 47 54 68 
4 12 47 55 68 
1 4 8 12 47 86 
4 9 12 47 86 
4 8 12 47 87 
1 4 12 47 91 
1 2 4 14 47 50 68 
3 4 14 47 50 68 
2 4 14 47 51 68 
4 14 47 52 68 
1 4 14 47 50 69 
4 14 47 51 69 
4 14 47 50 70 
1 2 4 14 47 86 
3 4 14 47 86 
2 4 14 47 87 
1 4 14 47 88 
4 14 47 89 
4 15 47 50 68 
4 15 47 86 
1 2 4 47 56 68 
3 4 47 56 68 
1 4 47 56 69 
4 47 56 70 
1 2 4 8 47 50 72 
2 4 9 47 50 72 
2 4 8 47 51 72 
1 2 4 47 54 72 
2 4 47 55 72 
3 4 8 47 50 72 
3 4 47 54 72 
4 8 47 52 72 
1 4 8 47 50 73 
4 9 47 50 73 
4 8 47 51 73 
1 4 47 54 73 
4 47 55 73 
1 2 4 47 50 74 
3 4 47 50 74 
2 4 47 51 74 
4 47 52 74 
1 2 4 8 47 92 
3 4 8 47 92 
2 4 9 47 92 
1 2 4 47 93 
3 4 47 93 
4 47 94 
2 5 8 11 47 50 68 
2 5 14 47 50 68 
2 5 11 47 54 68 
2 5 47 56 68 
2 5 8 47 50 72 
2 5 47 54 72 
2 5 47 50 74 
2 5 8 11 47 86 
2 5 14 47 86 
2 5 11 47 91 
2 5 8 47 92 
2 5 47 93 
5 8 12 47 50 68 
5 12 47 54 68 
5 8 12 47 86 
5 12 47 91 
5 8 11 47 50 69 
5 14 47 50 69 
5 11 47 54 69 
5 47 56 69 
5 8 47 50 73 
5 47 54 73 
5 8 11 47 88 
5 14 47 88 
1 6 8 11 47 50 68 
1 6 14 47 50 68 
1 6 11 47 54 68 
1 6 47 56 68 
1 6 8 47 50 72 
1 6 47 54 72 
1 6 47 50 74 
1 6 8 11 47 86 
1 6 14 47 86 
1 6 11 47 91 
1 6 8 47 92 
1 6 47 93 
6 9 11 47 50 68 
6 9 47 50 72 
6 9 11 47 86 
6 9 47 92 
6 8 11 47 51 68 
6 14 47 51 68 
6 8 47 51 72 
6 47 51 74 
6 11 47 55 68 
6 47 55 72 
6 8 11 47 87 
6 14 47 87 
7 8 11 47 50 68 
7 14 47 50 68 
7 11 47 54 68 
7 47 56 68 
7 8 47 50 72 
7 47 54 72 
7 47 50 74 
7 8 11 47 86 
7 14 47 86 
7 11 47 91 
7 8 47 92 
7 47 93 
2 10 11 47 50 68 
10 12 47 50 68 
10 11 47 50 69 
2 10 47 50 72 
10 47 50 73 
2 10 11 47 86 
10 12 47 86 
10 11 47 88 
2 10 47 92 
1 8 13 47 50 68 
9 13 47 50 68 
8 13 47 51 68 
1 13 47 54 68 
13 47 55 68 
1 8 13 47 86 
9 13 47 86 
8 13 47 87 
1 13 47 91 
16 47 50 68 
16 47 86 
2 8 11 47 53 68 
8 12 47 53 68 
8 11 47 53 69 
2 8 47 53 72 
8 47 53 73 
2 14 47 53 68 
14 47 53 69 
2 47 53 74 
1 8 11 47 50 71 
9 11 47 50 71 
8 11 47 51 71 
1 11 47 54 71 
11 47 55 71 
1 14 47 50 71 
14 47 51 71 
1 47 56 71 
8 11 47 90 
14 47 90 
8 11 48 50 68 
14 48 50 68 
11 48 54 68 
48 56 68 
8 48 50 72 
48 54 72 
48 50 74 
8 11 48 86 
14 48 86 
11 48 91 
8 48 92 
48 93 
1 2 4 49 50 68 
3 4 49 50 68 
2 4 49 51 68 
4 49 52 68 
1 4 49 50 69 
4 49 51 69 
4 49 50 70 
1 2 4 49 86 
3 4 49 86 
2 4 49 87 
1 4 49 88 
4 49 89 
2 5 49 50 68 
5 49 50 69 
2 5 49 86 
5 49 88 
1 6 49 50 68 
6 49 51 68 
1 6 49 86 
6 49 87 
7 49 50 68 
7 49 86 
2 49 53 68 
49 53 69 
1 49 50 71 
49 51 71 
49 90 
1 2 4 8 11 23 64 68 
1 4 8 12 23 64 68 
1 4 8 11 24 64 68 
1 2 4 8 26 64 68 
1 4 8 27 64 68 
1 4 8 11 23 64 69 
1 4 8 26 64 69 
1 2 4 8 23 64 72 
1 4 8 24 64 72 
1 4 8 23 64 73 
1 2 4 8 11 64 75 
1 4 8 12 64 75 
1 4 8 11 64 76 
1 2 4 8 64 77 
1 4 8 64 78 
1 6 8 11 23 64 68 
1 6 8 26 64 68 
1 6 8 23 64 72 
1 6 8 11 64 75 
1 6 8 64 77 
1 8 13 23 64 68 
1 8 13 64 75 
1 8 11 23 64 71 
1 8 26 64 71 
1 8 64 79 
3 4 8 11 23 64 68 
3 4 8 26 64 68 
3 4 8 23 64 72 
3 4 8 11 64 75 
3 4 8 64 77 
2 5 8 11 23 64 68 
5 8 12 23 64 68 
5 8 11 24 64 68 
2 5 8 26 64 68 
5 8 27 64 68 
5 8 11 23 64 69 
5 8 26 64 69 
2 5 8 23 64 72 
5 8 24 64 72 
5 8 23 64 73 
2 5 8 11 64 75 
5 8 12 64 75 
5 8 11 64 76 
2 5 8 64 77 
5 8 64 78 
7 8 11 23 64 68 
7 8 26 64 68 
7 8 23 64 72 
7 8 11 64 75 
7 8 64 77 
4 8 11 25 64 68 
4 8 25 64 72 
4 8 11 23 64 70 
4 8 26 64 70 
2 4 9 11 23 64 68 
4 9 12 23 64 68 
4 9 11 24 64 68 
2 4 9 26 64 68 
4 9 27 64 68 
4 9 11 23 64 69 
4 9 26 64 69 
2 4 9 23 64 72 
4 9 24 64 72 
4 9 23 64 73 
2 4 9 11 64 75 
4 9 12 64 75 
4 9 11 64 76 
2 4 9 64 77 
4 9 64 78 
6 9 11 23 64 68 
6 9 26 64 68 
6 9 23 64 72 
6 9 11 64 75 
6 9 64 77 
9 13 23 64 68 
9 13 64 75 
9 11 23 64 71 
9 26 64 71 
9 64 79 
2 10 11 23 64 68 
10 12 23 64 68 
10 11 24 64 68 
2 10 26 64 68 
10 27 64 68 
10 11 23 64 69 
10 26 64 69 
2 10 23 64 72 
10 24 64 72 
10 23 64 73 
2 10 11 64 75 
10 12 64 75 
10 11 64 76 
2 10 64 77 
10 64 78 
1 2 4 14 23 64 68 
3 4 14 23 64 68 
2 5 14 23 64 68 
1 6 14 23 64 68 
7 14 23 64 68 
1 4 14 23 64 69 
5 14 23 64 69 
4 14 23 64 70 
1 14 23 64 71 
1 4 14 24 64 68 
5 14 24 64 68 
4 14 25 64 68 
1 2 4 14 64 75 
3 4 14 64 75 
2 5 14 64 75 
1 6 14 64 75 
7 14 64 75 
1 4 14 64 76 
5 14 64 76 
4 15 23 64 68 
4 15 64 75 
16 23 64 68 
16 64 75 
1 2 4 28 64 68 
3 4 28 64 68 
2 5 28 64 68 
1 6 28 64 68 
7 28 64 68 
1 4 28 64 69 
5 28 64 69 
4 28 64 70 
1 28 64 71 
1 2 4 23 64 74 
3 4 23 64 74 
2 5 23 64 74 
1 6 23 64 74 
7 23 64 74 
1 4 24 64 74 
5 24 64 74 
4 25 64 74 
4 64 80 
64 81 
2 4 11 23 65 68 
4 12 23 65 68 
4 11 24 65 68 
2 4 26 65 68 
4 27 65 68 
4 11 23 65 69 
4 26 65 69 
2 4 23 65 72 
4 24 65 72 
4 23 65 73 
2 4 11 65 75 
4 12 65 75 
4 11 65 76 
2 4 65 77 
4 65 78 
6 11 23 65 68 
6 26 65 68 
6 23 65 72 
6 11 65 75 
6 65 77 
13 23 65 68 
13 65 75 
11 23 65 71 
26 65 71 
65 79 
2 11 23 66 68 
12 23 66 68 
11 24 66 68 
2 26 66 68 
27 66 68 
11 23 66 69 
26 66 69 
2 23 66 72 
24 66 72 
23 66 73 
2 11 66 75 
12 66 75 
11 66 76 
2 66 77 
66 78 
23 67 68 
67 75 
1 2 4 8 11 17 50 82 
2 4 9 11 17 50 82 
2 4 8 11 18 50 82 
1 2 4 11 20 50 82 
2 4 11 21 50 82 
2 4 8 11 17 51 82 
2 4 11 20 51 82 
1 2 4 11 17 54 82 
2 4 11 18 54 82 
2 4 11 17 55 82 
1 2 4 8 11 57 82 
2 4 9 11 57 82 
2 4 8 11 58 82 
1 2 4 11 59 82 
2 4 11 60 82 
2 5 8 11 17 50 82 
2 5 11 20 50 82 
2 5 11 17 54 82 
2 5 8 11 57 82 
2 5 11 59 82 
2 10 11 17 50 82 
2 10 11 57 82 
2 8 11 17 53 82 
2 11 20 53 82 
2 11 61 82 
3 4 8 11 17 50 82 
3 4 11 20 50 82 
3 4 11 17 54 82 
3 4 8 11 57 82 
3 4 11 59 82 
1 6 8 11 17 50 82 
6 9 11 17 50 82 
6 8 11 18 50 82 
1 6 11 20 50 82 
6 11 21 50 82 
6 8 11 17 51 82 
6 11 20 51 82 
1 6 11 17 54 82 
6 11 18 54 82 
6 11 17 55 82 
1 6 8 11 57 82 
6 9 11 57 82 
6 8 11 58 82 
1 6 11 59 82 
6 11 60 82 
7 8 11 17 50 82 
7 11 20 50 82 
7 11 17 54 82 
7 8 11 57 82 
7 11 59 82 
4 8 11 19 50 82 
4 11 19 54 82 
4 8 11 17 52 82 
4 11 20 52 82 
1 4 8 12 17 50 82 
4 9 12 17 50 82 
4 8 12 18 50 82 
1 4 12 20 50 82 
4 12 21 50 82 
4 8 12 17 51 82 
4 12 20 51 82 
1 4 12 17 54 82 
4 12 18 54 82 
4 12 17 55 82 
1 4 8 12 57 82 
4 9 12 57 82 
4 8 12 58 82 
1 4 12 59 82 
4 12 60 82 
5 8 12 17 50 82 
5 12 20 50 82 
5 12 17 54 82 
5 8 12 57 82 
5 12 59 82 
10 12 17 50 82 
10 12 57 82 
8 12 17 53 82 
12 20 53 82 
12 61 82 
1 8 13 17 50 82 
9 13 17 50 82 
8 13 18 50 82 
1 13 20 50 82 
13 21 50 82 
8 13 17 51 82 
13 20 51 82 
1 13 17 54 82 
13 18 54 82 
13 17 55 82 
1 8 13 57 82 
9 13 57 82 
8 13 58 82 
1 13 59 82 
13 60 82 
1 2 4 14 17 50 82 
3 4 14 17 50 82 
2 5 14 17 50 82 
1 6 14 17 50 82 
7 14 17 50 82 
2 4 14 17 51 82 
6 14 17 51 82 
4 14 17 52 82 
2 14 17 53 82 
2 4 14 18 50 82 
6 14 18 50 82 
4 14 19 50 82 
1 2 4 14 57 82 
3 4 14 57 82 
2 5 14 57 82 
1 6 14 57 82 
7 14 57 82 
2 4 14 58 82 
6 14 58 82 
4 15 17 50 82 
4 15 57 82 
16 17 50 82 
16 57 82 
1 2 4 22 50 82 
3 4 22 50 82 
2 5 22 50 82 
1 6 22 50 82 
7 22 50 82 
2 4 22 51 82 
6 22 51 82 
4 22 52 82 
2 22 53 82 
1 2 4 17 56 82 
3 4 17 56 82 
2 5 17 56 82 
1 6 17 56 82 
7 17 56 82 
2 4 18 56 82 
6 18 56 82 
4 19 56 82 
4 62 82 
63 82 
1 4 8 17 50 83 
4 9 17 50 83 
4 8 18 50 83 
1 4 20 50 83 
4 21 50 83 
4 8 17 51 83 
4 20 51 83 
1 4 17 54 83 
4 18 54 83 
4 17 55 83 
1 4 8 57 83 
4 9 57 83 
4 8 58 83 
1 4 59 83 
4 60 83 
5 8 17 50 83 
5 20 50 83 
5 17 54 83 
5 8 57 83 
5 59 83 
10 17 50 83 
10 57 83 
8 17 53 83 
20 53 83 
61 83 
1 8 17 50 84 
9 17 50 84 
8 18 50 84 
1 20 50 84 
21 50 84 
8 17 51 84 
20 51 84 
1 17 54 84 
18 54 84 
17 55 84 
1 8 57 84 
9 57 84 
8 58 84 
1 59 84 
60 84 
17 50 85 
57 85 
1 2 4 8 11 103 
3 4 8 11 103 
2 5 8 11 103 
1 6 8 11 103 
7 8 11 103 
2 4 9 11 103 
6 9 11 103 
2 10 11 103 
1 4 8 12 103 
5 8 12 103 
4 9 12 103 
10 12 103 
1 8 13 103 
9 13 103 
1 2 4 14 103 
3 4 14 103 
2 5 14 103 
1 6 14 103 
7 14 103 
4 15 103 
16 103 
1 2 8 11 104 
3 8 11 104 
2 9 11 104 
1 8 12 104 
9 12 104 
1 2 14 104 
3 14 104 
15 104 
2 4 11 105 
6 11 105 
4 12 105 
13 105 
2 11 106 
12 106 
1 4 8 107 
5 8 107 
4 9 107 
10 107 
1 8 108 
9 108 
4 109 
110 
Altogether 4142 solutions, after 103 updates
