1 2 3 4 5 6 7 8 9 A 
A 
9 
9 A 
8 
8 A 
8 9 
8 9 A 
7 
7 A 
7 8 A 
6 
6 9 
6 8 9 
6 7 
6 7 9 A 
6 7 8 9 A 
5 
5 A 
5 9 A 
5 7 
5 7 A 
5 6 7 
4 
4 9 
4 9 A 
4 6 
4 6 9 
4 6 7 
4 5 
4 5 A 
4 5 9 
4 5 9 A 
4 5 7 
4 5 6 
4 5 6 7 
4 5 6 7 9 A 
3 
3 8 
3 6 7 9 A 
3 6 7 8 9 A 
3 5 
3 5 8 A 
3 5 7 
3 4 
3 4 8 9 
3 4 6 
3 4 5 
3 4 5 8 9 A 
3 4 5 6 7 
2 
2 A 
2 9 A 
2 8 A 
2 7 
2 7 A 
2 6 7 
2 5 
2 5 A 
2 5 7 
2 5 7 A 
2 5 7 8 A 
2 5 6 7 9 A 
2 5 6 7 8 9 A 
2 3 5 
2 3 5 7 A 
2 3 5 7 8 A 
2 3 5 6 7 8 9 A 
1 
1 9 
1 9 A 
1 8 9 
1 6 
1 6 9 
1 6 7 
1 4 
1 4 9 
1 4 6 
1 4 6 9 
1 4 6 8 9 
1 4 6 7 9 A 
1 4 6 7 8 9 A 
1 3 4 
1 3 4 6 9 
1 3 4 6 8 9 
1 3 4 6 7 8 9 A 
1 2 
1 2 A 
1 2 9 
1 2 9 A 
1 2 8 9 A 
1 2 7 
1 2 6 
1 2 6 7 
1 2 6 7 9 A 
1 2 4 5 
1 2 4 5 9 A 
1 2 4 5 8 
1 2 4 5 7 A 
1 2 4 5 6 9 
1 2 4 5 6 7 
1 2 4 5 6 7 9 A 
1 2 4 5 6 7 8 9 A 
1 2 3 4 5 
1 2 3 4 5 8 
1 2 3 4 5 7 A 
1 2 3 4 5 7 8 A 
1 2 3 4 5 6 9 
1 2 3 4 5 6 8 9 
1 2 3 4 5 6 7 9 A 
1 2 3 4 5 6 7 8 9 A 
