5384 3275 3334 2428 2692 602 1451 2229 365 409 2646 
2424 922 2648 3375 5009 767 408 315 4139 2672 365 4475 
1499 1824 2909 1286 4664 1312 2278 772 2671 1481 569 2425 180 3 3326 21 3277 1033 4903 360 139 103 866 1157 2234 
4915 699 4625 1483 2503 1719 3278 2234 2675 2646 5 3318 2908 1692 7 750 2 809 
2978 1550 4410 599 2532 1835 867 3283 19 772 5071 3340 97 13 68 1477 41 71 420 750 77 809 
1299 958 3028 4503 2528 385 4234 611 322 4871 1720 1689 3474 15 1304 
3163 1089 4143 1695 1198 2434 3340 571 4488 1719 12 3275 866 13 4903 2237 2650 315 750 1492 557 2443 314 
5584 1266 98 51 71 78 68 1123 1159 
1281 2365 426 3290 1160 5239 2434 4137 106 756 2674 70 2651 373 1069 1304 3318 81 2457 
1049 2768 4280 874 2425 4524 3326 557 321 314 164 1 3292 4776 1080 404 750 81 1122 571 1157 13 1304 4137 
437 1190 2779 463 4883 945 14 4291 1733 24 3433 83 4475 41 1517 1689 2425 2443 1069 
744 3334 4911 1641 4580 3025 41 3273 888 809 2667 2234 1304 750 2656 2425 
1202 4419 917 4490 2731 1689 1304 3325 4772 5 2425 3290 1719 41 
2089 3397 2485 119 1254 4608 4776 1362 2650 314 2234 3273 330 70 9 2233 4244 1 315 
1835 2760 1544 3088 4490 74 4237 2448 565 1304 21 4871 78 866 3280 3318 1477 1070 97 1157 365 
2789 4234 155 4825 770 2229 1264 2038 560 3275 409 2446 1305 19 2425 4476 2234 83 97 3318 4137 1122 866 569 1157 29 
4649 2483 404 374 3318 3306 1367 569 2672 1824 2240 557 71 4248 15 22 4776 1034 97 12 1069 
4612 1144 3707 1181 404 315 774 2667 1478 1209 2231 867 2238 1492 140 4916 314 409 365 557 2646 
285 5556 1283 567 922 750 1069 1304 569 419 767 315 1157 
1120 2688 3316 4903 335 4143 32 408 21 3325 1126 409 99 69 1157 71 1304 1719 4492 1492 314 557 315 
3137 644 4145 124 3491 1625 4927 2425 12 21 4475 2234 750 1069 2443 2229 15 
871 469 3143 2651 2240 1213 3275 3325 1767 4155 324 856 419 2428 1689 20 4233 4476 77 12 4772 569 97 41 68 2667 
1360 14 3416 1193 3276 4138 818 4791 1479 2656 602 1209 4235 409 767 366 74 15 4475 360 19 2425 29 
4436 2484 1398 3275 4544 4787 557 3322 867 2234 1728 41 365 1209 2229 
3945 4919 37 4484 1251 124 4139 809 1124 866 15 12 41 
462 4420 1069 1330 3461 560 1196 136 4491 2674 2649 1209 2908 4779 15 365 409 7 12 1719 
466 3314 771 24 2238 1911 415 1157 866 1211 4503 4240 3318 4772 560 68 2671 12 1069 360 77 1138 314 4139 13 2443 
2393 3791 8 4506 1209 1719 145 2491 809 1362 6 751 4772 866 1033 4333 1157 41 1689 
2511 4284 3275 121 4874 4475 2238 1072 1835 513 68 856 2959 2712 368 1033 2233 7 1209 19 3318 314 
3128 1639 5060 2712 97 71 15 1266 3331 37 19 140 3280 2239 139 4475 1157 12 13 750 1 1719 
4558 1106 2445 4338 1188 2427 2647 2238 3427 71 14 2667 78 2232 4773 557 68 98 315 409 
4764 269 2683 2073 2484 77 3 1262 4776 12 576 2658 3276 109 365 7 3318 15 1157 68 1304 
756 5606 631 466 1123 98 139 194 19 922 1160 77 15 767 175 
3404 362 1130 1422 2253 4784 824 4721 18 2246 3280 78 74 420 2646 4149 21 2443 1071 97 
74 1404 2426 941 1767 14 4679 4922 19 767 1062 3273 79 1073 1188 4 409 97 3319 2911 404 2443 2 
840 3337 2908 900 365 1125 3283 2355 559 2684 4721 2434 1 405 4772 4137 569 
4890 200 1138 2758 2429 767 373 1224 1995 1174 97 19 1 4486 176 3325 569 4233 3273 73 2 
1029 2748 5101 2234 2908 2295 2434 3273 1188 3328 4333 1069 29 
5240 361 1671 1379 759 4189 2425 50 602 4 1 72 1719 2443 2237 2646 3427 117 2229 2671 68 15 404 29 180 1689 
2020 5272 2280 2651 1187 405 3340 324 2447 3273 360 571 117 72 1 1122 2229 2425 2234 2908 315 
1686 423 3365 856 2484 875 3275 4775 1128 2391 2727 4475 4137 1069 71 10 365 4256 13 97 1 1209 
4863 78 2232 1362 753 2 2237 19 39 4237 4541 4138 71 2306 316 68 1033 13 97 809 
4945 1311 1154 2673 228 866 2379 471 3432 1212 4137 1831 767 365 2443 4503 405 23 2665 315 2229 360 1157 77 
1625 5494 2 936 103 1380 2673 315 408 41 1033 1825 77 2443 15 2238 767 21 365 1209 557 314 750 3318 
2605 831 1174 1272 2724 1759 888 4496 1492 4772 4308 3318 582 4137 41 3277 1689 4 1033 
2862 564 2502 115 4333 2909 1304 4794 3273 1072 15 1157 809 12 569 4475 365 77 1123 1033 68 3318 750 
4055 1288 5060 105 750 4475 
3815 748 856 2234 1070 1033 7 5143 4139 866 2482 1159 1122 2229 4233 4 
1842 1647 4608 321 4910 3447 316 73 2927 2722 1214 1069 2239 175 97 1304 
3401 3279 1202 468 4195 5071 1210 17 36 2234 404 569 751 1313 360 866 4233 2443 1695 175 83 2425 2646 97 767 1 409 
4696 1861 4308 584 1190 222 43 3433 557 888 71 2443 1033 4772 360 2425 97 
3090 1730 1374 3275 5074 157 2691 1074 557 5 103 4137 314 77 1528 767 1689 2444 420 41 2229 13 2665 68 4233 750 3318 
4429 44 1379 2992 1220 73 934 750 2448 3275 2425 4772 117 3318 1034 767 19 1122 365 557 4475 
5177 109 1178 4339 2541 2721 1060 4 77 314 3319 68 15 1122 12 3273 779 
4821 1692 365 1278 87 2655 4194 98 3440 2503 315 1789 2 599 362 1069 192 4235 4491 72 409 41 15 29 2667 809 
2217 63 3300 814 642 4477 99 2795 4903 3318 461 2443 767 2 77 71 4149 68 
3562 1883 1128 4236 1478 559 4824 39 2319 934 315 569 68 1495 1069 365 405 77 13 4137 1 4475 409 41 1033 
500 1773 4615 4942 810 1425 3446 2684 1069 405 2656 175 1157 12 1477 1689 41 1122 15 750 
1151 4765 2017 1034 126 3564 4772 750 1304 13 19 17 1157 
3510 5439 897 1186 756 810 1124 2434 316 140 2443 2234 457 
3695 5280 83 2757 99 320 13 1754 19 1691 1037 4 2253 2 71 1122 12 
1819 4755 394 3359 2457 1151 599 2295 2232 457 3283 1157 867 1 4787 2672 2425 7 
2975 4878 3624 1158 4233 83 7 856 1124 1033 4475 103 1072 
1322 1776 4759 1276 2953 2776 566 194 1085 3326 2425 19 3275 767 571 314 13 1 176 68 4780 12 1689 
5426 3430 1930 2774 35 2493 1035 1069 
2706 3727 68 4726 1132 100 2230 2650 4772 71 1033 866 12 4137 1157 750 
4417 1444 2233 88 4492 373 3778 2237 103 4779 1122 314 2448 1069 2428 12 315 15 4 
34 1699 774 2263 603 843 4577 1750 1414 8 3290 4772 2235 2712 3318 2447 2425 1069 2229 41 866 4233 
3937 1178 1138 17 4903 1402 4159 77 4 19 73 750 4484 68 30 97 866 
1876 3651 5259 1315 1270 2892 15 2229 557 2253 582 2 2234 29 97 12 
5265 2708 68 442 23 3437 13 559 2646 97 1122 2434 2443 1250 2908 77 12 41 71 
3507 4723 3196 487 2233 199 420 4137 750 2238 139 866 2482 2 4772 175 4 
699 5271 141 1620 3427 2300 1174 2683 1824 2482 6 856 878 2656 139 2908 
2197 3232 380 922 2672 4139 3273 2646 4903 2457 767 3322 1125 4475 
3752 2740 1168 1036 4240 4572 1270 77 2253 409 2239 29 4773 19 2 13 68 404 
2630 202 4904 2983 888 1036 3283 4565 3320 103 360 314 68 1069 2668 175 139 7 77 
3256 267 2721 4143 4252 2116 866 5071 750 1305 1158 3318 316 1122 1033 3273 77 68 
760 5125 869 81 3441 17 3114 468 2485 409 4240 1251 2667 1160 97 1071 404 4143 70 2646 
4385 2713 524 2448 5167 1 1201 2242 1033 175 3273 69 750 41 13 421 557 71 2425 15 3318 77 1477 767 
841 1077 3474 1695 2470 4907 7 2961 1169 408 1250 2229 1719 20 557 4565 1122 2425 1492 15 365 
1531 772 4244 3507 1958 139 2372 576 1103 562 4486 4137 175 4773 2234 2425 404 3 2908 2443 
140 4236 1759 2662 4824 574 1112 1188 3318 873 2686 1492 557 77 10 810 425 4475 74 360 97 2425 2443 4137 3273 1689 
401 2733 5125 4139 2929 4253 2246 42 3273 4 35 2425 1304 2253 1157 2443 866 809 3318 
1142 4912 3686 4475 426 2341 1841 888 85 2229 2712 1304 2234 180 1209 4137 
2917 1366 1034 1261 2461 5278 2721 588 9 315 558 924 779 2232 68 3280 1122 97 3318 1689 77 71 1719 
1554 4344 2757 789 3692 1958 1034 5143 13 19 
514 2682 1330 1826 1186 4291 750 117 2233 4484 2426 4827 570 1122 2650 809 29 360 3427 4137 2 17 2443 2234 365 
721 5264 1785 2564 2908 69 71 822 19 3273 13 2295 3340 99 1689 2652 888 77 
4920 644 3365 1277 2253 533 4137 7 1492 3278 888 2457 4475 1689 2425 1477 2712 2 
5021 57 653 409 2695 759 2646 405 2443 25 1073 4144 4484 1 2437 360 866 83 315 1157 365 1304 
762 4239 2237 1371 459 1907 4144 17 1 3028 3327 2712 1566 3280 68 866 71 4772 2231 97 1041 4475 404 77 4 557 2 
4497 3060 1497 570 1157 1304 71 4233 4792 2528 1102 35 13 3474 81 420 15 557 1045 767 373 314 1270 4137 
5536 548 891 824 1123 1337 557 404 1261 1517 4 1719 576 1157 
2277 1325 5250 2427 1846 8 860 2748 2443 1170 3319 14 3273 2236 558 404 83 1122 409 866 2908 569 1069 750 2229 15 
2546 1995 4410 78 1070 1148 3340 17 42 1367 19 3290 103 68 13 4772 750 4475 809 2646 1209 
3174 1869 4345 1322 404 3494 779 12 1 2429 922 576 2443 5071 2234 68 7 77 2229 1033 4 
697 1737 1367 5075 4364 22 2768 2253 41 176 3679 4 17 180 1 1689 
1040 3482 4839 2307 1161 1571 4235 52 2234 767 1069 2445 2425 77 1304 5 140 2229 360 4144 97 74 314 315 4475 1122 
3195 3539 4237 13 1338 4872 17 1077 20 420 809 569 1209 557 1033 4475 
1999 1434 2443 637 4336 3638 2437 5 5071 1069 2712 922 2234 1157 
2144 3503 5074 4433 2236 2437 356 29 360 2443 
5557 1132 42 17 1069 1037 70 1363 1212 19 1 103 
878 4725 3821 569 4137 2253 2239 68 71 2443 404 2429 77 457 409 4772 97 
3178 1458 4235 3282 2672 2236 69 2444 405 3322 1719 97 71 13 192 4475 23 4779 7 2656 888 4137 1492 1069 77 
2059 463 3239 4237 3285 1137 126 4775 2667 4605 360 41 576 3319 1157 365 314 
3202 84 834 3319 1242 4233 216 24 557 139 1167 2229 4780 2238 2426 2443 1138 14 767 1069 360 365 2712 3276 4565 409 140 
4792 1415 3622 4233 1538 219 1162 2948 860 1479 750 19 4 12 4149 13 4475 
627 1601 1137 2258 3562 4721 3000 43 151 1069 767 1166 23 4871 83 457 1033 750 
2250 2275 3682 879 4922 1384 1072 35 41 4143 410 2650 2 4486 314 1719 1033 2667 
1577 1824 567 3132 5078 1219 3327 74 315 97 4139 3273 32 2434 1122 2672 2646 2234 77 4233 180 175 767 
4464 2510 99 2272 5071 33 314 71 2229 1270 12 2234 315 866 21 1033 809 
4059 823 1224 4233 12 15 1041 1122 4780 767 4137 4475 
2009 5268 3563 326 3025 661 68 1079 1034 315 2 314 77 1304 404 409 
1553 1910 3375 5144 1190 216 2727 1069 1035 114 420 353 3275 4240 4137 2234 1478 2425 365 1 2230 866 
44 3543 1803 4251 177 104 1307 4871 3177 68 184 15 77 12 4475 
2316 522 1367 3327 769 4594 2232 3274 14 29 1079 5 2237 77 23 2991 2712 360 4780 2429 71 68 4233 315 2 
187 2926 2685 5278 1830 3319 1157 834 2254 1123 1253 3286 1304 409 83 1074 767 867 2443 15 139 561 12 
1615 5220 465 2391 3654 1224 569 1363 216 368 314 4233 2427 420 103 1072 2667 19 1122 13 319 866 2651 2443 
2890 3116 86 3429 1890 71 5220 428 1481 1557 599 2239 140 4233 19 13 97 866 41 
2770 1135 249 4194 1610 2908 4272 374 809 321 3452 13 15 12 4772 1158 569 4475 750 866 557 19 
2222 360 884 3409 610 767 315 4565 3286 365 314 4772 4240 
4466 995 1279 408 599 1157 1327 315 1 5071 4 365 314 409 1069 
1474 4522 2243 3302 570 3320 3 866 10 2253 2710 4904 2646 4138 314 
943 2853 1261 1759 4943 3325 4476 1689 3273 2425 4137 1157 
3872 1451 1615 4334 1087 2 1852 44 83 21 866 4486 4772 
4849 452 2647 2667 3278 2444 2425 4143 4486 2238 3318 557 4244 
2464 4731 1352 2232 3322 4782 247 3274 559 1 2953 77 822 19 15 1209 97 74 767 41 2665 6 4137 2667 409 
1170 924 4823 4410 2497 1992 422 3440 140 2728 1353 767 182 1122 4475 42 362 365 315 1 
3356 4954 408 1069 2230 4621 7 4 2425 1158 2651 3273 2 
2165 3857 9 4871 330 4476 2293 101 4233 71 866 1250 767 13 1122 
2104 4235 1402 2766 3067 374 3427 4778 4475 2425 2448 809 2 72 70 557 1069 4137 866 
2027 4763 2647 1192 3431 2235 48 2482 2229 1033 1402 360 2671 557 4780 569 29 83 1069 
2719 5295 2956 1517 560 952 2528 3429 50 71 1304 1209 2253 1122 576 4 97 
419 4280 2393 285 4573 50 1393 3359 569 2427 4772 2710 71 2650 3277 1209 2 97 750 
4635 625 1078 1144 3699 180 750 140 4903 1209 814 1326 2712 139 1157 2234 1767 2229 
847 2079 2486 4308 3435 2372 471 890 2234 1042 4137 83 1160 227 17 4475 4772 2 2667 140 7 2646 1209 
1323 1609 3429 2994 1217 320 1157 2650 4605 569 181 2240 83 2482 1037 4240 409 1150 4780 21 2667 175 557 
106 356 2979 176 1798 13 5276 365 3440 878 2725 569 182 2253 557 1689 6 2425 19 856 140 360 2443 
4414 1578 3448 1879 434 14 2755 23 1122 1036 4773 4475 2908 1071 767 
15 683 2689 4787 1778 834 4255 2425 1123 2445 1210 3283 1161 4149 2231 4551 14 19 3319 314 2253 1035 
3315 256 5140 16 2443 2673 21 4137 103 3320 922 29 4233 2235 569 750 4 77 41 767 
1650 2525 4734 570 1240 330 3290 2236 4872 2712 109 314 2231 767 3318 557 
4762 1305 1722 2537 43 3432 2724 68 335 4787 1481 2957 1150 1033 139 180 750 17 1157 1492 
5468 2731 3273 4 610 2427 1123 3320 2443 2234 1033 2229 
4018 5237 1304 1161 866 4 4137 1122 41 
2014 5237 406 1336 2728 1200 315 3647 2237 2482 1036 4137 117 68 866 2253 2229 71 
1810 4882 3281 360 2445 4723 29 1481 2767 2987 3319 652 409 139 
1141 4329 2347 459 117 4780 1363 4476 2236 12 13 1079 2658 227 4143 2667 15 2 569 68 19 
1840 1595 4958 454 3491 4571 1123 558 2379 570 1304 2434 2443 103 13 4 1033 19 
4196 1848 3566 4911 828 767 2915 71 4503 1361 29 117 68 
4207 1885 811 71 4823 460 1434 2234 4 380 599 3318 79 767 4721 2229 101 68 12 3273 1 2646 2253 2667 
699 4596 3724 867 4291 8 181 2755 4773 1157 140 1304 856 139 1033 
481 1573 1354 3429 5385 558 2552 125 2646 415 7 822 12 888 1033 1689 2674 404 15 1719 
4642 4830 2444 824 1114 2685 157 1122 4233 2651 1689 2232 50 1 2426 3427 2 1209 1719 360 319 409 1157 
5615 17 1182 68 77 
3635 780 2954 4491 4333 1033 4772 809 1069 2 1122 
5306 767 2932 2272 1440 2502 599 2657 3323 2668 812 3 104 1122 3275 750 409 365 
4542 4292 482 2238 4779 3328 1070 3292 81 365 2436 1824 767 1159 1138 13 17 409 4137 866 4 68 
97 1695 2770 4623 77 222 1748 322 374 3325 826 1070 1492 4916 599 2908 68 3273 71 15 2425 
4394 516 2528 1140 1353 4783 3640 1232 570 405 409 4484 2253 4 557 2667 12 29 68 2646 
1281 4290 583 3540 167 4792 4496 14 1174 180 1492 365 557 866 101 360 750 16 175 404 4137 409 1304 71 2908 314 
5538 84 1112 1431 180 7 97 1157 71 1719 
1860 4726 473 2780 1075 2485 319 16 142 2908 77 4773 3322 557 2253 68 1188 866 412 4137 12 3273 7 314 404 
1151 5196 2379 65 1574 846 1166 4143 4244 2646 71 77 68 1033 1402 2667 2229 
2042 3583 5158 1151 74 4149 97 4240 1158 77 
4295 1631 3284 4143 19 319 4799 1072 2444 3318 1305 117 867 557 2229 1033 181 2428 2238 4551 70 2672 365 750 71 
1919 2269 1273 4163 2445 1081 3286 3319 77 5237 1037 866 2683 19 569 564 314 15 139 2908 2 13 1157 140 
3281 1615 1894 982 2685 4883 1210 3318 2659 409 1304 4475 315 83 4233 557 1122 2443 360 
4881 3831 420 2528 1362 54 4233 569 103 767 15 12 4486 1210 557 
5515 319 2908 
5261 3595 1415 2253 2954 1072 457 
1808 533 4260 1216 2685 4608 196 2444 2647 4776 420 3 360 3273 3318 2429 2908 139 29 2229 1477 7 
4361 3658 2304 326 459 2459 2229 2666 822 1089 866 1131 83 4484 2671 315 72 97 557 314 13 4772 
1197 1833 4211 563 1234 175 3452 4240 750 4475 866 410 2948 366 41 4776 569 408 
5511 1037 1160 457 2 2948 1123 
2036 2612 4580 4955 1334 40 2713 1125 365 42 922 1 3273 360 7 1033 3318 
4894 2542 45 990 180 2721 1170 4721 1122 175 1070 3318 7 151 316 3273 
2149 2435 1159 873 1209 600 4286 315 321 2443 3323 1123 3273 822 4772 404 2646 1037 2672 2948 4565 365 
2613 1746 4257 1510 1428 3778 5 922 42 353 1122 4565 360 29 365 4776 314 1477 7 
4383 1130 3858 31 1250 4491 1072 2257 1304 175 4779 1157 1477 
1894 4216 922 562 4959 4 17 3442 572 360 77 4475 767 68 1122 
63 5496 3322 1120 1452 362 560 2684 532 19 1767 15 888 2445 
4863 2830 77 1066 1124 13 1320 4721 1261 19 750 4137 16 52 12 
2417 3362 101 1924 818 4772 3283 2493 41 767 4476 361 4342 404 2672 180 866 
5370 2049 121 2238 373 3491 1374 71 2447 404 1124 2426 557 15 315 2229 8 19 68 
5095 3907 1041 1127 146 4137 82 1079 750 1161 71 13 4233 767 97 1719 
3581 1550 4605 536 4925 750 175 151 866 856 2908 1477 
1218 2296 3440 2431 168 2674 4980 1167 2445 2646 1070 4153 457 180 557 822 1492 315 362 29 4475 409 767 
2569 5132 65 4412 3427 320 314 1036 2646 1073 750 2667 360 315 365 2 767 2908 
3217 5237 409 2685 15 3428 4137 2428 1171 2646 866 12 2229 559 103 2443 
1762 2756 413 1277 5430 3327 3274 987 1501 82 2427 1069 404 100 557 1157 
3680 4367 1396 1216 4475 2701 1731 4779 68 2656 77 866 1493 559 
3444 5094 319 1363 1 75 4433 2253 1122 2229 2651 97 572 1719 1085 19 2667 182 2 15 1250 2234 360 
948 4028 245 1304 561 68 99 63 365 5251 77 139 1157 569 71 1033 315 19 409 
3472 1551 654 2295 767 2229 4338 365 4481 2712 4772 2908 1122 1477 2234 360 
5206 1351 1253 4410 1182 15 1123 12 29 68 77 866 
1978 2470 1224 4665 1362 758 1167 2671 1477 139 1033 4819 15 316 19 4240 2 3276 3318 2425 1 4 
2081 3094 3440 104 452 2651 5250 1374 2484 18 2674 866 809 750 767 41 
5269 1324 992 1222 3281 360 3331 1767 2379 6 368 576 2646 19 68 2233 8 2667 1477 2908 
4848 1140 409 2755 3449 4476 1160 85 316 4240 404 767 1070 4137 
3500 5165 376 1477 1163 1862 2457 314 71 779 69 13 1492 4333 99 77 2434 7 315 
574 4634 1473 2678 4852 404 362 873 2239 13 2482 4233 767 12 315 2651 
4105 40 4757 77 1142 97 4772 74 1 1069 750 
2934 1222 2103 3447 1054 5059 2 1305 406 2656 1070 315 2683 4 97 19 4524 767 68 409 
2524 2780 2270 3638 5254 69 558 1280 409 315 151 582 404 15 
1214 2446 3324 3289 977 4819 185 68 117 1103 2253 1759 140 23 409 1492 4233 1122 12 4475 4137 2667 1157 
1060 4955 2572 1126 809 103 2334 420 1495 4491 4143 3433 2 2674 2651 750 12 139 15 
3002 3432 2435 1113 4289 1501 4155 2445 1189 186 890 4475 2683 4772 12 315 2646 750 19 68 1209 409 404 15 
1963 3234 4137 5079 1506 789 2757 1122 922 44 1 1209 2 2253 3432 1033 1069 4233 
2701 4506 2983 3273 1740 4338 21 1689 2435 3318 103 410 1037 4773 139 15 560 2646 2443 12 
284 911 420 1381 2281 1033 2714 822 1626 3322 4772 2229 2987 2234 4233 103 1719 2482 365 4475 1209 1 3273 4137 
2758 3243 2133 824 889 1377 1 3318 599 4903 3273 4475 4137 1033 41 
4910 2926 2188 849 54 3318 2490 2667 557 4475 2253 2238 1122 180 19 4137 3278 175 2646 
1669 85 2595 343 559 1918 1071 4906 4553 5 2668 7 750 569 3431 365 1157 1033 2646 103 4137 314 
3505 758 1877 4234 4579 2426 1604 365 2383 2444 569 1069 79 809 560 4819 2229 360 1 
2214 2796 4571 3361 4250 569 3282 2443 4 4772 1033 
5023 1302 1759 180 1477 2727 1502 2283 373 767 866 4137 2234 1689 4475 2229 
306 3416 975 2647 4871 4475 452 1150 3273 2229 1443 2429 1695 569 315 4233 41 
5207 1361 13 2260 780 1233 1159 19 12 1 52 4137 1069 4233 
4400 2444 4836 1191 142 478 3427 2229 810 2727 404 74 2427 366 2234 4491 97 77 767 409 2253 13 314 12 7 
1159 970 1254 2994 3474 5278 1320 2399 2448 44 1127 1069 14 7 557 19 2425 
1096 899 2175 2463 3280 610 4144 3318 2656 314 1157 4475 4903 1122 2667 750 360 2908 1033 
1637 2458 795 3282 1407 4308 16 21 1109 77 2229 569 4146 405 3321 2667 6 4792 4524 2646 97 866 1157 12 
4987 2756 827 2258 3273 1253 380 1123 4565 2428 1477 83 2448 409 15 1492 557 3318 
1320 722 1623 4723 14 1825 16 2659 2234 77 3340 1122 4780 3300 4139 1209 2443 68 19 1157 
3172 930 2459 97 4427 39 510 380 3318 43 3280 4476 4794 81 560 2229 71 
1133 564 5223 183 576 768 2915 1910 2445 2230 1517 1164 3474 1478 2428 41 4233 1209 315 103 750 140 866 809 1069 2234 
76 4506 3843 319 610 4930 4153 100 2457 140 810 78 2229 461 2425 750 1033 1304 
1130 5498 1843 2257 1241 1589 1104 4 1320 19 1157 13 2908 
4340 3333 2915 1141 2655 1261 564 1504 3280 97 2391 1746 409 1304 5071 315 71 46 2667 83 314 
379 4516 2896 405 2375 4237 3365 866 321 409 4139 2234 1157 69 1 1304 4772 570 79 3273 1069 1689 29 
1074 4761 3469 2669 1677 2646 377 1165 2230 2238 4772 2908 809 13 557 
755 1138 4910 2283 2115 3573 4144 1086 2916 17 103 4475 
43 2023 5376 2233 3343 1391 570 32 2649 365 3274 15 19 420 1209 7 2425 
692 2129 5162 2 752 75 925 4 1127 117 1161 2234 2656 19 2482 3318 4333 767 3273 2667 
3143 2772 5123 74 42 463 3443 77 814 17 4149 4 19 98 13 4233 1 
5320 2502 3498 762 39 1320 1034 818 2 767 2239 360 3025 365 1069 
5631 86 1122 97 13 71 19 1033 
2432 474 4211 4551 3273 1201 328 570 18 140 1759 810 866 3321 365 1250 4776 180 750 557 4233 41 404 83 2443 314 
1567 2435 4741 1360 4137 69 4791 2443 3431 569 1732 99 1122 2683 557 1161 151 315 750 77 2646 365 19 
2790 2507 4976 4494 110 16 2242 1626 3277 4141 3322 1216 1157 12 
5298 2566 809 342 3273 562 878 1138 409 2667 1501 2646 4 2253 3322 1 404 2908 767 
3594 1357 6 516 21 878 4556 1122 74 1250 4143 12 4233 809 4772 1157 97 30 
3606 4565 111 1148 3034 4242 1074 70 1364 4 77 4772 7 750 
205 4605 1793 2488 4946 1402 471 610 79 2656 1477 1073 3323 4 1034 2668 867 19 314 1689 3273 2 767 139 
4373 5090 3545 2961 1274 751 767 2279 2 1161 74 77 97 319 1070 12 1033 175 
40 780 3926 1360 4333 1209 1692 1122 4772 74 922 97 1157 77 4475 
3651 4484 1171 614 1831 1341 4772 4240 1286 2443 2234 2437 2649 2671 20 878 4137 4 13 
3778 2125 405 4342 1125 820 5071 756 315 576 2425 2242 1033 1161 557 2253 1304 1 767 866 2443 
3382 1165 92 1238 1513 462 4410 103 3277 2689 2665 180 315 362 1361 409 4475 866 1069 2229 571 4772 2 809 404 
5334 2950 3334 1055 360 21 69 2667 3283 4 15 425 1625 2233 2236 77 103 1157 569 2 2425 
4922 914 3563 1378 4165 2293 115 1735 314 12 1138 2920 315 409 15 404 4475 68 
1346 132 5269 1721 945 3491 2460 182 1501 1689 458 341 2434 4 1477 2908 
2138 4340 3552 3132 478 117 42 1038 159 19 7 4772 319 180 4475 
4561 4233 2757 3322 3282 2445 4780 4144 750 
1464 20 4286 390 8 319 3382 4491 41 4164 70 680 809 3273 2434 2667 2234 78 2646 4772 
2581 3312 5253 1166 1036 3 1308 1069 3340 365 315 71 767 1122 750 
5506 3036 
15 2152 2650 4189 5 1295 599 4904 2240 777 2909 3321 365 360 9 4475 866 12 83 3273 2425 2443 2667 
4217 1914 1075 2861 1167 52 4476 774 3429 4772 314 1034 599 315 4233 2443 180 1125 809 2425 175 
4755 3259 1635 171 4780 471 20 1745 363 365 3496 41 7 315 71 1069 1689 13 1033 
428 2201 584 767 3031 217 3540 4333 330 1033 105 822 13 4475 68 1070 360 140 19 4772 866 557 
983 181 1936 2552 4887 3285 1543 72 1477 81 365 3342 99 315 70 4475 314 4233 360 
4767 368 1171 3318 557 2710 1150 4 99 2657 68 14 360 3280 4772 2238 767 71 20 77 409 
3406 906 2267 2243 2665 3274 4772 570 4569 557 2443 4233 360 365 
1314 3553 4607 2081 501 4948 1171 1209 97 750 
5521 2234 314 2485 315 2229 
5600 1124 103 7 12 87 15 1072 1157 
4062 4137 4233 809 866 750 4475 48 4776 1209 1103 
2439 1741 32 4918 1499 104 420 365 1250 2989 1189 3325 4139 21 2727 1477 809 4475 139 2235 3273 
4534 1081 3641 1928 4140 2890 314 85 4233 774 2237 315 4772 569 1033 404 1122 2233 866 
194 1261 4250 615 2254 2486 2064 328 1305 5071 175 3340 1033 316 3283 1157 822 12 4137 15 2234 2229 2908 139 1 
3324 1240 2954 1689 1514 2429 2723 189 37 4475 750 4342 2295 3278 2445 1122 4772 767 360 314 77 1304 1477 68 1719 
191 3919 1295 1831 5238 1492 809 1304 4137 
24 2185 2463 4903 2666 2233 1161 767 14 2908 4489 878 2667 409 3427 1036 569 4137 1150 314 
4002 1165 1033 264 1362 4151 125 365 315 4233 4772 4475 314 360 457 
1386 1526 4284 570 4780 559 4141 2929 814 2243 1901 84 2482 1477 41 3273 314 3320 767 175 4475 2712 
1493 4735 457 219 1306 4783 3318 2683 19 1103 3300 380 2233 99 2448 1217 72 1477 1690 4137 68 409 77 404 2646 1719 866 13 1122 
2421 2936 767 1369 1579 4333 365 45 2890 1122 4773 404 809 3427 4491 1037 409 15 13 599 360 19 71 
3559 4734 1548 165 4794 78 1270 1074 878 2959 97 4155 73 175 15 
512 1095 2435 610 5000 3475 2236 767 16 1033 4475 922 750 1166 315 4137 1122 2443 
4238 1976 4157 3482 374 2941 1188 2257 1034 2234 25 314 2444 2229 2 4779 1402 1069 29 866 2425 4475 
3256 4 159 1209 5058 3515 1310 1104 182 809 1188 373 87 315 314 4475 175 
427 4 3778 2450 4599 373 4904 1830 1353 19 557 2234 97 2253 319 2425 139 1158 1209 2229 41 
1141 2510 4171 3488 4972 2373 2234 25 1728 4475 750 1209 315 
5176 2757 1467 4143 569 3280 3325 557 4235 365 360 
3412 4478 4169 1321 1103 77 3276 1874 2649 1 4772 1137 23 2 2425 557 4233 2229 314 1216 
4877 655 210 2372 1202 3778 924 1339 4475 750 4233 2443 1209 767 2234 2425 41 
4077 4756 7 4772 1072 1124 1170 767 1 
3794 258 1247 4297 373 4162 866 5076 79 2484 1824 68 41 2234 1122 12 856 1157 2229 
1469 642 4572 2239 3379 1566 74 4289 2667 756 4787 2425 14 2646 3273 
1557 823 4333 2912 3451 426 2391 237 1161 1759 1478 873 2712 767 1689 79 4475 68 4772 140 
3770 2262 314 1483 121 4476 2684 4149 75 4779 1 4233 7 2646 4 2229 404 767 2 
1135 1443 3018 3484 4755 43 362 2379 4780 12 21 2445 2425 321 1069 315 15 2229 
193 2821 427 1243 5268 1080 3303 3320 2448 559 176 21 1719 71 1304 97 1033 
4458 2685 1456 1778 26 5071 315 181 2443 145 409 3318 1033 779 41 
803 3132 4149 2435 1861 3324 1641 2710 4721 2651 420 4779 1209 365 3273 
5008 569 321 8 4577 420 2293 557 2712 2 1174 3273 3318 750 
1796 3493 4617 421 70 2962 1035 18 2448 4257 19 175 1069 2429 809 103 77 2234 1477 4772 2229 
4111 1134 4340 17 1069 4772 103 4 4475 
3811 2326 4340 1123 2459 1163 2436 15 13 4475 12 4772 
1579 1251 41 1743 2290 1003 3322 2235 2963 2229 175 4 1157 4565 2711 3283 4922 20 15 1122 13 2425 
4669 3048 1445 810 80 183 3444 114 4256 1122 1518 750 4772 1719 
3463 1426 417 2935 4913 4476 1503 810 2229 1127 21 2652 2698 77 97 1719 29 314 41 4137 12 404 
3697 4337 1344 2659 1279 32 4772 156 1824 1 4486 1157 2667 15 2234 1069 
4933 1066 2464 2947 2737 1240 217 71 2231 4141 52 4496 98 557 1127 68 3427 1069 77 2425 1157 19 569 314 
2517 1525 4956 88 1242 573 2712 3275 39 4484 420 316 1479 2239 103 4149 3318 2300 557 
870 506 3012 2711 118 2233 4162 13 3322 2425 4476 1138 3275 4286 2647 12 68 2234 23 1209 71 315 4779 404 
3476 4997 1105 2443 420 1159 1122 2434 4194 866 2238 4475 1 557 
1096 1767 2445 5241 1689 2435 3432 1122 4137 2652 420 1440 2668 1033 866 2234 
2673 2093 1244 4773 46 250 2666 866 3112 73 117 15 1072 19 3277 3322 2457 2230 4240 368 4565 1122 767 
2117 5372 2737 1158 83 104 2488 3440 557 1151 315 569 1033 314 
1511 3701 4772 79 819 75 1388 1069 4334 2728 2295 1719 4496 19 2229 180 97 2234 3 866 
5002 1103 557 2725 4487 570 19 13 2236 18 2482 2 3273 1188 360 97 2230 4139 71 3318 
3720 1529 80 1258 5145 2672 68 315 767 20 1157 1306 404 750 2647 4137 2229 139 12 1069 2234 4233 97 1477 
3449 322 5135 2925 779 315 4410 1047 1354 2733 7 41 2230 68 15 2234 2 
1071 319 4354 2959 2616 1158 1230 4776 373 3276 4476 105 588 314 1036 1824 7 3318 2712 29 315 557 1122 
5114 3890 1176 70 106 1137 628 77 1492 180 4233 1033 1304 19 4137 
2870 3445 4976 1310 1161 82 809 18 71 97 4139 1150 68 4475 13 
2387 1227 1377 5009 217 2657 564 2446 98 41 4565 888 3369 1122 2672 5 750 569 809 1033 19 
5467 950 2758 227 1236 2443 2430 13 3322 373 335 97 1122 1033 3273 19 68 
1050 1239 1855 2482 4139 602 2965 84 420 4909 1625 1157 2646 2683 2372 3273 365 12 4486 7 16 360 3318 
2230 2672 3465 1597 2968 5058 1124 1256 603 140 404 2258 77 1069 2646 315 139 4475 1 809 2234 15 68 1157 
3857 4484 1767 126 1188 1334 264 1210 866 2253 4871 4233 1069 1689 41 822 1033 1477 
3170 5285 559 128 2683 2443 1069 571 3319 405 409 1720 3278 1033 7 2646 2425 4 
859 3143 1689 3342 750 45 2552 35 77 3285 4492 69 4162 4233 4772 71 19 97 1719 15 13 
2693 491 4240 123 1689 227 878 3640 5076 2659 1122 1759 767 2429 2448 68 1209 405 1157 4137 
1547 2654 4971 652 2507 2295 4572 1745 2229 117 15 2683 14 74 7 315 41 3274 141 365 3318 19 1209 
4833 1644 756 603 73 2400 4268 101 2667 4495 2646 1157 316 3442 1069 4137 
3751 1278 5279 2791 71 98 19 2229 404 29 13 2234 409 1157 
2384 2154 1188 4824 2 1036 2232 2667 3427 409 2444 1 4721 4144 365 360 881 1073 41 2647 557 2425 1209 
3098 1614 1313 181 4240 3287 2683 1861 4139 1161 4776 4491 4 175 3320 315 2448 409 1122 
350 5044 2230 4164 1240 2668 365 360 557 2650 2293 4475 576 1138 888 2234 
4911 2132 809 881 87 3035 151 2488 216 2722 3277 97 316 1 1304 1035 10 2229 39 4475 3322 71 767 2234 4137 
2382 4243 1744 4481 15 4830 1164 561 1572 2896 3322 866 315 69 20 1125 41 139 365 3273 4137 13 77 2229 1033 175 1689 
1761 5285 3784 2375 1286 2482 1035 2238 48 420 1 1157 
1399 3281 5360 2685 811 774 410 1991 2649 557 319 866 216 1212 750 3325 2229 
3243 4158 2728 4252 3431 54 1122 1523 1304 1749 2235 750 557 4491 83 314 1689 7 4772 139 569 2229 
651 5044 1250 4211 934 750 4475 767 1122 319 
2 995 3406 2541 316 84 4189 2646 71 3273 4721 7 4772 373 97 1 
5324 477 3455 3088 432 2229 2667 2234 2646 
4364 314 2457 578 896 3275 1320 495 4556 2646 83 4773 2229 2428 3340 1209 1861 3 1157 557 809 
1062 5060 2913 1276 3437 472 360 2374 2235 569 1504 72 2672 1085 68 2425 558 1481 1157 2445 13 2646 29 4475 
598 2675 4290 2528 4476 2650 558 1103 4772 1824 3292 1122 4155 1304 3318 1157 866 1209 
4265 3362 2744 2426 4775 1437 461 2234 4607 98 17 3277 360 2448 2229 315 1157 68 866 77 
2958 3288 4775 4281 3342 888 63 1304 2253 2236 68 2444 4565 71 
1635 118 1353 2240 4614 409 4927 2896 18 2925 3429 68 1163 73 1033 560 569 41 
1719 1568 4260 1124 2447 1210 4478 3477 2948 818 2434 1170 7 2238 2257 560 186 81 1 4143 68 4772 97 1304 
1499 5199 2303 767 1477 2646 4235 2240 109 139 2667 409 4137 404 
4604 2536 4297 4785 2917 3474 774 4 569 409 7 1209 560 68 77 
5116 1156 3287 52 2319 354 750 2710 83 72 365 569 13 4233 1 99 2927 1551 3323 4137 767 1157 409 
2005 2444 3321 2305 1152 564 5254 3300 2685 13 324 69 103 1363 2656 41 404 314 1033 
3739 4593 2716 2391 144 4233 888 1217 1304 29 420 139 1122 4772 1033 
5171 1443 1534 3 628 105 4235 2665 77 1737 4137 2667 7 3440 4 29 13 2443 19 68 767 
4103 555 963 5071 4333 1069 1122 557 576 3 1033 404 
669 2845 1169 5059 2908 1304 3461 4484 1286 21 1719 2 
3636 5061 4475 750 809 
406 5198 1591 2304 103 1122 2646 4333 2229 2683 13 409 1310 1033 19 315 779 4 
1060 2698 4264 366 1124 3285 156 1377 362 94 4772 4587 922 315 3359 175 2447 15 750 1209 4 98 2434 1492 71 569 
4391 2259 360 1132 2656 1079 470 16 1440 577 3318 2908 2482 5071 3276 1033 2667 314 922 97 557 19 2234 29 
2567 4437 3318 2036 1112 1125 3274 368 2646 4772 1161 4475 360 2667 
5426 1940 2721 2541 35 1122 4 13 314 3273 19 41 3319 1209 1033 
4083 1123 1169 5253 15 12 21 2 767 750 1033 
525 4521 1425 167 2647 54 3275 2429 1 180 2447 2685 14 750 1069 2953 15 4284 7 3318 4149 4779 1122 175 2232 315 19 
1334 207 3451 4973 4510 2686 139 425 26 4193 867 824 457 1033 2646 2229 1157 
5447 1216 2764 1069 3454 1158 4 
1861 694 4491 1124 3270 18 1161 1618 4255 824 1236 103 3427 4772 2425 4 4137 2443 
2969 4144 2069 1159 3540 5072 316 2261 1266 560 866 19 8 360 4233 13 571 409 
4877 3913 955 23 3 139 1202 10 4233 13 175 4475 12 
4912 3053 40 897 1698 2564 3340 98 404 1044 140 570 77 139 2647 4137 1719 3273 4475 1122 409 557 
4599 65 559 337 4313 4772 71 2668 2457 2646 751 2374 569 3274 140 3320 457 1262 1 809 97 2425 1157 409 
2608 4580 4233 1543 1373 2648 3273 3387 922 1695 373 101 4773 71 2 180 1719 13 29 315 1069 767 
3907 1078 282 5074 4173 1895 105 779 4233 41 
1453 4157 17 460 4475 3270 4272 7 768 432 569 1492 74 3277 1047 809 3325 97 19 4772 365 866 2427 
67 4200 341 1879 5011 818 569 2671 1033 1320 2457 4475 405 83 3319 1122 2229 2908 409 1069 140 750 2646 
4156 1128 3875 4777 1250 73 4721 1353 147 29 15 1824 98 1158 922 12 1492 
91 3264 2739 21 958 4 1033 141 1719 4903 1270 3432 404 71 4565 409 1689 97 
1442 5303 560 21 80 2258 3320 3300 2712 2231 2238 1122 409 458 68 2444 1069 314 103 1033 
2539 1160 5284 29 7 1 610 1124 3427 69 1733 2253 19 2959 1103 77 2728 13 15 
3710 5072 1200 2327 2233 2739 71 4338 77 1033 376 97 2234 569 4 
4932 2917 1608 103 2229 3450 4607 751 4 2712 314 1123 1304 2235 1224 140 1033 
2675 4289 3445 2910 1078 4774 69 772 420 2229 4491 103 1451 1719 79 13 2647 315 19 4155 1033 1689 2234 
971 1286 4503 3003 4333 2722 2246 1157 2425 3325 2295 3273 4772 
963 3689 322 2657 68 1106 1216 4799 2667 2237 4565 2334 1492 29 13 117 4233 1122 71 315 
3690 839 1907 37 2334 4871 26 1517 4484 2656 4244 2234 2667 314 404 410 1157 2 
2363 1569 1345 1238 1148 750 6 3343 233 4333 2908 8 2425 1174 3283 41 5071 2229 21 809 
3084 5017 2243 1493 1257 117 40 2712 316 809 68 1477 750 1353 4475 1 4137 139 71 
3335 3047 5265 3286 1330 1610 362 68 2683 1271 71 599 1 97 77 404 365 
1515 1465 2713 525 3028 366 2237 52 3277 1824 360 5071 4137 1477 2 2232 69 15 3322 77 2443 4233 1 2425 
1349 4384 3082 1478 3325 4475 1262 2434 818 866 2 2683 2646 320 7 3273 1033 4772 
3670 870 1035 2104 4240 41 427 1070 2728 2555 5071 4143 360 365 750 
4076 24 4254 4475 4 750 4772 12 1161 52 4144 13 767 1033 
5321 1324 2383 1041 570 7 2896 2908 461 336 3320 2231 560 1072 314 3273 
4687 1 4964 1167 1074 2493 1693 3320 1254 14 360 3273 15 1719 1122 4 
1060 5278 3026 1178 3336 408 2229 12 878 164 2730 71 77 15 557 97 19 2425 2237 767 809 4 3273 1122 1304 
4516 4918 3893 750 125 1088 1825 1159 4137 1 
3009 317 779 2388 4871 1048 3445 809 1125 4721 2656 1209 320 866 404 1157 71 2667 
1391 796 3696 1690 2761 20 1721 105 4333 1211 180 603 4486 4780 175 2253 13 
3471 4613 602 29 1133 190 4237 2247 873 175 2671 18 1610 4772 2650 2908 409 360 
2623 2925 1196 3501 4171 4233 21 15 569 421 12 4773 104 866 41 4475 557 767 
3204 1272 103 2657 17 4252 1042 4143 750 2667 559 4780 20 4475 2458 569 13 3427 68 2425 1157 77 409 
4743 1519 1693 1124 2647 2684 124 3273 2429 1719 3320 19 1072 2231 1477 404 751 13 4772 7 4137 15 1157 569 866 2443 12 
2992 455 5262 2384 3278 3319 2665 99 1577 2710 1034 351 71 70 1157 12 77 1402 19 557 
2751 3458 1852 783 2916 4338 2379 68 13 457 81 99 410 1080 5071 2232 314 12 
3107 5092 4233 3343 422 1494 2434 1741 3274 315 21 750 373 4 4137 97 71 599 2646 1157 767 1304 
828 3556 4724 893 1440 466 2038 2268 4772 2 73 1122 2908 12 4137 
615 861 4831 1646 2437 3284 1868 2443 4149 2 368 4476 3318 1157 2683 13 1209 19 4233 
3371 4676 4912 2450 430 1033 42 1209 1304 767 3282 866 1477 19 7 97 1528 319 
3727 4139 436 1388 4734 83 2239 1254 4772 71 2652 97 144 888 2675 
3592 744 2254 4308 856 1557 1157 4496 4139 1069 4772 866 
3954 1392 9 4334 103 77 4780 1 4475 68 1209 809 
3506 1583 1736 1124 4755 2944 1689 21 2492 2257 1170 866 2233 2234 7 569 4772 
3232 49 2079 391 2686 5060 3283 17 3328 576 1033 750 4475 21 1157 29 
3109 4146 15 1306 4499 72 4233 2444 1170 180 2656 561 2667 13 3318 4792 81 571 409 750 2234 8 3273 2425 97 68 866 1492 
2757 1743 2291 1310 4354 3463 319 4822 1042 1236 4484 1137 1157 2 
1464 549 2757 3025 4593 3445 41 1824 4772 888 29 4233 
4887 2673 2 3427 1242 2087 881 2231 118 1103 569 21 4723 2647 368 1304 71 15 557 29 2482 404 1122 2234 
673 1645 2947 2722 1264 316 3318 5220 22 4297 83 321 3273 1719 2239 1157 2482 1689 
3495 1757 4740 1611 12 599 2229 16 71 32 1692 2457 4872 97 2428 1122 409 1304 
4610 3009 16 561 888 1122 3278 127 4233 3320 2683 1170 1477 1551 570 2447 12 139 4772 2646 140 2425 
629 289 4759 1391 3515 19 767 68 2925 1 2229 14 79 1209 6 866 2443 2425 2234 4772 
5308 87 1431 2380 659 2482 3359 1 71 2656 1157 2667 97 420 39 3273 41 314 2 
4330 1678 81 4191 174 2243 1372 4 2712 316 68 4776 13 1033 4475 809 
1278 740 1764 4144 2987 2821 5071 767 3280 4235 77 3325 29 866 69 15 
2872 3656 4755 866 2443 100 562 1304 12 87 41 1174 1122 2425 4772 569 2 71 
10 3968 1003 17 175 476 1369 192 1275 409 315 4233 5071 341 19 1069 365 569 13 4137 
4917 3196 484 2484 3320 157 2658 2683 3276 4475 569 772 20 866 1 409 13 1209 4137 
565 2164 2807 3442 823 70 2 139 2947 4484 365 104 185 19 4333 1122 1033 77 4772 140 569 
2324 4383 2776 11 5083 3377 2426 559 409 19 3273 12 15 41 29 175 13 315 404 
4907 4544 1258 28 3433 2940 2493 353 365 2253 1150 362 4137 29 2239 750 74 1160 1689 1719 
5075 1319 443 3035 2728 2064 1157 2445 3273 1088 2 74 1037 2231 4333 3318 2429 569 77 2234 
3279 1125 2903 5112 328 584 4189 1610 779 87 156 3319 408 2234 99 41 409 1 4233 71 2908 
1880 4765 4772 1033 2435 1581 3501 44 1224 577 557 13 98 404 1122 1 2234 19 2443 71 1069 750 
4803 4428 3291 41 810 1240 3319 1126 452 128 142 1 1033 599 2482 750 767 1071 4475 1306 
4445 2488 1077 74 1125 1304 3440 1157 576 2730 4491 404 1048 4779 557 2 77 
5055 1308 50 2 1070 124 1033 822 4475 4137 1209 
3463 5150 2356 2239 1167 2712 1074 4143 83 4235 404 44 13 314 410 180 1759 1122 
3672 4390 1464 69 46 21 2710 103 408 32 15 409 4491 365 809 2646 77 4772 2425 
5052 103 165 1130 1042 778 404 409 1174 809 1334 2 878 13 78 1209 4565 23 315 314 
172 883 3897 2083 410 103 557 4580 569 768 1123 366 314 1033 408 7 15 809 29 1069 4233 4772 12 
4160 58 1191 2552 13 97 2668 1861 3032 487 4773 3283 408 892 1304 3321 1036 365 1492 557 4721 314 569 71 12 
5142 4193 588 2755 2428 3291 2443 750 3320 315 4233 559 
362 3130 1 3522 4723 4785 1071 103 4137 2482 4 2236 2229 12 15 750 315 
2602 1896 42 4570 588 1266 13 1492 557 3778 4233 30 404 1477 81 888 1304 4772 68 
4692 770 464 2948 1157 365 3452 103 4922 866 1719 360 569 557 7 1212 19 13 
5459 408 1164 1305 3440 365 410 2890 569 12 558 71 97 15 1033 
3482 1439 1842 4757 2942 355 2242 2338 750 314 1 2443 175 1157 4772 2425 
2430 2813 1874 2 1559 3320 3273 569 4944 50 4484 360 71 4137 1069 97 1304 180 866 2443 
2530 175 104 1608 4903 4476 344 4195 3277 899 1310 84 1754 2728 3318 2987 1138 181 569 
4261 61 2685 1499 1292 4551 953 3 2286 3328 2666 410 4155 1033 2233 319 3274 180 19 4772 1069 97 
317 5496 1544 681 1261 3343 1334 952 1745 97 373 71 1 
590 1142 5410 2091 87 2435 29 557 3474 779 2443 4 866 404 1069 809 2234 
99 908 1608 5143 3303 2443 2236 3318 2713 1071 5 1432 74 557 7 750 4233 4144 360 21 1719 77 1157 569 2229 12 
4025 450 472 1366 43 5250 17 888 751 71 603 140 809 1069 13 29 7 
112 2066 5071 3683 434 779 4240 4 2320 2234 1261 4149 2667 2229 1157 2 1033 2646 
4310 2095 2319 1270 2448 3280 4138 4779 420 4475 750 75 97 2647 42 3341 866 2231 79 19 29 1069 557 2234 4 
2498 5254 2799 377 1821 3427 8 17 2908 77 1689 2 68 
4846 1160 3343 419 72 809 2429 2230 77 4493 1075 315 3273 15 360 2646 1123 404 4244 68 4137 97 569 
3236 4570 2668 1711 11 351 1339 892 68 4284 1741 39 3283 103 41 2229 77 1157 3318 4772 2234 
2036 3167 3553 1109 9 809 490 71 29 4333 4772 16 4491 4 97 
1064 2649 3220 4137 819 126 419 3325 315 327 2683 558 4475 1125 4244 2 3280 175 569 185 404 4772 2229 
4817 3096 81 362 2503 2237 1109 4484 570 3320 750 404 3278 10 809 4137 1 2667 68 4233 2646 557 13 2 
2976 4354 2244 5075 154 3340 1757 3283 1038 659 175 316 2254 12 1689 2443 19 2425 13 1122 
453 5096 3505 2911 25 4289 1140 71 1692 1478 97 2482 83 1079 570 4137 4 557 1157 866 2234 314 1 2229 
3638 2378 1143 4237 572 1166 2728 222 328 822 1608 4871 4475 2426 1724 1069 2444 866 1304 2 2234 71 360 
1194 2145 494 768 4575 3283 2436 159 3373 4244 365 2448 12 2672 316 185 360 13 4772 1209 
761 5183 3284 3327 5 2243 2429 888 7 4333 2668 818 2 
1398 3932 5239 1216 750 4137 140 1492 
285 1387 2242 3403 569 4735 4772 4137 3276 458 103 557 410 1261 21 1037 878 2426 2443 2646 
226 1825 3237 845 2406 3320 5271 1138 772 866 360 1174 2646 3273 2667 
5279 241 1719 1270 369 1364 3487 2443 2425 2987 360 1069 2229 1041 2278 4 2234 314 
1 1377 4777 3382 146 319 2254 599 2784 922 1128 314 475 29 452 4476 15 13 4333 10 139 71 2425 1033 315 3273 
4109 4779 878 88 12 15 5 4333 1150 71 4475 767 97 1033 
1266 133 3394 4507 4334 2483 1157 1910 2648 2239 2253 3275 4780 315 557 139 1122 365 140 404 41 
1687 3656 890 434 557 4576 1074 2425 2278 2712 2443 4903 2238 2229 1209 13 
1751 3483 2446 794 3177 1070 1037 83 1514 2235 1402 2427 4772 4565 29 4233 4 41 2229 1122 314 97 19 
286 2698 4830 4280 3444 584 1263 1125 71 2646 772 1157 99 2231 3 12 4149 4476 1033 557 
98 2607 2067 333 3492 4942 368 1174 77 1044 4491 362 4137 822 71 4 767 1304 
2475 4143 5085 2939 3287 3340 5 1157 4235 1069 1477 68 79 1138 1692 409 139 569 2 7 12 
1149 556 4386 1445 2487 73 185 98 176 2698 5148 2229 140 20 557 3273 569 3318 2646 
1082 2406 5022 333 1056 4143 1923 660 12 1137 420 4475 79 750 1213 97 2713 71 
66 3328 4764 2654 428 1211 1741 1518 3277 4787 97 2667 2236 1157 2434 569 77 71 767 68 1122 
2133 3375 4148 5076 47 662 3281 2237 1369 2646 2667 2372 12 4244 15 767 315 
3036 122 602 4374 3505 2229 404 5079 75 409 867 1 2443 1069 1122 4 360 2234 1689 1033 809 365 2 2425 
4133 935 315 4233 362 5072 365 4137 
300 2296 3400 55 4256 2427 14 1263 5220 2243 1188 652 866 2647 368 3273 15 1477 2443 1304 19 
4691 3715 1079 1306 87 4903 104 1157 1209 17 866 2 767 
738 5265 50 4025 4 68 77 1304 
3717 2875 5079 42 4252 99 83 888 4137 72 1033 1304 750 
336 1491 2987 3449 5082 2795 1759 1209 421 151 4234 316 4137 809 866 1492 12 68 41 
3960 1326 922 1036 1214 1069 4484 1126 4773 4333 12 15 1157 
719 4386 1049 2973 4524 81 2667 13 823 2425 2234 4785 2443 3278 2646 3318 767 1069 68 
5301 2283 27 1385 3342 1477 1212 2536 1034 319 3290 560 1069 83 139 2646 
4486 3984 5058 7 1431 1157 71 83 4 97 
436 2290 1279 4852 2674 196 2427 1353 809 4503 4235 2646 890 2445 1162 557 19 4137 175 14 2229 2234 29 
1710 4736 1385 4827 3324 3280 561 1726 4137 365 3 1103 29 2710 2656 750 319 409 
5604 1163 72 1126 99 13 1034 68 77 
4994 2546 19 4605 5 85 29 1167 1035 890 809 3340 3273 1150 2646 750 13 
108 4327 374 4616 1575 1277 2669 2650 1368 21 230 409 4773 2234 314 599 2229 1069 809 
1635 2447 2393 4790 572 1073 1309 1033 2425 564 3276 78 1159 4137 4235 68 4491 1209 97 141 2712 3365 767 71 
3151 2234 3476 4877 823 4491 104 1071 1122 242 560 81 70 1170 2434 140 4233 409 569 2443 767 
1262 816 3333 1728 2675 2428 4962 2295 85 2652 101 2231 4565 73 1159 7 463 3273 557 750 1123 409 2234 
4628 1780 316 67 3440 176 4787 4308 2508 822 2722 71 140 337 1188 365 360 1477 97 180 
1495 630 3035 2710 1910 2425 333 4477 233 1292 866 3323 2229 1033 4779 4137 3283 139 2 4233 1069 77 1477 767 
4642 2492 357 1135 3427 1366 4256 2765 1107 822 4772 29 2957 1719 
2413 4487 3005 2890 4244 319 1134 316 4139 1069 3275 557 1250 3322 71 4772 1157 365 97 
1388 5118 2466 3647 362 2667 1106 2646 175 4333 2232 409 117 2425 779 1477 1212 68 13 
1420 1143 3184 3442 900 1157 75 2674 2240 4240 757 41 97 2646 559 409 5071 4137 19 365 404 1069 
2512 1274 1338 923 4189 3278 494 5101 752 2667 767 2953 3322 2646 4233 69 1069 1033 557 2234 7 13 77 
3018 1196 4875 3440 2722 360 97 369 25 4288 2426 4475 74 2448 557 767 77 7 1069 
455 2053 4552 1188 2710 7 2437 4780 562 3427 1035 1304 17 97 4235 2647 4137 569 2235 809 1 71 1209 
5522 1552 1312 27 1188 470 1736 97 1 77 2295 180 
1554 4915 3276 2504 2945 49 4144 4496 1842 2667 2233 2379 314 750 576 3319 103 19 2646 13 
222 572 2761 1564 935 2482 4942 151 4193 105 3427 30 1719 557 4475 6 1477 360 750 7 1689 
530 1198 5286 870 3314 3320 21 1695 42 12 2447 822 74 1209 2238 558 1353 2667 15 360 315 767 29 404 
4832 3487 4583 4242 1845 20 2484 1612 1073 2239 1188 13 365 2253 97 360 71 
1374 3625 4476 4778 2909 1263 4282 321 42 809 1123 4137 
1128 2436 869 3093 3476 4503 1363 4253 4137 139 140 2237 4779 2448 41 1824 71 1 13 97 4 750 
4391 353 3646 2729 83 1162 2492 1362 5143 1036 2234 314 2229 41 866 569 809 12 557 
2344 934 2891 4565 1845 570 3276 83 2237 4308 1311 314 1122 4772 71 1209 2229 1157 360 3318 557 750 97 767 365 
1664 369 610 5385 3284 1840 104 809 1033 767 2683 1070 3318 2229 2443 2 2425 1304 457 866 4 750 
5046 102 2338 71 361 4475 2727 4137 866 2239 1033 767 1242 1122 13 180 365 
368 2586 4756 549 2712 3427 4845 314 569 29 420 1157 1138 1069 767 559 41 
1108 945 2351 3786 142 4333 610 1829 2482 1367 4772 1122 2234 4475 2229 
3399 2041 4572 1411 2239 3273 362 4288 324 1174 2 2665 1123 315 19 404 750 4772 7 557 2443 365 
1415 4721 1495 2434 1841 2653 21 368 420 3325 4883 1071 911 1171 2300 809 2683 457 750 569 180 3273 12 15 
98 866 3115 2722 4813 1254 1158 604 809 83 12 1150 6 2230 23 3273 2235 71 3318 4565 2443 4233 13 2425 750 
1237 5280 1083 1304 585 2394 3318 2724 3273 2425 1033 19 360 557 1824 2953 97 1122 2443 
4270 3027 1497 2542 1090 4475 1130 3275 1250 487 4159 3340 1157 79 750 5 365 314 13 2646 1304 767 315 4772 
3354 1041 1217 3282 4830 2232 83 4142 4724 922 468 2253 97 2647 767 
5368 3455 2235 2048 1276 92 2646 474 409 2230 1033 404 1157 2667 
2638 1190 888 368 4945 1069 3274 3340 4475 1 1035 2649 4137 
5633 1124 
2885 1686 820 31 103 157 4883 2445 878 4721 13 1125 557 3322 19 7 767 3280 360 
3698 4910 2766 4607 1331 1246 2 1824 85 1122 1069 
68 2775 1596 5242 1344 1690 3318 1745 12 140 3280 79 4137 7 1069 2443 809 
3106 1477 83 1771 3501 4873 2482 577 4721 2230 1073 751 559 1689 867 41 2234 767 809 71 404 97 
3822 2294 2428 14 2239 599 1063 4565 42 29 4244 4772 23 2443 409 1069 
1658 3391 4196 558 1163 1085 2448 3278 1728 16 1037 4904 70 2650 2427 1122 4484 1689 2234 1304 41 97 409 175 
1644 5437 1377 3343 69 15 610 315 3286 54 373 7 77 314 1209 
4453 259 124 659 420 3323 949 10 319 2667 2444 1 2425 2230 3273 23 2 5071 2646 
4261 4546 3322 1199 1227 460 1310 233 3277 4827 2427 2443 856 1037 19 4137 365 
1334 1179 888 1245 3316 1538 68 114 752 219 4242 3325 4137 2234 2667 5071 1719 12 
2260 774 2086 3580 1080 4139 4942 409 1122 922 103 70 373 602 1 1036 77 19 12 4475 404 7 
4426 362 3318 3283 2668 772 365 5071 2908 750 
4425 2925 599 3273 4780 2712 404 4475 809 3318 409 
3921 1527 1223 1190 5075 1304 4233 17 140 74 97 4137 29 1719 
2421 1517 4738 1162 4141 3436 866 9 373 2672 2665 4 29 1122 4772 12 404 2443 1477 
2758 200 4262 2304 4144 2490 4823 21 1501 1189 1069 1041 3318 866 4475 767 3273 1310 83 1478 
3429 2087 2319 767 2672 466 4218 13 5071 2665 2448 404 1128 1103 809 4235 1209 7 315 314 17 2229 557 2234 4 
208 3008 826 4196 2767 1130 1517 627 4233 1160 4496 175 3 767 2425 3273 3318 319 4772 2443 
2427 136 4376 2668 3088 1190 406 584 28 767 139 557 2656 2237 4787 1353 2443 4476 1033 3273 3318 
3553 4846 1155 71 4565 888 2 99 4240 12 1157 
3171 4395 205 826 3318 3281 2237 892 2667 79 2646 20 5071 1070 360 365 315 97 599 2443 2229 
1823 4906 2710 380 4551 2404 3318 822 2428 3273 4138 2646 409 139 1689 
2978 3279 5332 1641 1175 2724 1839 233 3325 9 2234 571 2425 50 360 315 
992 615 1273 17 4475 1079 4988 362 1037 3452 2712 1163 2391 365 315 13 4 4137 
1569 1933 604 357 4252 4628 3286 2710 4772 1 1126 21 420 3359 2 750 2234 
3900 237 1723 1209 1171 4257 4572 32 4779 1492 1150 68 1477 2 77 
2492 4222 1158 4722 750 2246 2721 10 2300 1035 4772 1069 3319 3273 314 767 
2982 2084 5009 2656 314 4194 60 3319 19 576 2710 4490 15 1123 83 1033 97 13 12 365 1069 559 404 71 2234 
3548 5330 85 935 214 22 779 2038 1166 1210 175 2960 1070 71 1122 
2177 4827 132 2429 2711 1160 570 4524 487 4144 3323 1079 2656 1063 314 1122 3275 9 404 4233 
3412 250 1987 4776 2426 4235 58 23 4149 78 3285 12 809 4496 2229 97 71 360 
4410 2528 132 5 565 1503 4840 3320 46 4500 140 2712 406 1270 569 1103 1159 410 878 767 3273 
831 1315 3325 3057 2652 421 569 1907 2239 2667 97 3275 1161 1033 4484 368 4149 17 2429 4772 4 4233 314 1492 
2043 922 3115 104 3565 5250 5 1122 68 779 1174 77 41 
403 1103 4170 2440 4256 3379 576 4773 1440 866 3283 4484 2667 2234 1122 
9 528 5430 1371 1781 3275 1209 1122 2246 750 78 2713 892 1 3325 21 139 68 419 2428 809 
891 1689 3031 3450 810 2689 404 101 1072 1432 1749 227 5071 13 4137 2656 314 4235 333 29 409 1492 315 
692 5107 784 2503 3278 4288 124 1034 2947 4155 194 2712 1528 3323 14 1209 23 1069 4 
5296 2396 2485 22 1505 1177 566 3427 2667 103 1277 569 41 1304 2908 2646 409 
2779 2955 4144 1811 193 114 3462 780 2295 337 17 4903 1069 4491 29 1122 
496 4831 1979 1157 188 2229 86 4290 3285 750 2710 570 409 4149 140 139 314 3320 4496 1270 2425 360 2234 
4696 1165 1732 1361 3320 2429 4787 582 1074 2908 1 768 360 2443 4244 4 3273 97 
4871 1704 2539 3365 610 1368 1224 98 4721 16 779 13 1035 180 866 19 12 3273 2712 809 71 2253 1069 
2239 581 5012 3328 2293 1975 406 4476 2652 1277 1069 4137 2667 1157 
1788 3458 2281 2712 4139 4259 2910 17 117 4475 409 333 892 405 30 2234 4772 315 1033 2229 71 1477 1209 
1735 5283 3054 24 315 911 2728 3327 420 1109 3273 822 151 7 1188 2229 2234 2425 1304 32 97 77 314 
2436 1136 1504 2965 339 4721 1250 3427 811 13 1825 2713 1160 2382 361 767 4871 365 39 569 2443 19 1477 1069 
80 1742 5364 1641 2426 2669 455 71 1157 3277 1422 139 2238 14 2229 1689 7 767 809 68 2443 2646 750 97 175 3318 19 140 
4196 2720 5044 4488 73 1214 603 1608 7 1036 2234 101 41 15 1122 750 767 12 2229 
3356 1156 2439 3290 5074 4334 1 562 2646 404 1157 
3843 5294 1320 1160 801 2492 569 83 1528 922 7 1069 2229 2234 1033 557 
5060 3713 50 2250 1186 324 751 68 314 194 77 2668 404 71 1122 97 2253 409 1306 4475 2646 12 
3429 2051 5368 1431 2246 404 48 103 2890 1033 315 314 1159 29 77 68 409 457 
268 3455 2951 878 1241 4233 405 74 4486 2689 4871 117 1528 2656 1158 1689 2 2253 409 767 315 1719 
3633 4962 4137 1128 4486 757 13 1157 1 15 1209 12 
3114 1060 2733 1090 4787 4503 945 77 2529 599 1190 1727 3427 12 4137 15 21 68 4233 
3928 822 4258 4137 866 5071 
1656 4946 559 3323 4137 256 425 468 1895 17 866 1313 2437 2712 2443 767 78 68 1070 97 569 1033 3273 365 4475 
2376 109 1255 4572 2522 3387 480 2238 365 4235 3277 1492 6 69 410 2649 77 7 15 4779 1122 404 140 
621 4551 2821 1463 772 25 4772 4234 3319 3274 822 1033 2485 4149 1 1719 1689 
4930 461 4513 3322 440 2242 1258 117 4 4144 72 3026 866 2429 1304 3273 2710 750 68 2646 15 
5597 272 989 12 13 23 1122 1033 1174 380 
2777 1258 757 184 5021 78 2300 866 1364 361 1069 69 2443 4565 774 365 103 557 569 1492 809 15 140 2425 
4189 2653 1798 95 103 582 1212 4256 4475 779 1 3319 2908 367 2503 3273 866 2667 7 557 360 2232 140 12 4772 2234 15 809 409 
5223 4260 1380 3555 1270 1731 814 42 1573 470 1033 750 17 767 2908 7 
5179 767 1048 360 1070 2668 610 2229 1163 3323 69 2647 2446 4235 78 3280 1122 15 4137 
365 5421 798 2646 2668 41 1993 17 5 615 3318 13 2239 314 2482 3273 2 360 866 29 19 809 
1993 1050 574 53 2391 5023 75 1132 23 2651 767 1240 1069 1363 4137 360 97 4475 2 2667 866 
2983 5226 2058 3476 12 109 2429 2243 750 15 83 4233 2443 569 
3767 4565 2815 4 1212 1517 4235 4776 866 1127 809 69 41 77 
427 2384 1263 4155 2992 2658 1163 3325 1137 759 4237 1320 2667 2425 365 5071 1033 1492 13 41 3273 1 
1088 4588 1036 2440 1231 3323 334 3284 2444 1492 3010 572 409 145 4244 1127 2667 4772 7 77 2 767 
72 1737 3107 5088 2239 2448 78 3320 3275 29 1157 2646 139 2668 101 2428 1304 70 4256 4137 16 409 866 314 809 557 
3262 4800 881 1153 292 820 4721 315 373 1209 3274 1492 1 2646 4155 1033 3340 767 
2332 2779 1720 4738 315 878 1690 2443 13 2426 180 19 3276 15 69 409 97 4871 3318 71 1492 77 
4830 1224 3542 1757 1633 4139 103 18 4524 610 360 1689 888 315 175 4233 809 314 365 1033 
2781 574 4350 1202 4524 2926 814 9 71 86 2482 360 4787 19 3318 557 97 1719 3273 866 
4805 625 3060 1493 2897 15 4496 1152 4235 3427 2229 139 13 4144 1310 69 8 767 2234 71 
2983 2839 4144 1722 4772 4256 420 2482 17 1048 81 878 3274 139 315 3318 68 4475 1069 767 
2419 314 3280 409 5075 3000 30 373 322 2646 167 4333 2668 2443 15 404 1069 1157 3318 
1156 562 5221 3539 383 1831 2962 1568 2293 71 576 216 1 1157 1209 4233 97 404 
1718 794 3340 2485 4607 557 315 404 314 4947 140 2229 2238 2646 409 3273 1719 
2891 5321 585 2304 3359 325 1072 1305 2234 558 97 1033 2231 83 410 404 3273 19 41 
3515 1469 4148 4556 2434 893 562 2457 408 410 69 13 139 140 4903 71 314 571 
2706 2499 1171 922 4313 2657 1286 4776 25 78 365 2 4476 29 3427 68 4137 360 41 
4609 638 1403 1523 1830 2528 4780 768 3359 1478 1188 3273 457 4233 2646 1069 2667 
3291 1794 612 2504 5060 2229 2379 97 3340 315 4475 1266 457 8 4 1481 2 74 2646 139 750 77 1689 
757 1698 2372 175 4233 3434 314 1070 774 2710 1209 1137 569 7 2237 181 15 1170 146 4551 560 1719 77 2425 4871 2646 139 315 
3665 4146 132 4244 2541 181 2304 48 369 4541 478 1034 1122 4776 750 360 314 
2884 1161 4365 2947 583 21 2425 3318 373 4772 42 1323 4475 180 68 3277 314 2447 404 77 809 175 
1954 849 3580 1126 2939 4484 606 1157 4871 866 4284 41 1492 1033 
2240 1472 4594 574 2262 866 3442 2925 4903 2667 557 2650 767 1824 409 360 
5034 1042 245 1232 4189 2653 564 6 922 2668 2232 2238 83 4484 1492 15 1122 1304 365 7 750 12 409 
2664 1247 5081 3461 2678 314 2959 17 117 41 1070 2235 767 186 19 2 365 4233 1719 569 4137 139 404 1033 68 
4035 283 4775 1162 4580 856 463 362 1109 98 4233 866 315 71 365 12 1122 
3891 157 1534 5072 1160 1358 136 2 1481 1825 4338 21 1 
922 4128 767 4137 4903 2 4476 1069 
355 3082 3445 4877 4486 47 2737 868 314 132 4253 750 1 1210 2234 2229 457 
5189 1356 75 1517 2445 809 1719 1272 77 569 2235 866 19 4 1157 2672 3318 192 4333 16 97 29 
4713 2447 1122 823 7 557 2 4233 4819 2238 1033 1157 2428 1069 2229 319 
1390 4750 1238 216 1033 409 753 4195 603 2240 899 2482 404 4772 29 
162 3664 419 4240 1069 2229 5223 881 68 314 1557 315 2712 2234 7 2428 2443 77 41 767 360 2 1477 
1966 621 873 2444 3100 3 2425 4137 757 2239 373 51 1036 1492 2712 3273 4772 856 314 4475 4233 7 3318 
4344 2378 91 3477 5071 1566 97 2962 192 2234 2447 1745 175 7 2428 1 779 71 1209 1033 19 569 13 
5624 1126 12 79 19 73 68 1 1072 1033 97 
3858 4354 1392 782 2255 4779 867 1825 2 4475 319 1209 180 
1497 756 2991 482 1392 576 2231 4757 2460 22 2712 1478 3276 3318 4772 2429 1209 365 15 1 77 316 29 
5462 10 3442 2722 1069 365 315 1 1223 360 1138 2234 599 1159 68 2230 
3177 2457 563 891 1212 164 216 2229 4904 109 3474 577 1759 4475 1157 15 1150 2427 5 1517 404 4137 77 12 
4670 832 3030 646 1151 1874 4906 3452 468 1033 1209 117 1 
4612 2034 3239 888 3274 260 2671 1069 559 3319 77 2650 97 71 1188 68 4772 1033 4233 
4208 1449 105 4484 2672 818 560 2947 21 77 3427 4233 569 1124 68 2646 4772 
2020 756 3035 4580 426 1138 3451 2229 98 4906 72 77 1160 19 16 2712 2234 1304 809 
2347 1065 241 79 5061 3471 2684 334 314 2649 4475 557 32 365 1122 569 404 2229 
5522 68 1436 473 1158 1523 23 1720 7 12 77 2253 13 
3184 4142 683 2434 1434 3340 3273 4721 2646 315 21 5 888 4772 1157 1069 809 2443 314 373 15 2234 12 
374 4477 538 1719 1270 4143 1075 3570 3030 315 105 1047 611 1689 4244 809 1492 1477 1157 4772 314 
4885 3462 1425 1482 109 856 57 2258 1767 4724 2656 68 2236 16 599 175 77 1188 360 2667 140 
3791 4350 866 1518 1088 4486 352 110 2391 4772 365 1895 2443 2425 5 1477 360 315 
2893 1170 4823 1314 249 3273 4285 599 888 4600 7 1265 315 3323 1122 809 2229 1 314 97 
5566 21 1210 1123 1311 1041 12 1069 1159 15 
2471 4369 1396 2646 185 335 3359 4779 2428 316 4491 373 2229 557 1719 1209 19 2667 3273 
2486 1331 2387 4756 2908 420 1298 4794 3278 77 2712 557 41 15 69 457 569 314 3318 
1796 1689 3238 364 809 1227 5058 2667 2253 409 2236 3319 1103 2229 1304 2646 3 41 4496 3276 
2786 4826 778 2319 14 71 315 49 4235 1689 3274 3321 1754 117 4137 2428 4491 68 2443 140 19 15 29 139 
4395 881 3482 2305 1325 17 2425 2953 362 2445 140 2239 1124 460 7 4776 809 176 1 1069 315 4 77 180 4475 68 
4527 4959 1036 3465 1272 2763 923 97 603 1492 1174 68 4155 71 750 77 
3156 1872 1500 316 16 77 3278 2722 2457 4333 599 1125 767 21 4475 1170 68 750 2425 1477 373 3318 2 4772 12 
3810 4195 2232 4906 2238 2443 1431 409 1157 557 98 77 74 4475 457 2425 750 4 
3354 463 945 4333 5143 3278 321 1250 405 1305 117 1069 2651 71 2425 41 360 2908 68 
1557 3486 5059 2912 4485 1306 45 2286 1477 1174 2242 314 97 7 23 1 2425 1689 2444 1719 
5172 135 413 3343 404 1270 3278 4139 1477 1377 2651 571 1033 2425 362 767 1492 4233 29 
1082 5584 70 1277 101 2 5 12 77 71 1157 15 
917 1737 2397 1656 3280 1371 351 2668 1129 4922 68 3325 826 2646 78 15 4551 12 1033 4137 
2630 1420 44 750 4308 317 2712 4785 102 3275 4565 809 1 319 767 3318 71 13 365 1069 1033 
2491 4778 1874 4611 560 1402 1145 3273 3321 2675 4234 2229 866 2238 2646 315 1069 1477 2 314 2908 
408 4976 321 1324 1103 1215 4190 3321 2679 1157 4488 83 2457 1 315 3278 571 7 314 2651 2425 19 1124 
1219 1335 4493 4926 3270 4161 2484 1508 1158 373 3322 1071 3276 1122 409 78 557 457 68 
1057 2517 454 3278 4145 337 2679 2253 878 4824 3324 21 4233 1292 457 4475 7 2646 558 1069 
373 5034 4622 240 2757 1566 599 12 459 164 767 77 1304 866 15 2 1212 
1238 1600 4313 1189 5224 85 3325 3278 419 44 97 557 2650 139 2238 316 1103 7 140 21 29 2667 809 2427 
1140 344 3319 1264 2612 3309 1759 5074 19 221 4235 365 314 4143 1492 2667 4 360 1157 
4846 4342 2490 77 856 1161 2237 2650 316 19 1038 3427 14 4491 599 2667 4 68 1122 2229 
891 1539 4495 2378 3393 1353 1477 2447 175 1719 4235 77 3273 2666 99 140 2238 4772 180 1157 4137 314 19 
3910 5261 1816 1689 242 144 4 71 1174 97 
1550 2980 4611 1723 2685 4256 409 2646 3273 3318 19 362 13 4776 404 1481 2233 2425 315 139 2443 866 
3680 652 5284 1298 1728 19 17 374 77 2698 70 2646 2229 97 1304 71 
3510 180 3184 793 1189 342 1037 2242 809 2426 4491 1072 4333 175 2444 4772 
4472 122 10 367 779 323 74 570 140 3 866 557 4779 408 4475 457 314 409 139 
1524 3266 1188 1736 4143 810 10 4491 4773 599 2722 1692 3318 3273 1 4233 1477 140 
2388 1444 2890 4152 2991 603 125 3427 184 1069 15 314 4903 404 2229 1122 175 12 315 4475 
4146 1455 4309 893 124 4524 3324 1697 2890 2229 1072 3274 1776 7 409 4772 365 360 
1890 2608 4822 4723 3320 3273 4161 73 152 97 330 2730 360 1033 4 29 1122 1492 19 1304 
2754 3045 932 3440 1754 5072 2443 570 1304 103 22 4137 2429 4256 7 314 
1093 2489 4810 3505 4735 2940 68 2235 25 557 1036 71 2230 576 1159 866 4137 404 1122 7 
2335 73 1273 1381 1723 659 2229 1501 2492 5060 2987 4 3319 3273 2683 4475 750 1033 101 77 68 2647 180 
852 1992 3455 99 2240 3027 1176 4484 1 1250 409 14 4333 2646 4772 71 1122 866 404 2667 68 77 
2678 3712 1315 317 5265 320 2287 1250 2229 1125 2234 2646 1477 404 139 
4372 3552 1268 2988 866 101 4524 1363 818 175 1125 46 77 4772 1477 15 
4079 85 71 945 1157 1074 8 4903 1122 4565 13 97 
1653 4903 2444 4676 332 3437 1073 661 1209 409 2908 2425 1157 405 83 2 
475 4254 2243 1735 66 1374 4148 1492 3699 2713 4524 569 154 373 1209 71 68 1477 7 4772 557 767 
712 75 3452 4824 2698 1159 1672 15 4333 1719 101 4486 2646 878 1079 2229 77 1689 
1103 545 3387 2508 4510 2374 1159 84 409 4334 1689 373 4780 315 21 3274 2234 809 2646 1719 1209 
3879 4498 1123 4776 34 1305 1976 1109 4338 72 99 1209 1157 
5641 1069 4 
3665 2839 147 18 4486 4334 2492 315 1142 352 866 1209 101 29 4772 
4773 1441 4667 487 4252 247 2235 1039 557 81 404 52 362 1825 3290 576 2482 866 3320 767 2253 71 13 97 1122 2229 68 
1709 3249 4344 2646 560 1311 4475 2667 409 767 1728 1033 1 1157 3318 3273 750 4772 569 
101 2471 4338 1961 2667 2427 767 3274 72 2913 3319 557 1533 1427 2229 4476 2650 4772 77 365 
93 4665 4297 1826 1529 522 2426 2672 1481 2458 3359 1266 810 750 3276 4772 569 180 71 1157 
3030 1543 567 14 5009 1736 15 2445 750 3322 1163 1304 922 2687 1477 4565 77 767 46 180 71 2656 1689 97 
539 3102 4918 70 3427 4519 408 2713 1038 2238 2425 71 101 78 419 4137 12 809 2229 1159 1069 2443 557 
613 1750 4475 4904 3273 2528 1583 2964 2668 1692 1071 4138 3320 1250 2647 1122 71 98 767 2253 360 866 
5295 414 1277 3117 2229 2490 3318 3276 2647 175 2667 1069 809 22 2234 599 1492 866 750 1157 7 767 
3572 966 1690 1282 462 561 1767 1088 1161 2253 4871 368 4551 4233 97 2 140 71 409 1477 569 
3129 2776 830 1037 5071 1261 1160 3334 4237 1124 3273 4149 2425 1 1492 
4760 2234 1754 630 201 1402 1478 2443 2425 2987 1138 2675 68 97 3278 77 4780 2646 3318 175 468 
1884 111 2377 572 4149 4905 2457 1495 3427 2672 314 1286 70 2429 461 1305 2649 1 4475 2908 2 315 77 767 
1091 1723 29 1425 4456 3322 794 2237 314 4780 1492 1132 2710 315 408 1 139 809 4475 1157 68 365 557 
4454 560 2683 2665 3273 2443 3319 5071 365 409 2230 809 866 360 569 
2005 2686 2969 365 1125 4615 2493 4236 314 15 1159 360 2229 3319 3273 21 12 4772 1041 404 409 1069 2646 809 
1564 439 3467 4196 4477 105 1477 2683 21 2646 68 2908 6 767 4233 77 4772 2229 41 809 
3717 4191 431 1178 4237 1656 4779 2683 2229 866 1033 1320 2646 1122 4475 
1488 2974 562 2666 4756 1150 2444 14 569 4794 2372 1501 409 3340 19 15 3274 1157 117 68 2234 1033 71 365 
3204 2667 5265 2457 3431 2233 109 1047 315 12 1122 2647 569 365 360 2425 1212 68 15 1 
5425 1132 1346 1867 30 2425 2234 70 1167 3340 3273 2229 2443 2646 19 1209 1033 
3530 814 1123 5238 47 2595 1069 362 2908 1170 4137 457 19 15 29 14 315 4 365 
4676 1861 108 2445 1229 848 4233 1492 3318 768 34 3302 1170 866 569 1122 1304 1482 4772 13 
223 4971 2555 381 1739 2347 2724 3318 767 476 7 3273 1170 17 1122 4137 599 4491 1 
4446 316 1125 3455 1048 809 77 2712 2239 1174 1 866 1209 74 409 4475 4772 404 2 
2796 3337 794 1275 292 4 4772 68 373 3290 1492 4240 4565 866 13 1033 557 19 8 77 1477 2425 569 
4599 92 610 351 1885 3850 4233 2229 2458 820 19 13 750 103 2425 151 360 4772 
3489 1785 198 361 4308 2253 12 4873 2444 1209 74 2230 1070 78 809 50 1695 365 866 751 4484 15 97 2425 1033 1304 2234 
2600 1074 196 1995 5266 1425 104 921 557 3276 2908 13 3321 810 2646 41 1 569 2667 175 
3456 1975 4774 488 2770 4137 4739 1135 4 25 856 866 1157 1069 1033 1477 
79 779 4118 1118 97 4241 13 4491 373 4137 314 69 576 71 557 10 19 315 404 4772 
4959 1906 1492 2757 365 972 1167 328 6 360 1033 4524 17 3322 1123 151 2429 2443 1477 3273 4137 41 
391 4744 320 610 1295 52 4143 17 3283 2683 3325 2425 4780 461 1304 750 10 2 13 2229 809 
2677 1737 4585 4284 2913 888 2503 425 13 42 71 457 360 97 81 1695 3440 557 569 2646 12 175 7 68 139 1157 4772 
359 4443 2651 1178 2446 4486 1304 2434 3276 576 767 1250 873 180 361 2667 3318 750 19 97 4772 2234 1122 
3732 1646 4475 4909 1324 2253 2683 333 809 77 4139 404 2229 314 1209 410 2646 19 
1041 5227 1795 3442 2795 44 562 128 570 408 810 7 1402 1477 1689 419 1069 4233 314 175 
1261 3646 782 2063 4145 2426 2269 4916 46 866 79 2646 421 175 4475 2246 1033 315 2667 180 2443 1157 
382 5287 1364 1263 652 2698 420 3679 1138 2646 71 139 175 2229 319 6 1695 97 77 68 
5626 461 83 329 97 151 893 41 1073 316 13 750 576 2 17 408 557 809 71 1122 365 
1274 4812 2288 822 4551 2761 866 43 3455 1092 325 1157 4333 1033 19 7 13 
3066 1579 557 2733 1917 1043 3428 4149 4233 5071 2457 856 2231 21 365 1174 74 15 569 750 1122 2425 
1748 26 5151 77 4427 2238 2231 1073 2293 425 3331 68 3280 176 71 2 180 457 866 1122 1033 97 557 365 
4152 146 222 3523 409 77 2536 4903 62 1174 3078 404 139 15 557 4475 569 1209 
5184 2237 404 4244 2448 2429 360 2712 3273 809 4137 314 3319 365 2229 
5152 2617 83 3474 1170 7 143 1733 4256 779 316 559 22 404 571 322 175 1122 1069 409 4137 139 15 
5606 227 52 90 562 832 1188 100 12 429 888 365 569 360 
3673 446 900 750 4240 1374 607 4475 2891 1122 13 4772 4137 101 41 71 
3972 1188 945 79 75 4903 101 5 1304 7 4580 1069 
656 1148 4679 4838 3321 1551 1071 1363 2485 105 29 822 8 404 4233 3273 
864 4859 409 1157 4676 1625 315 404 599 866 750 360 365 1425 1069 4233 314 
1513 2536 3111 1842 79 4565 3432 4780 2652 21 404 29 69 1304 4233 2667 409 809 
2660 2989 1213 1045 956 1174 3275 2508 1767 315 419 17 7 5250 109 1477 83 1124 3318 2667 2234 
855 2319 1297 1997 3343 5250 1 3300 866 2656 6 767 
2752 3275 1842 3330 4286 2425 9 468 878 21 4137 175 5148 1069 560 2234 1157 409 2229 809 97 
483 3487 1370 1033 2437 4809 826 4244 316 4580 2457 2908 1 1150 772 365 360 140 
4119 1083 5239 23 71 77 29 13 12 4139 1033 97 68 
121 2464 1481 4838 557 1069 4338 362 155 4475 750 1367 2675 1277 3321 71 2229 2 3276 582 15 2665 180 767 68 19 
183 1363 2353 5009 793 1038 2685 41 2646 561 69 1736 3359 4565 2444 19 71 1122 1689 77 13 175 2229 866 4 409 97 
292 4755 1641 3572 2954 1824 1240 380 1074 866 2253 610 68 13 10 4772 77 
963 577 2659 2919 101 1273 1174 1910 1492 557 2710 4903 3275 73 464 2 1477 2426 77 4565 1033 3318 404 2234 15 
2326 3476 2914 871 5299 1034 2436 74 576 21 767 97 1159 2443 2234 77 750 1069 1122 809 1477 
2767 4798 3322 155 1087 2486 3050 822 1608 15 1387 4143 1033 3273 12 2 68 314 4475 4233 315 29 557 77 
1993 854 3562 4565 1362 4829 1158 368 4 458 360 2295 314 4233 
638 4155 4736 1910 1550 2443 3300 867 1236 2229 2667 319 4772 2234 2646 3318 750 
4851 3286 4235 405 373 4484 2710 3322 315 2237 4144 557 
750 4368 2732 2545 1171 1086 1304 5071 3290 1528 12 316 1720 2253 3318 180 99 767 2 71 
4547 5046 20 1272 41 73 1033 4137 866 97 
2815 1557 190 2948 934 569 1824 92 4333 3275 5072 557 2443 3320 1157 175 2425 1304 
3933 84 4337 811 1041 433 4772 1528 557 573 1 360 1209 4475 
3612 1189 2279 1045 4826 68 4137 767 4491 1261 7 19 77 4235 
2818 1156 410 1835 1213 3375 4568 339 1304 2425 4903 1506 3274 888 1157 41 404 
3375 4147 116 564 1907 12 2434 789 4496 4772 2237 4297 365 79 2667 1492 3283 866 314 570 29 404 1157 1033 68 
275 2406 385 404 4800 576 975 1036 4551 2712 557 3328 1261 3273 4333 2425 1122 
2595 1988 414 4237 4566 2910 599 460 2712 832 1482 3318 365 3274 360 866 4772 101 71 404 
5173 789 1084 87 2435 4242 2733 155 216 3325 2234 17 1374 4153 571 315 557 103 3273 
5523 2296 1372 1778 99 1126 1225 141 73 180 19 
2659 755 3647 1567 1936 121 71 4338 1138 360 2672 353 1209 69 21 2234 4772 2428 365 4484 314 2443 15 
2725 5128 2966 4189 3273 3320 4236 2233 315 1070 2238 2 1160 103 314 360 29 17 1209 1033 2425 2443 767 
96 457 5421 642 2239 822 2679 3442 99 1719 322 888 2646 71 29 1689 
835 2693 1870 1170 1402 2925 99 373 2372 3318 4906 599 74 404 7 2426 3273 4475 4137 2646 1122 77 12 2443 
3245 164 4728 81 1250 576 894 560 1157 1081 103 18 4871 809 2646 13 3433 750 2667 1122 29 
5162 1522 4336 1274 3552 1842 81 1159 1477 1087 866 15 41 809 
1163 1256 4751 841 680 103 769 1126 1 1353 866 4871 77 68 360 14 15 365 41 
1187 2914 5010 4617 2687 2446 19 1838 97 2652 2229 1122 1304 1492 557 1 3318 175 180 360 569 
1797 428 935 2910 1477 1358 5071 4154 2391 3427 71 2429 365 97 84 767 2448 2712 360 4233 1692 7 
1208 2727 326 2926 3318 4393 779 3276 4475 74 2231 2319 2447 29 117 365 41 1209 12 316 2425 4772 2234 
2047 130 2541 4350 922 3340 1157 3290 5071 1033 315 4 457 2300 2647 360 365 319 
3327 2226 3278 409 5239 4142 2908 405 459 2 2235 557 1 2425 2649 2667 4 2253 
2491 1709 1719 4833 4235 1203 2672 3441 4484 4189 814 2650 180 
2019 3375 2322 404 4486 3280 899 1170 1126 557 4 2656 77 4137 380 4773 2237 68 1069 103 2674 4233 
1324 4722 1839 1041 2666 1122 2379 1238 4155 893 1070 2230 2671 750 3290 19 570 409 2 7 2443 4772 1157 557 4 1492 3318 
538 2425 70 3134 421 1678 4240 2764 4780 4476 1044 12 3331 4 15 314 1719 1 767 3273 103 19 4137 315 77 
4837 2463 1063 3484 2435 85 4501 115 1501 4233 1719 1072 4137 1689 
4971 1680 3448 1306 2757 888 1038 4137 140 1161 457 12 4475 2253 1719 
25 1484 2790 2487 599 4242 1072 4484 1122 409 4838 1161 103 4149 1492 2239 1033 3318 1402 750 3276 175 41 
2053 4291 3397 1161 4491 15 363 1122 2457 31 4871 315 1304 2229 97 2651 3280 750 767 809 1033 404 365 41 
2536 4945 1300 1720 652 1599 4572 3501 420 1689 2253 41 139 
3941 523 145 4569 1122 1230 139 361 4780 1174 1033 4237 365 12 315 71 1304 180 314 
3991 1353 88 4139 4779 29 4475 888 1210 1122 4233 41 
1592 3115 559 3 957 105 2244 2647 4724 1188 2710 569 3427 1824 1250 368 4137 4772 2425 
4588 2382 1497 1047 3505 874 2987 315 20 1122 1158 319 2230 1736 2487 4233 767 13 98 404 557 4772 15 71 41 569 
5468 2484 1145 3432 2239 2729 419 408 
5593 1216 
3484 114 3222 759 4779 1033 2444 868 4237 78 68 365 2230 2425 4475 8 12 2 2234 457 15 360 4137 1069 
414 1711 226 4953 603 4138 2230 2425 1304 3325 2712 1157 4524 1087 3276 2234 71 1719 750 
920 1411 4838 2338 1159 4724 1039 2528 3427 19 2712 4144 1122 750 73 68 4 
1370 3940 1061 959 99 21 4333 576 68 559 1126 316 71 139 1209 77 1 4475 12 404 365 1069 4772 
4844 468 332 3324 77 1056 4 2482 911 1166 2667 843 4663 4233 419 1069 2253 68 1123 3273 
623 2617 944 3639 1353 4792 4476 2721 1170 1122 4233 1209 4137 
2608 4578 2085 3491 242 374 71 2960 4906 319 22 314 315 1069 97 140 
824 5493 2669 15 141 4 1342 180 68 888 1719 1250 1073 404 41 2528 2281 1188 71 3318 139 12 117 2 1501 409 314 
2194 4567 3445 809 2397 2667 2925 315 4910 2646 314 
4058 5058 1048 1128 809 1209 4475 13 71 41 
2014 4567 3373 97 3286 557 78 3 1351 2445 1150 4772 362 2668 888 1157 576 1033 68 404 1209 71 7 4233 
224 3710 1403 661 5072 2756 17 4198 4254 21 809 1170 77 
3811 1240 20 2391 39 4345 866 404 569 4476 1310 2447 13 1 557 2425 4779 767 
1638 759 577 818 1173 3274 4435 1217 4772 2683 2231 1719 83 560 3328 4475 767 866 2665 1689 29 1069 
1045 2575 3082 988 420 1212 4566 14 3340 1069 4233 3283 4772 71 569 1 557 68 1304 
5146 2730 1041 1180 80 12 365 41 3292 922 4333 73 1122 333 1304 3318 
3058 2132 962 41 2425 29 97 1363 2727 13 1103 3276 5071 2229 2443 3323 315 365 1 360 4 409 4233 4137 19 314 71 
1805 4195 2232 2964 356 373 888 4922 29 599 3318 751 2712 2443 4496 175 3280 409 2234 
1343 4819 4544 1754 4154 513 316 230 2595 15 4238 1033 12 3273 1689 1122 101 1 3318 866 
320 5254 1146 566 1873 2776 1224 3433 2253 259 409 2448 1069 362 2908 41 15 1492 29 368 2425 71 4 
1120 2235 3491 1341 1948 557 3031 14 1125 326 419 2435 1157 71 404 5250 1492 888 569 97 7 68 2443 29 
4453 451 2712 471 824 2238 5071 72 2233 2425 3429 15 9 767 2443 1 866 
2166 79 3543 4884 2294 1034 4721 32 68 1209 767 1122 12 
3570 403 3073 793 576 4600 1122 922 4233 1209 1157 4772 560 
3469 649 326 1242 37 4663 809 2947 4233 1063 2338 14 1071 4772 2667 1157 2234 1122 
229 4609 900 2234 1567 1901 2229 16 19 1310 2445 2712 3280 1138 557 429 73 3359 569 12 4903 29 360 97 1157 
1811 4780 1163 2237 824 2297 3284 341 193 2445 13 2948 2674 560 69 3318 4499 1125 117 4256 2425 315 41 4137 15 71 2229 
1413 680 1479 3656 2457 1151 4607 4244 789 2675 314 2434 68 2646 4772 71 315 1033 7 1157 1 
5148 411 90 2137 888 177 1371 809 560 490 2528 100 360 2712 4189 569 314 365 180 3427 1033 4233 71 750 
3831 1641 140 1102 104 560 1369 15 779 4565 2239 1216 569 4261 2447 4 4772 2425 12 139 
705 3027 2176 1077 3442 5071 42 2667 1033 4144 4233 1122 2646 12 866 779 2229 2234 15 13 1157 
4692 4803 3695 22 4233 97 1069 71 7 767 
3491 5121 693 36 4340 3028 1034 2555 1188 97 41 1069 4 71 
4499 4947 196 690 2795 1377 3442 115 1824 4137 1122 1038 83 1209 750 810 12 1492 
4129 1033 4723 4149 4772 7 750 
4390 2263 32 4820 2247 1150 2651 7 1327 2426 3327 3275 2667 4489 1033 1157 410 866 404 
3256 4357 869 1931 314 1229 2649 13 1071 3320 3273 1122 2668 29 4486 4772 
4423 4554 85 1296 3277 109 29 2667 2650 2 4780 409 1 7 3318 569 
1666 3458 2278 5221 2913 5 2757 1044 156 4256 1122 68 1736 809 77 29 
4296 3435 72 4817 29 2913 117 21 2711 408 1034 2425 2239 2647 7 315 2 750 4475 4143 68 
4583 1866 3312 560 1327 155 1041 569 7 2434 2675 1477 809 23 1159 315 4773 4233 2236 3321 14 2443 1122 
5481 3428 1107 2233 2448 2236 2722 360 2425 
3389 1836 5276 1492 2560 2278 1170 7 81 888 2 103 180 1216 2647 1150 5 809 361 750 3273 15 
2830 4953 1368 1867 18 78 4476 375 2448 4137 1209 1126 3318 3277 1033 2425 
4284 5195 954 680 2780 328 1395 316 25 366 74 77 97 1209 360 4137 
3523 4616 302 2 2436 4823 1164 1250 571 44 1069 410 4240 1122 362 7 2234 2443 
260 3779 5140 946 97 2229 464 2492 599 4333 2234 78 7 2253 29 68 71 
3406 289 419 316 4756 2283 2457 599 3275 17 6 337 30 404 13 2665 4772 767 19 2229 
196 4616 105 3475 1443 68 2486 4772 809 1122 2239 407 9 1975 175 315 409 1 4308 1079 557 569 77 1477 750 
5325 2651 509 3290 3318 2458 109 16 2674 405 1073 1125 2253 1033 77 2229 2425 360 2 409 1157 
4242 2043 419 4551 2767 1070 1311 3281 888 321 77 1122 2444 360 599 4190 68 71 1157 97 29 4772 3318 
2871 1736 190 1384 3682 4721 15 4791 4137 750 68 77 809 767 4 12 
1418 4954 2711 1538 2651 1743 570 3 1479 362 4475 4 4137 2232 2234 2253 3318 1692 2425 1157 3273 
4079 108 1150 4872 68 767 2 77 4721 13 809 19 1157 
1442 3400 2530 958 476 142 1033 2334 3285 1071 1689 15 320 12 4721 4137 409 569 1122 4772 
4540 11 405 3318 4827 3282 1157 2674 767 750 2458 1122 2646 4234 4137 409 1033 2229 1069 
2505 785 1791 3273 809 4256 2805 1073 103 23 5071 78 866 457 1122 69 2 569 29 1477 2908 557 1 3318 13 4137 
3059 4515 3547 104 1109 868 4139 4925 18 2 1157 1402 767 
2703 1282 461 362 242 5074 1363 3327 2910 4261 750 2646 7 2 1477 73 767 3276 97 2429 4137 1069 2229 
5401 2758 1223 1124 1816 2485 214 1073 1692 1 3277 71 1036 68 3318 97 1157 569 
5625 1128 86 97 1069 71 1033 13 
3642 1891 4577 1211 2281 161 2493 330 4233 2650 4780 2234 2668 2229 1304 314 1477 409 77 750 2 767 809 68 1492 
476 5138 1309 2243 3474 1211 772 1 569 373 314 4333 2253 2429 750 315 2 2910 2443 
3803 562 2347 4338 1152 2243 2443 70 185 98 768 4773 4475 569 2425 1033 71 
2872 4489 1852 24 1165 4333 97 3361 1304 4773 360 3277 1122 2443 83 12 888 2425 1069 569 13 
926 4406 3279 319 2939 2485 154 2724 570 3318 41 779 12 4772 4475 68 16 2253 2234 2 77 
3162 2528 4141 1189 366 3277 767 2739 4724 420 4791 809 19 3318 315 1033 1719 4 15 569 362 
45 2460 1064 4565 1764 2920 111 1566 934 2730 3427 560 573 4256 180 21 2231 4772 1122 2425 68 7 409 
1219 3299 2520 1138 570 2689 4144 421 783 2 4903 1073 4491 68 3318 77 1492 2646 
774 375 1644 1445 325 3303 36 175 5330 2668 2237 569 2651 1728 3318 866 2443 2232 809 68 77 750 314 
3595 3076 4238 41 1209 5222 74 1384 117 
357 4034 377 1192 52 566 4725 4772 878 83 569 409 1209 4137 
1549 3330 841 4292 23 4665 70 478 1824 409 77 12 1070 3280 1035 97 1477 2683 4772 2908 71 404 
3433 4778 487 1626 1041 4284 878 2236 362 1689 613 2656 2908 100 2667 71 1261 1157 4565 12 315 1719 2482 809 2 
1064 3793 1072 1599 1272 2253 4916 1719 68 2529 809 4565 331 2 866 77 1157 1689 
1448 595 4410 5072 151 809 1626 3274 2229 2667 2502 15 2991 559 97 19 3323 77 2646 404 
4659 362 1171 3327 2948 2430 6 2683 4780 3276 2656 315 4237 1122 409 
1577 4976 3456 90 2686 4494 356 2656 1123 103 39 4137 750 1157 420 2253 
4109 99 866 4475 21 4903 4137 823 1069 68 1124 71 12 77 767 1033 
33 3789 4904 4521 1087 1224 381 1050 1157 22 15 2483 2391 4137 866 1122 71 1304 322 
2760 3174 1931 5072 22 80 12 1272 2429 2448 74 868 373 97 3427 4137 4240 1069 
4668 1984 2950 4 184 4785 2429 338 3429 2443 4286 1 52 140 103 1033 569 
1361 2438 1179 767 4388 4495 3283 381 4773 194 7 73 319 2234 19 2947 3340 68 2443 97 12 
3562 4992 1357 599 351 750 39 1033 4605 1124 21 315 5 419 1157 408 809 
1233 1510 1083 4194 3295 2427 4904 1170 17 2710 2234 570 1760 2650 3318 409 557 4491 1477 2229 365 1122 21 
1493 5400 823 1244 888 180 2764 17 1825 409 1122 176 1033 1477 101 77 3427 70 2444 1159 2426 71 404 1069 
3546 4586 3181 4240 175 1174 71 30 117 4772 68 1566 4 1304 750 180 
1455 2947 4524 857 415 4925 2727 7 3278 2427 77 4164 471 2445 74 404 1069 3323 314 1036 
144 4434 4496 2675 1295 136 3318 4792 2404 2445 3275 180 9 405 767 751 2425 410 1304 19 4 2646 175 13 
1528 26 3445 4264 2973 406 301 4190 409 4475 4780 315 2756 41 1157 1477 1071 818 1033 
1918 368 3325 1632 561 4412 1087 3283 1170 5071 2683 2908 337 2434 1209 750 2 576 767 71 
4173 1828 1162 3775 896 2650 69 588 4903 1238 365 360 29 4475 2240 1304 809 1071 557 2667 750 77 1122 
1205 1007 2579 2930 4605 319 3427 2667 4233 1304 2646 29 4772 
722 79 2253 4507 1363 4927 3286 750 1272 1 2948 14 3340 74 4137 101 2457 1033 
1505 2625 325 3387 4773 4237 385 2652 1364 922 3273 175 4565 29 1035 1122 
1439 5059 2471 1790 4551 2648 3429 72 97 557 15 1477 2434 1689 2667 176 404 19 767 315 77 
2139 4782 3277 4484 2380 107 2428 362 4235 1041 365 2448 4144 3387 1363 2646 1 2229 409 
1768 595 1444 23 945 2426 361 4496 1124 3276 4871 3359 2712 4 97 4284 557 1069 77 2234 1689 2443 139 2229 
1779 1323 5277 3375 352 2436 8 1033 21 2721 2313 2235 1188 77 42 576 68 3273 1689 
827 2762 3202 32 1275 915 4903 103 1073 2425 1170 180 19 319 4565 3318 13 1 2443 3273 
3182 4333 1419 3445 420 4780 1627 2230 2234 779 1157 2667 4475 1069 809 315 1033 2646 
2265 1848 1656 1384 3795 753 5074 316 29 4253 2443 17 2425 21 4137 2234 360 2229 365 4 
2271 5027 420 4507 1748 1266 2229 68 314 114 31 1126 12 180 2683 4137 139 315 2646 1304 750 
4162 3157 22 781 3463 2230 1033 409 4 68 2712 4721 1745 182 77 4772 922 1122 315 1 404 1069 2234 
3653 217 4292 1304 408 2717 4574 4787 1719 103 1126 2237 2229 365 1174 2482 866 767 
2890 383 1861 1627 220 4953 2247 4137 2257 3318 614 1 1035 4475 1304 3273 750 1157 
2464 860 41 1691 1362 1517 2953 3496 5276 11 23 2230 29 97 360 1735 750 866 2425 71 83 
3080 278 1319 2232 1 5286 1477 3277 2684 1037 3325 569 314 922 365 39 1689 1209 1157 767 360 2646 2425 750 77 
1833 2894 1365 4162 3359 94 1213 2294 1073 779 557 4491 4233 314 319 570 1033 3278 2234 1122 216 4772 
20 904 5626 169 559 834 1122 1087 410 365 569 73 404 314 
2327 1600 5221 1719 2721 1033 1087 407 6 3324 2953 2425 1123 409 2233 4256 68 3273 2443 809 140 77 
494 136 4069 4334 1196 254 4779 1069 14 315 360 4475 866 365 314 
5226 3574 1755 235 77 1610 2946 1122 27 41 1209 4233 1689 139 68 
3623 1386 1211 973 4809 1069 4565 1033 4308 41 
3645 60 2714 2134 222 4776 2425 1377 4565 827 404 16 866 599 2253 2447 68 78 12 2234 4233 2229 
2794 924 3016 1141 1325 458 1069 3320 2435 192 4721 2457 3277 569 315 4143 750 1209 1161 13 4772 
3690 2303 5113 922 412 7 4334 39 1501 101 2650 13 1224 2683 1069 314 2229 140 1157 71 2 
2486 1269 1477 3060 4923 15 1386 2668 2238 3285 866 4137 1510 68 72 409 1720 2230 4484 3318 77 
2090 4821 2235 4193 51 1273 4233 457 3431 4491 2 571 2434 4 2712 97 1103 559 68 77 2443 1304 809 750 71 314 
471 2878 4830 264 603 74 772 3427 1069 4137 1161 44 2443 4244 2426 4486 77 420 1824 750 315 
858 4262 2232 132 2732 3323 4138 2300 2425 1492 1103 750 4827 3274 1 1157 1305 4496 2444 409 
4135 4476 4780 41 767 4144 4233 
96 3589 1745 417 4872 4524 810 2936 361 15 1069 365 4233 1041 560 1304 1122 12 767 180 314 569 1689 71 
5025 758 1611 1137 368 2285 2646 2231 219 1364 2674 767 1209 420 77 314 17 4565 19 13 557 1736 2234 68 97 
2383 966 1073 2443 378 1625 2730 3647 1931 4475 1 78 404 151 4871 2434 4233 2 29 15 
4990 2305 3330 1128 3281 1170 1073 911 2239 12 4137 2712 4475 1 410 15 460 4 
2221 429 777 4827 22 2488 30 2646 15 3432 4565 175 4235 182 2293 12 2667 4 2239 
2212 3277 432 4338 2236 2712 4776 2448 2948 2231 4476 457 2253 3318 2 2425 
1247 2992 4355 4779 87 104 558 452 3442 2656 45 15 4484 1361 2234 582 1157 2668 12 1 866 2253 1069 
4309 1128 2357 384 276 409 3469 2246 46 856 4492 2646 1160 4871 77 1 404 2667 
2804 2958 1729 4592 890 3461 1167 824 557 365 177 13 19 569 1353 4903 360 
2523 5226 3322 2766 1210 2921 1571 12 750 3277 360 140 15 4233 365 1122 
2837 171 1165 4481 3294 1719 1209 922 2484 1069 4776 1033 71 20 4333 404 3318 97 409 1304 1122 
5183 594 224 34 2482 2646 753 404 3275 2667 117 557 3318 2229 4240 4149 25 7 314 767 2234 
2057 3579 528 947 365 4887 1122 1157 410 558 360 50 68 4721 569 404 77 
1007 2176 3042 62 1122 3325 1174 3283 2239 4137 2425 4903 2667 4475 13 1033 12 
593 2127 2502 5071 9 560 151 1143 779 4144 2230 3112 3427 21 2683 29 4233 97 1157 360 2646 68 41 
3745 424 2230 4193 1671 4235 2234 101 1174 2667 922 71 4772 319 4475 315 13 7 2646 
1267 139 378 4576 2229 4819 2268 1723 8 1365 3347 569 425 2430 1492 888 2646 3273 77 4233 
2265 2734 18 2082 4243 557 4475 2426 1367 1033 3440 4827 750 71 2443 365 360 97 569 315 4137 
2831 121 1924 1251 3364 1089 19 4484 557 4872 2425 1125 365 3275 15 809 2443 4233 
4277 3038 1256 3482 2239 2490 1367 5220 153 79 180 41 316 1150 1477 68 19 
2831 29 1139 1942 767 4137 19 750 3282 3318 4722 4820 15 2448 77 1209 13 866 365 
3198 1022 1175 3273 21 105 2710 4721 83 1304 4772 2234 2656 1138 2425 4137 3318 
4347 41 779 3035 2767 1496 3461 314 373 615 1103 5071 1306 176 7 1482 319 21 315 4 1719 
1159 146 3311 789 1719 419 4137 3323 2482 4916 1232 1523 1132 2372 35 2668 4491 360 314 569 809 1069 15 
2097 503 421 4942 3433 4584 951 98 2721 69 2528 21 570 2253 558 227 16 77 
1812 2926 5222 2660 768 3280 368 1163 1145 3347 557 97 576 1073 4233 71 139 360 
510 1162 2733 4838 4233 4159 1320 45 1517 2235 2435 367 557 3427 1073 145 1122 4475 12 767 77 866 2448 750 19 2253 
4852 1168 4251 1337 192 2683 4625 1152 2656 176 46 1608 70 569 29 2429 2443 1033 
2890 5382 1126 41 1855 145 1402 316 408 79 1160 3321 2246 1477 1492 69 139 365 3273 
127 5223 65 772 4326 2444 2238 247 1240 2436 866 1138 750 1364 1071 2667 409 2649 365 809 1492 314 1477 
3931 15 68 189 1374 4475 1551 77 1150 34 888 4144 12 4233 4772 750 7 1 
756 1185 895 3287 576 50 2938 2234 5283 2444 1317 809 4 1209 2300 3340 365 1719 
2276 5090 466 1278 362 109 770 2656 570 3679 2673 1174 4333 1759 77 922 2236 1492 15 560 7 750 
4862 2745 4235 1287 4524 1374 19 316 4143 74 814 98 2229 2234 77 13 
1277 3293 845 889 4919 4138 1853 2338 2646 3320 41 2710 569 2229 4475 2427 97 2234 19 
1430 567 3344 2087 4943 3278 75 20 1122 2253 79 4144 2425 4476 97 866 2646 
4073 1063 40 4785 4565 77 97 68 2 41 4233 71 809 1069 
1829 1152 3564 756 75 4172 4556 140 821 1304 98 4772 15 1034 1157 767 4233 
4412 3324 2900 154 1998 1 50 77 39 1124 5149 1087 558 419 1209 360 2232 3273 1170 71 68 
3507 1798 930 409 3232 5276 779 2238 1689 2443 1 2 
2819 1416 1955 5059 4551 3432 1122 1036 360 1162 457 7 2482 767 19 365 
5606 41 107 164 1011 6 30 1188 221 19 77 
1842 45 4765 165 453 1305 1557 2239 2651 2443 103 314 19 79 3318 4773 569 1158 175 2425 13 1477 315 2667 1069 3273 
401 1308 1689 1678 599 1161 4190 461 5022 2237 1044 888 4475 1 4 2650 809 2667 13 2229 1719 
5185 3273 570 2425 2712 2232 4333 419 3323 559 779 314 2443 
2653 1501 4856 4153 2283 1220 186 2444 2237 823 599 2427 140 7 2671 19 2229 767 1103 117 404 4233 4475 
1203 4918 3927 1212 4565 77 1690 809 69 15 19 97 71 13 750 
4815 484 2230 4760 3505 2447 1033 559 1071 145 368 2908 25 2425 569 2234 139 404 866 1 
578 1792 5495 1133 71 1481 99 14 1069 19 139 3328 2234 1689 2 1209 2667 
4467 1365 1217 1039 98 21 83 71 4772 1150 29 4475 809 866 
2330 223 452 4497 145 15 3274 4949 2656 2444 2429 3340 83 1103 569 97 1492 1719 4137 2234 1689 1 71 41 809 12 
2268 1218 2160 2236 4780 2722 4486 582 1085 29 2435 1123 1033 4235 3319 17 2908 2 557 4143 3273 2443 
3303 202 2255 664 4236 1566 404 1361 4772 4663 77 2234 923 3321 315 1157 74 1719 139 1087 767 1209 4 2667 2443 314 
64 3852 397 4800 78 73 1492 1104 2443 2434 866 4565 750 774 809 97 2234 1477 4233 12 1122 68 
4264 5163 560 1278 374 524 1503 3324 14 15 922 1161 314 751 2710 1481 2425 83 2229 409 2646 71 140 1071 3273 4137 
171 4258 3683 2842 1371 4567 1069 4779 1733 405 866 1209 1126 315 2 409 
1929 2362 13 602 899 4565 3375 373 41 404 2425 4903 3278 822 19 2646 1069 2672 2234 
2546 2217 4845 4477 69 99 2 19 13 4338 3427 29 77 2667 767 2646 41 71 
3324 332 1966 4630 811 3280 98 793 4819 419 2675 2650 2229 866 230 2443 314 4233 4 559 71 1 
3929 4568 4787 866 4233 767 139 
2154 4194 1211 4775 360 3341 42 1158 2646 409 2425 3276 2233 1069 4308 809 2448 2234 1033 866 4475 314 1122 
2483 5372 420 1201 2730 374 2246 1727 117 68 1041 1 1698 3318 3273 1304 71 
653 4892 1286 790 453 3286 1373 86 2457 922 1033 2667 4233 13 3318 2 4475 19 
2185 3360 18 2436 5143 1202 4234 888 576 9 314 2671 13 2649 19 4139 3273 2234 2443 809 4 
874 2963 2665 1736 1572 18 110 4790 1277 569 405 4605 2235 1160 4237 3325 2672 373 41 557 77 2229 750 3273 68 
2721 4907 2218 2272 316 33 4476 23 562 3431 72 2434 140 4144 139 42 2908 2234 13 2443 97 569 
4 5221 4044 439 668 1166 13 83 71 19 809 18 1270 4233 1069 
736 30 4190 1445 2482 4776 1776 3283 2234 99 922 1126 72 1689 3387 4475 4233 1477 2229 
946 1167 4009 5071 1308 1036 1150 4137 4233 
5261 3564 304 3025 1079 1364 1698 321 457 1719 
1056 3780 4487 4200 1354 4237 68 2494 2232 77 1157 750 409 866 1122 1824 97 41 2234 4772 71 
3567 4978 2341 1034 1073 1384 39 4476 6 809 4137 
3815 902 4288 1138 17 29 418 77 376 2428 2239 4565 1072 4783 21 71 68 97 2448 558 
533 3220 219 809 2651 429 3318 888 360 33 4773 2710 365 2239 1033 4137 4475 4233 3280 569 1122 41 
5544 1689 175 
5141 659 2890 4149 2237 3273 2374 809 315 2911 4233 3318 314 
1601 4678 435 1104 4269 1157 2960 1125 41 19 3427 2482 1209 4773 97 7 
712 4947 1716 3318 85 2683 4143 97 2437 4476 3283 45 809 21 71 2443 1719 
5464 3344 44 3273 2229 1286 314 1 2650 557 1161 1035 360 2425 
3829 39 4282 2554 1064 235 2 4475 1304 1150 809 4 4137 1157 4772 
5002 3432 1071 69 1138 2668 2665 822 362 119 2229 1161 2443 4137 2236 404 1 73 4475 4 409 
1525 1455 4486 2397 1727 571 4336 4827 125 2432 315 2651 3273 1477 1069 3340 2443 314 
755 29 4530 3014 2533 3474 576 1261 333 104 4143 4 1033 1477 21 4233 404 809 4772 557 17 1492 77 
