7771
7772
7773
534
7774
97399
7777
7799
7800
7801
7803
7804
97400
7808
7811
7814
8242
8243
8244
8247
8248
8249
8253
8254
8255
8258
8259
8260
8264
8265
8266
8267
8270
8271
8272
8273
1336
18
8278
8279
8307
8308
8309
97401
97402
97403
8320
8321
8322
8584
8585
8586
8587
8590
8591
8593
8596
8597
8598
8599
97404
8602
8603
8609
97405
8612
97406
8620
8621
8622
97407
8627
8628
8630
8633
8634
8635
8636
8637
8638
8639
97408
8645
97409
8648
8659
8660
8661
8662
8663
8670
8671
8672
8673
8683
8684
8685
8686
8687
8688
8689
97410
8716
8719
8721
97411
8723
8724
97412
184
