97399
97400
97401
97402
97403
97404
97405
97406
97407
97408
97409
97410
97411
97412
97413
97414
97415
97416
97417
97418
97419
97420
97421
97422
18592
18597
18605
97423
97424
97425
97426
97427
97428
19544
19552
19556
97429
97430
97431
97432
97433
97434
20470
20472
97435
97436
97437
97438
97439
97440
97441
97442
97443
17117
97444
17121
97445
17124
97446
97447
97448
97449
97450
97451
97452
97453
97454
97455
97456
97457
97458
97459
18914
97460
97461
97462
97463
97464
97465
97466
97467
97468
97469
97470
97471
97472
97473
97474
97475
97476
97477
97478
97479
97480
97481
97482
17185
97483
17188
97484
17191
97485
97486
97487
97488
97489
97490
97491
97492
97493
97494
97495
97496
97497
97498
19866
97499
97500
97501
97502
97503
97504
97505
97506
97507
97508
97509
97510
97511
97512
97513
97514
97515
97516
97517
97518
97519
97520
97521
17251
97522
17252
97523
97524
97525
97526
97527
97528
97529
97530
97531
97532
97533
97534
97535
97536
97537
97538
97539
97540
97541
97542
97543
97544
97545
97546
97547
97548
97549
97550
97551
20837
97552
97553
20847
97554
97555
97556
97557
97558
97559
97560
97561
97562
97563
97564
97565
97566
97567
97568
97569
97570
97571
97572
97573
97574
