13495
12743
483
13851
488
13874
13953
12760
13674
472
13676
496
14283
14172
502
22255
841
22269
22336
842
22440
22428
22447
22271
22350
22272
22351
22457
22482
97399
22490
17341
17468
711
17470
17491
17493
17492
17494
712
17484
17464
17485
17506
97400
17516
17528
857
23019
22982
860
23357
23375
97401
23383
22996
97402
23006
23338
864
23545
23528
865
25252
954
25267
25333
955
25436
25424
25443
25268
25343
25270
25344
25453
25482
97403
25490
1016
27759
27748
27766
27778
1017
27840
27749
27750
27774
27851
27862
27859
1018
25608
25612
25610
25613
25630
25631
25647
25611
25621
25629
97404
25657
25656
28575
28597
97405
28605
28617
28626
28625
1046
97406
28616
28596
28691
1047
28757
17600
17727
714
17728
17745
17748
17747
17749
715
17738
17723
17739
17761
97407
17775
17787
22648
22652
22650
22653
22670
22671
22687
22651
22661
22669
97408
22697
22696
716
17996
17934
17997
18011
18012
18018
17936
717
18003
18019
18033
18025
718
23831
97409
23844
23872
97410
23960
23959
23850
23882
23856
866
23961
867
24042
956
25865
25834
957
26058
26080
26072
26088
25844
26011
25858
26019
960
26434
26420
962
28112
28134
28121
28142
28153
28162
28161
1019
28127
28152
28133
28227
1020
28294
26726
26759
26739
26767
26849
26858
26857
26745
26777
26751
963
26859
964
26937
1050
29181
29095
1054
29358
1055
29425
29103
1053
29323
1056
29640
29608
13
