97399
41867
2127
97400
2145
2146
44226
97401
2153
2154
45232
2158
45957
45967
2159
97402
2129
42484
42507
2147
44431
44436
44437
2155
45444
97403
97404
46293
46303
54500
97405
97406
42603
2131
42855
97407
97408
44636
97409
2156
45656
45657
45662
46306
57604
46316
97410
2132
43123
43138
2133
44656
97411
44666
44667
45663
45673
97412
45674
2160
60148
60153
46497
52236
2717
2718
52677
2721
53416
53421
53439
54203
54226
97413
54516
54464
54479
97414
97415
2719
52925
97416
97417
53441
2722
53852
97418
97419
54227
2728
97420
97421
97422
97423
2729
2720
53149
53150
53168
53855
53873
2725
54180
54458
54459
54460
54709
54710
54712
53169
53179
97424
53181
54182
97425
54186
54188
59540
97426
54462
60231
60236
60240
60244
97427
2769
2770
55761
56280
97428
56299
57613
2774
56775
56793
56798
57563
97429
57579
97430
2771
55990
56008
56009
56300
56301
56302
56800
2775
57124
57125
57581
57582
57584
2772
97431
56261
97432
97433
2773
56538
97434
57127
57132
2778
97435
97436
97437
97438
2781
56266
97439
56277
56278
59283
97440
56541
57541
57543
97441
57547
60304
60309
60313
60317
2805
58669
58679
2806
59224
97442
59239
60337
59487
59502
97443
60342
2810
60061
60063
60067
58866
58877
59558
60386
59240
97444
60391
97445
59504
97446
60395
60080
60082
60098
60403
58879
59294
58890
60422
97447
97448
59251
60427
59512
97449
60431
60100
60102
60104
60439
2807
97450
97451
59211
97452
2808
59485
60468
97453
59522
2809
60472
60121
60486
60490
39
