7779
7783
7788
554
7849
7851
7860
7862
7866
7868
97399
97400
7893
7895
7915
7928
8345
8347
8349
8352
8353
8355
8356
8388
8390
8392
8395
8396
97401
8400
8441
8443
8444
8445
8449
8450
8451
8452
8455
1515
23
9048
9050
9225
9227
9229
9231
9233
9235
9240
9241
9244
9245
97402
9250
9251
9373
9375
9376
9379
97403
9383
97404
9414
9416
9418
9420
9422
9424
9429
9430
9432
9433
9435
9436
9437
97405
97406
97407
97408
9541
97409
9547
9588
9590
9591
9592
9595
9596
9597
9599
9606
9608
9610
9612
9613
9614
9615
97410
9835
9838
9841
9872
9877
9881
97411
9883
9884
97412
220
