8019
8021
150
97399
151
153
8051
8052
154
155
8072
157
8082
8083
158
11079
264
11081
11082
265
11084
11085
11086
266
11089
97400
97401
11096
11097
97402
11101
97403
11155
267
11158
97404
97405
11167
97406
269
11173
11174
11175
11176
97407
11180
11181
270
11238
11239
271
11241
97408
97409
11247
11248
97410
97411
11255
274
11257
11258
11259
11318
279
280
11322
281
11325
11326
11327
11328
11330
97412
97413
11337
11339
97414
11343
282
11396
97415
97416
11403
283
11406
11407
97417
11412
285
11415
97418
11419
11420
286
310
11511
11512
97419
11516
11517
311
11519
11520
97420
11523
97421
11527
11528
11567
11568
97422
11572
11573
11574
11575
11576
97423
11580
11581
11582
97424
97425
11588
11595
314
315
11599
11600
97426
11605
97427
316
11610
11611
11612
11613
97428
11616
11617
317
11670
11671
97429
11675
11676
97430
11679
318
11681
11682
97431
11686
11687
321
97432
11731
97433
97434
322
11741
11742
11743
11744
323
11747
97435
11750
11751
325
11841
97436
11844
11845
97437
11848
11849
11850
11851
11852
11853
11854
97438
97439
11859
349
11867
11868
350
11870
97440
97441
11877
11878
97442
97443
11884
352
11886
11887
11888
11941
11942
97444
11945
11946
11947
97445
97446
11952
11953
97447
11956
11957
11958
11959
11966
97448
11970
11971
97449
11975
11976
97450
11980
11981
97451
11984
11985
11986
11987
358
11995
11996
11997
11998
360
12000
12001
12002
12003
361
12005
12006
12007
12008
9
