97399
41867
2127
97400
2145
2146
97401
2153
2154
2158
2159
97402
97403
97404
97405
12884
97406
97407
97408
12886
97409
97410
97411
97412
97413
97414
97415
97416
2191
47265
97417
97418
2194
51499
97419
97420
97421
97422
12395
97423
2224
48304
97424
48342
50598
48349
2227
97425
48554
12435
97426
33
97427
97428
2268
50431
97429
51955
97430
50526
97431
2269
97432
97433
12590
12890
12621
97434
18592
18597
97435
19544
19552
97436
20474
97437
97438
12892
17117
97439
17121
97440
97441
97442
97443
97444
731
97445
97446
97447
12950
13038
13469
12978
13048
13470
97448
12897
17185
97449
17188
97450
97451
97452
748
97453
97454
97455
97456
97457
13092
13180
13471
13108
13185
13472
97458
97459
17253
97460
13279
97461
12909
97462
97463
97464
97465
762
97466
97467
97468
46929
46590
47962
46591
49001
474
13473
13495
12743
41834
43727
43823
13032
46793
13030
13034
12271
12951
97469
483
41835
13482
43728
43826
13691
13669
13695
46797
97470
13659
44670
13666
13692
13693
97471
13699
18937
12278
97472
13709
7769
13093
13181
13851
488
13953
13976
97473
12760
41883
44750
45061
13173
47824
13172
13176
12288
13109
97474
13196
472
44843
44075
41984
44076
44077
44844
44845
45804
46067
97475
97476
48858
97477
97478
97479
21029
97480
12290
12291
13302
97481
13676
13763
496
41884
44751
45065
13823
14189
14170
14193
47830
97482
14197
14190
14191
14187
41912
12979
13049
14199
41913
97483
45689
19890
12299
7770
97484
14212
14283
14611
97485
14172
14271
502
97486
97487
41991
97488
45994
44089
97489
44857
45993
45811
46080
14627
14570
14657
46806
14655
97490
47836
46292
14255
12317
48870
50175
97491
50748
13825
97492
14562
14628
14629
14630
14631
14640
97493
18947
97494
97495
14591
12980
14587
44684
97496
19892
97497
13094
14607
45680
97498
14619
13826
13306
13828
14701
97499
21044
12325
97500
12323
97501
12328
97502
97503
13314
97504
97505
505
7771
7772
7773
12957
12958
534
97506
97507
14876
14877
12839
15019
12840
15021
2192
47356
47838
48876
15071
15090
15091
12841
12842
15093
15094
97508
15109
15130
15132
97509
15121
15122
15123
15124
15167
15145
97510
7774
13510
97511
12751
12752
7777
13522
13660
13710
7779
13876
7780
7782
13962
7783
13990
13991
7784
97512
13996
13997
97513
7788
47751
13115
14013
14200
13116
14213
7792
48629
12250
12981
13095
13233
13319
13493
12251
12982
13096
13234
13320
7793
7794
7795
7797
14294
14563
14588
14608
14702
14645
14752
7799
7800
7801
13511
7802
7803
7804
12153
13496
13525
13771
97514
12934
12753
12754
7807
7808
46724
12959
12960
7809
7811
46725
12961
13497
13526
97515
97516
7814
12096
12926
12935
13498
13527
46715
46787
47270
97517
97518
97519
13769
47552
97520
97521
13031
97522
7831
13667
7835
48631
97523
48633
97524
554
97525
97526
15197
12848
15337
46866
2225
48414
48884
15387
15411
15413
15418
12852
12854
15414
15416
12855
15421
15424
15465
15470
97527
15452
15454
15456
15459
15461
97528
11
97529
97530
18632
97531
17137
18965
97532
97533
46874
50295
47365
52132
97534
47904
97535
52131
48421
2243
50181
50756
15681
15694
15696
15724
15718
15720
97536
15745
12860
12862
97537
97538
15871
15872
12873
12867
12869
15739
97539
97540
15873
15874
97541
12878
97542
97543
15817
15818
15760
15825
15846
97544
97545
97546
97547
97548
97549
97550
15811
52114
97551
15819
15813
15816
97552
15425
48825
50291
97553
7849
7850
7851
7852
7853
7860
7861
7862
13877
7863
7864
13963
7866
7867
7868
12190
13852
14016
14279
7869
7870
12232
97554
14297
14868
97555
97556
97557
13084
13992
13993
97558
97559
97560
12110
12942
13076
13235
13255
13998
13999
97561
7893
13117
13118
7894
7895
47752
13119
13853
14017
97562
97563
7904
48641
12252
12983
13097
13236
13321
14010
12253
12984
13098
13237
13322
7905
15110
146
97564
48646
97565
48648
12254
13203
18743
12985
13099
12733
13238
97566
13323
13100
13884
12986
14300
47744
42210
97567
97568
12987
13101
13239
97569
7910
7915
7916
7917
97570
7923
7924
97571
7928
12101
13070
13085
7932
13854
14020
46716
47817
48311
97572
97573
14277
97574
48600
13174
97575
97576
97577
14188
97578
7963
7964
7966
7969
7970
7971
48826
50963
7989
12112
48827
97579
48829
13257
12943
13077
13258
13240
13259
15761
13494
13885
14310
97580
97581
97582
97583
14857
46718
97584
50292
97585
97586
97587
50293
97588
97589
48808
97590
97591
50294
97592
50979
50983
97593
50972
97594
14863
97595
14858
14859
14860
14861
97596
14864
97597
14866
14865
97598
14867
97599
97600
51014
97601
97602
51022
50732
97603
14646
97604
8019
13500
13536
41836
14311
41992
97605
97606
97607
14870
97608
15111
13537
47266
13538
15517
14312
8021
13856
14028
51185
14313
97609
14029
15203
15449
15426
15518
14030
150
97610
13541
51182
51384
13886
97611
51192
51199
97612
97613
13542
97614
13543
97615
578
97616
48892
97617
15847
15799
15682
14874
15763
97618
52011
13964
97619
15764
97620
97621
13501
13544
43729
14322
14891
97622
13545
13546
15209
51249
97623
97624
151
43760
46727
47299
13502
13547
43827
13680
97625
41993
535
43836
46810
47357
15133
97626
15072
15107
15113
13548
97627
8034
13549
14871
15183
15184
13550
51064
97628
51065
97629
97630
15114
97631
153
97632
51438
97633
97634
97635
15191
97636
8045
97637
8052
13858
14044
51537
14341
51722
14045
15212
15446
15451
14046
14342
154
97638
51548
97639
97640
97641
15499
97642
8058
97643
155
45001
47757
48357
13859
14050
51604
97644
51724
14051
97645
555
45073
47850
48415
15472
97646
15388
15422
15428
97647
97648
15429
8069
14052
14872
15501
15502
14053
52038
97649
52039
97650
97651
157
97652
13891
14056
51538
51605
97653
51713
51725
97654
14057
97655
97656
97657
15796
97658
15865
8076
13965
14058
97659
97660
15220
158
97661
97662
46004
48658
50683
13569
13882
13892
13957
97663
97664
14060
14287
97665
503
51204
51787
51726
51812
97666
14903
97667
15193
13966
14373
97668
15221
97669
15510
579
97670
97671
97672
97673
97674
97675
47908
48900
50183
97676
50758
97677
97678
97679
97680
15827
15849
51814
97681
15683
15902
15903
15904
15900
15752
15766
51929
8086
15870
13967
14873
14376
14875
15194
15511
97682
15897
14383
97683
48848
48849
48850
50297
97684
52135
52136
97685
52133
97686
52115
15906
52170
52171
52172
52148
97687
52173
97688
2129
42484
2147
2155
97689
97690
97691
97692
97693
97694
87594
92701
90023
97695
97696
45332
97697
42320
42525
42537
42252
42324
43153
42526
42538
97698
92321
92322
92432
42256
92772
92433
44241
92436
92882
97699
42603
2131
97700
2156
97701
97702
97703
87598
90021
48323
97704
48343
51946
90024
97705
97706
44525
97707
97708
42693
42881
42886
42624
43154
42695
42872
42887
92326
97709
51282
51285
51284
42694
2132
2133
2160
97710
97711
97712
92700
97713
87710
18481
97714
21992
43223
43468
43505
97715
97716
97717
92895
52236
2717
2718
2721
54203
97718
97719
97720
43512
97721
97722
97723
52564
97724
52285
53191
2719
2722
2728
54738
54800
97725
52791
97726
97727
97728
52698
53491
2720
2725
97729
97730
54188
60236
60240
97731
2769
2770
56280
2774
97732
97733
97734
97735
97736
97737
55456
97738
2771
2775
97739
97740
2772
2773
2778
57847
57906
97741
97742
56117
97743
97744
57261
57547
60309
60313
2805
2806
2810
97745
97746
97747
97748
59759
60391
60395
60082
60427
60431
60104
2807
39
97749
97750
97751
59006
60611
3182
64027
51916
42
97752
97753
97754
43
97755
97756
65925
97757
97758
97759
97760
19067
97761
97762
19089
97763
97764
19149
97765
19182
97766
64342
66077
63520
19068
63538
64203
63545
64208
65954
63552
3189
97767
92705
97768
64217
97769
64007
97770
68961
92696
97771
3214
97772
97773
97774
65520
95148
64012
64030
51918
97775
3245
97776
97777
97778
97779
68407
97780
87778
97781
87770
87767
97782
3266
68083
68091
3267
3268
19411
97783
68508
68785
97784
97785
19470
69499
62916
62915
97786
97787
97788
69907
90027
90029
3270
3271
22104
22105
97789
97790
3677
97791
48
74051
97792
72807
49
97793
97794
97795
97796
97797
97798
20023
97799
97800
20051
97801
97802
20069
97803
97804
20109
97805
72959
74551
72200
20052
72206
74407
72209
72828
74273
97806
82433
74274
74275
74420
97807
74278
97808
97809
82443
97810
84443
84444
72842
97811
84872
97812
97813
97814
84587
97815
97816
97817
97818
97819
95320
77036
97820
97821
87961
97822
77044
3759
97823
97824
97825
3760
97826
97827
20350
3761
76737
76744
3762
3763
97828
20369
97829
97830
97831
97832
97833
46589
43499
97834
90035
97835
3765
3766
22106
22107
97836
97837
90038
90039
52
81500
4
97838
97839
21430
20536
97840
21348
97841
97842
97843
21447
83102
97844
97845
768
22061
80022
21448
80037
21948
82827
95216
97846
84466
97847
84540
84845
97848
85601
97849
97850
97851
85525
95377
87892
87916
97852
97853
86556
97854
86423
86576
97855
97856
97857
88082
88106
4105
97858
87451
87515
22035
22036
97859
88465
97860
97861
88502
88513
95571
4107
89905
56
97862
97863
97864
97865
22097
97866
97867
22108
22109
97868
22255
841
22336
43874
842
22271
22351
42028
44119
44887
45851
46133
13359
22365
22457
17341
711
42341
53272
18742
97869
19088
97870
17470
17491
17494
712
42485
54204
18926
97871
19181
97872
17506
17473
17495
17496
17497
17498
17499
42237
42342
42343
53573
97873
42346
42486
42487
45321
97874
97875
52265
53273
53575
53274
97876
53277
54205
52554
54206
97877
52782
53577
53578
97878
53582
53584
54311
97879
53585
97880
97881
97882
97883
63572
64287
19091
19093
66022
19183
97884
97885
19428
97886
97887
70854
97888
19520
97889
857
97890
12397
12967
13102
23019
22982
860
41854
43746
97891
44785
44893
97892
97893
12398
23317
97894
45681
23325
97895
24098
97896
97897
97898
97899
97900
23357
22996
864
42492
54211
24101
18928
24100
24102
23538
23541
97901
16606
865
23694
22828
23040
42238
42241
97902
97903
97904
97905
97906
24135
42495
42496
45348
97907
52944
22158
97908
52267
53302
52270
97909
97910
24148
97911
97912
55094
97913
54214
52581
54215
24153
55079
54951
52803
52806
97914
2723
97915
55069
55214
97916
97917
54341
16765
17038
53659
53044
55084
63612
19069
64363
97918
19070
19102
19151
66106
97919
19152
16607
19190
22189
24162
24163
24199
55207
24255
45706
17039
24301
24201
19469
97920
97921
55200
20071
19945
20031
20072
8201
97922
97923
25252
954
25333
955
25453
45122
1016
1017
28035
28575
1046
1047
42419
42506
45382
53351
52615
54225
53716
54377
19112
19200
30917
30938
30946
31212
31214
97924
97925
97926
17600
714
42604
56281
19643
97927
20022
97928
17728
715
42714
56635
19780
97929
20108
97930
17761
42586
42605
42606
44517
97931
42716
42717
57263
97932
55349
56282
55447
56283
97933
56637
57265
56638
97934
56107
56389
97935
57270
97936
72249
72914
20024
74506
20111
97937
97938
97939
716
717
97940
97941
97942
97943
97944
21978
24951
55861
97945
53020
97946
43007
97947
43244
97948
97949
53021
97950
53022
53953
55862
97951
55863
56897
58550
97952
97953
59838
97954
59034
60718
97955
16598
16599
16821
97956
97957
16603
16604
16822
97958
97959
80179
83070
21579
97960
97961
23831
866
867
21589
21590
24601
24623
24637
956
97962
12437
12988
13127
25865
25834
957
42611
56288
27056
19645
27055
27057
97963
97964
16608
26058
25844
960
41906
44020
44144
44771
97965
97966
97967
12438
97968
27062
97969
97970
97971
26623
25693
26112
55788
42588
42613
42614
44552
27093
42593
97972
97973
97974
27096
27097
51698
55353
56678
56290
55482
56291
27113
55358
97975
97976
27114
97977
55904
56134
56432
16861
17040
56141
57329
97978
2779
58353
97979
24853
97980
18998
19153
19195
19154
27019
27021
27025
42876
44688
97981
8208
97982
97983
72317
20053
73023
97984
16609
20034
20073
74623
97985
20054
20074
20127
24863
27127
58250
27131
27135
97986
97987
97988
97989
20349
97990
58215
97991
27185
58341
17041
27234
97992
97993
97994
58274
97995
27274
44703
27189
58334
28112
1019
28127
1020
42621
44569
42785
42789
55499
56298
56706
56710
56452
57398
57402
20042
20130
20132
28414
28436
28425
28444
28512
28514
97996
97997
97998
26726
26849
963
964
43043
53072
55913
58589
59086
80308
21598
21599
27603
27636
27626
27643
1050
53197
56558
46199
47056
12592
13373
1056
13
97999
98000
42075
98001
44170
44938
98002
45896
98003
98004
98005
98006
98007
98008
16610
98009
16966
2245
12593
30513
31228
31229
98010
31232
98011
98012
98013
98014
98015
98016
98017
98018
98019
98020
24952
28816
29704
29724
98021
42427
98022
44374
45389
62617
31433
62701
98023
98024
42798
44579
45599
62618
31438
62686
43052
98025
43062
98026
98027
98028
16965
43470
31455
98029
53353
59761
98030
52419
52622
53359
98031
62687
62760
58944
98032
53728
98033
16940
62914
53085
53093
2726
98034
98035
59760
56713
98036
55509
55704
98037
56719
62702
62761
55926
55934
2776
98038
58943
98039
98040
57415
16953
62917
58598
59913
58608
98041
98042
31682
98043
59096
60894
98044
2821
98045
63701
64481
3191
3222
16979
98046
98047
19156
98048
16981
98049
17045
30895
30903
98050
17031
98051
31503
31504
30985
30992
98052
55088
55098
55110
70003
98053
98054
98055
98056
72368
3686
98057
3716
98058
98059
20076
98060
98061
98062
98063
98064
75706
31145
58255
31589
31153
58216
58268
31162
98065
31176
98066
98067
16982
17033
17034
98068
98069
98070
80351
21449
3955
4005
98071
98072
31269
98073
21624
21450
98074
98075
98076
98077
84556
84852
24887
24888
98078
62893
62873
62874
62894
62875
62876
31703
98079
98080
87458
87531
24890
98081
24891
31714
62800
46580
46581
43497
46582
46583
43498
1084
55210
58343
62935
12623
98082
32081
88793
98083
24897
98084
1089
31919
8242
8243
8245
8247
8250
8253
8254
8256
8258
8261
8264
8267
46733
8268
8272
64078
46788
8274
19022
19117
19118
19023
98085
98086
1336
48129
49258
98087
18
98088
32807
98089
98090
18196
33211
47100
48136
2250
33221
98091
33944
98092
18224
98093
33992
98094
34215
33255
47109
19
33950
18227
34017
98095
48147
33462
32820
18627
18209
33473
34027
98096
34248
1352
32837
98097
98098
98099
98100
50348
46456
98101
98102
98103
53742
3183
64580
66317
63781
3196
63074
63084
63089
63102
63790
3228
3248
68575
68870
69146
72389
74788
80459
3960
4011
34278
98104
4012
34299
34307
98105
98106
87467
4122
4123
34384
34401
34428
98107
34486
34504
34523
34533
34592
22157
22160
22161
22162
98108
34350
63830
98109
66495
8304
8305
98110
34356
34357
34359
34360
34362
34363
34365
34366
34852
1355
1356
34718
98111
98112
98113
35428
35441
8307
8308
8309
8310
22609
22610
25666
98114
98115
18756
98116
18757
98117
22784
22785
22786
22787
24802
24803
8320
13578
8321
12385
18714
18758
8322
12386
18715
18759
33200
33981
33993
98118
13579
8327
23051
98119
19379
8329
19380
23052
23320
8330
8331
13718
98120
98121
98122
25885
8338
8339
27022
27235
8345
8346
8347
8350
8352
8355
22621
25672
25674
8357
8360
8366
8383
13968
8384
8385
28060
28061
8388
8389
8390
19794
8393
8395
98123
19795
22804
22805
24817
24819
24820
24821
8401
8404
8410
98124
14000
14001
98125
12528
18853
19716
20762
20921
98126
12529
18854
19717
20763
20922
24983
24984
24985
24986
98127
98128
98129
8441
14069
8442
8445
12426
48661
47761
48662
19666
19796
8447
8451
8455
12427
19667
19797
8456
8457
20332
47818
14070
98130
98131
74294
20137
72742
74297
20138
98132
23404
23542
26115
26117
26118
27026
19996
98133
98134
27137
27138
8460
14221
98135
98136
98137
24302
8492
182
20923
12530
48672
98138
48675
12594
20924
20925
48831
98139
48834
183
82480
12595
18856
82915
98140
48810
48811
48812
48851
98141
19053
19157
19158
79867
98142
82500
20077
82509
82510
20078
98143
98144
21232
21451
21742
21452
21743
21453
20080
20081
19160
19161
28829
29736
98145
12599
12600
19054
19162
19163
98146
98147
20082
20083
21235
21455
98148
21456
98149
8529
8530
8531
50733
8537
14393
14704
8538
12532
20928
18857
19720
20930
20766
20932
8543
12533
20929
18858
19721
20931
20767
20933
8544
33212
14395
8547
8548
20327
8549
20328
8555
8556
19388
8557
19389
98150
29740
98151
8568
12617
29741
8569
8570
8571
8574
31399
31400
31721
8572
8573
8575
14803
98152
98153
8584
8585
8587
8588
8590
8594
22602
22612
22622
22613
8596
8599
98154
8609
8612
8614
22603
22617
22623
8616
8619
8620
8621
98155
18762
8625
8627
18763
8631
22771
22789
22806
22790
22772
22791
22807
22792
8633
8636
8640
16095
16127
16150
22258
98156
98157
22843
23061
23408
24662
24663
24664
98158
98159
18764
98160
22773
22796
22808
22775
22800
63441
98161
98162
8655
8658
8659
8662
8663
12387
18716
18765
8664
19381
8665
8666
8672
12388
98163
18717
18766
8676
98164
64099
64100
19125
65863
63464
64105
19126
98165
79874
79877
22844
23069
23321
23409
23539
23070
23322
23326
23071
19025
98166
98167
24204
98168
24303
98169
8683
98170
8689
18767
98171
48689
18768
18769
98172
8694
47766
98173
98174
64113
98175
64119
19135
63468
65867
98176
98177
22259
22285
22618
22378
22845
98178
98179
23411
98180
19140
98181
98182
98183
33201
33982
33994
33202
33983
33995
8716
98184
184
12389
46742
18718
18770
13386
8741
22231
63470
98185
70793
63092
98186
82532
22260
22619
22273
22286
22339
22352
98187
22380
22628
98188
22847
98189
23022
98190
861
98191
98192
64280
98193
98194
24653
98195
98196
19382
23686
23413
24656
24655
24657
98197
23086
70806
98198
70807
98199
70814
70821
63334
98200
63336
63349
63342
98201
98202
98203
70856
70857
98204
98205
63567
63570
64281
64282
70796
47550
98206
98207
98208
98209
65847
98210
47551
70829
70830
70797
98211
70832
98212
98213
98214
98215
98216
98217
8984
8985
8986
22980
23327
23540
9017
64123
9020
20935
20936
20937
98218
64126
98219
98220
79884
98221
98222
79886
82538
98223
98224
98225
1515
47148
48183
22
36763
18295
36790
98226
47155
35952
35547
19538
18260
35962
36793
98227
36925
23
98228
98229
98230
98231
48201
2255
36189
98232
36769
36885
98233
18301
98234
36838
18312
36944
36958
36233
48210
1531
35785
35582
98235
98236
98237
46466
98238
98239
98240
98241
57472
63874
63893
3678
73458
75050
72500
3695
72509
3726
71126
71151
71166
71174
77645
77904
78200
80708
4015
37004
37012
98242
3965
4016
37034
98243
36993
87468
87186
4126
4127
37370
37387
37414
98244
37460
37486
37506
37541
37561
24843
24849
24852
24855
98245
37318
73645
72563
98246
24864
37319
98247
37325
37326
37331
37332
37337
37338
37347
37348
37829
1534
1535
37353
98248
98249
98250
38159
38171
26
39488
18387
39532
48238
38274
18319
38498
39561
1704
1706
3
98251
98252
98253
98254
98255
98256
98257
47229
48265
2259
38984
39277
39279
98258
39500
39502
98259
39726
18374
18376
98260
98261
98262
98263
18399
18401
98264
98265
98266
98267
18429
98268
1732
39025
38337
98269
98270
43441
46485
98271
50357
98272
98273
54154
57098
98274
58855
60036
59177
2835
94866
63927
63962
3205
98275
3236
98276
98277
98278
98279
98280
98281
98282
98283
98284
96008
96974
96973
68617
68917
69188
96979
98285
70189
70464
72593
98286
3729
72628
3700
3730
98287
98288
98289
98290
98291
98292
98293
98294
82986
98295
82989
84595
85164
84602
96994
96013
96015
77209
96995
98296
77673
77933
78224
98297
78607
98298
78844
79097
3968
40009
3982
3969
53
71432
98299
98300
98301
98302
71522
98303
98304
98305
40054
98306
98307
98308
98309
84581
84865
88306
98310
87190
87471
87556
88853
4131
40285
40310
67064
40800
40853
39239
84193
40639
40653
73963
41012
1737
98311
50086
98312
98313
98314
98315
98316
98317
98318
98319
98320
24922
98321
65416
67156
98322
98323
74030
75625
98324
98325
81279
98326
40066
40466
96710
98327
96717
40471
98328
98329
98330
98331
98332
98333
98334
98335
96786
96792
98336
98337
96814
41628
98338
98339
39483
39484
36170
36817
36839
36171
36818
36840
36994
37043
50967
37019
98340
98341
38769
98342
98343
98344
41691
98345
39912
36946
38770
98346
98347
98348
98349
39913
80135
98350
83000
82953
83001
98351
81389
98352
98353
98354
98355
9119
98356
98357
9225
9226
9227
9230
9231
9236
9239
9240
98358
9245
9253
9256
9262
9268
9275
98359
28067
9373
9374
9375
9376
25663
25667
25679
25680
9377
9378
9379
9380
9383
25664
25668
25682
9386
9387
9388
28036
28070
28071
39485
39486
9393
9398
28037
28073
9414
9415
9416
9419
9420
9425
9428
9429
9431
9433
16338
16365
16386
25255
98360
98361
25705
25891
26126
27673
27674
27675
9439
9442
9448
9454
9459
16566
16623
98362
98363
24996
28837
29773
32668
32700
32705
17076
32709
32710
32717
98364
98365
98366
19800
98367
19801
24796
24804
24826
24827
24797
24805
24828
24829
98368
98369
98370
98371
98372
19802
24798
24806
24831
24800
98373
24835
71873
98374
98375
98376
12535
18860
19723
20769
20943
98377
12536
18861
19724
20770
20944
24953
25003
25004
24954
25005
25006
98378
98379
98380
98381
98382
12537
18862
19725
20771
20945
24955
25008
24957
25012
71926
71879
63447
63361
71927
98383
98384
9588
9589
9592
74317
9594
9597
19997
20145
72139
20146
19998
98385
98386
9602
9605
9606
9609
46745
9615
19803
98387
19804
19805
98388
98389
98390
72141
72753
98391
74336
20155
98392
98393
79914
25256
25283
25374
25684
25706
25892
98394
98395
98396
20160
98397
98398
98399
9693
98400
208
82579
12602
19726
12603
82922
209
20947
98401
12604
20948
20949
20773
98402
98403
79917
82587
82592
82594
19165
98404
82596
19166
98405
98406
19964
20085
79921
20086
21237
21458
21751
79924
21459
21752
19168
19169
20088
20089
28839
12606
29816
12607
98407
19170
98408
19171
19965
20090
20091
21240
21461
21462
98409
98410
98411
9730
90105
9731
9732
34264
34314
34287
210
98412
19808
98413
211
98414
98415
98416
98417
98418
98419
12611
98420
20479
98421
98422
98423
17255
98424
20961
98425
98426
98427
98428
82647
98429
98430
98431
19175
72109
98432
98433
98434
98435
98436
98437
98438
20095
43669
98439
98440
85198
98441
3992
98442
21468
98443
21762
98444
98445
19058
27703
98446
19967
28842
29824
30503
12616
32669
31321
31346
87680
32701
32706
60753
98447
98448
98449
19180
87840
19968
98450
98451
20100
87998
98452
98453
21473
21768
88433
9784
90113
9792
33065
20962
33315
20963
22242
22241
28074
28075
98454
29837
32699
32702
98455
98456
98457
98458
9835
98459
9838
12428
19668
19810
36172
36819
36841
9841
12429
19669
19811
9842
9843
9844
25713
25898
26150
26151
27128
27132
9845
20333
27139
98460
20334
27191
27238
98461
98462
98463
98464
98465
98466
9862
9863
9864
9865
98467
98468
9872
9876
98469
220
12430
47781
19670
19812
25151
22232
72150
98470
76364
71152
98471
21246
82683
9924
9925
9926
25257
25288
25685
25379
25456
25160
98472
25714
25847
25900
27661
27660
27662
98473
26061
98474
961
98475
98476
74487
98477
27668
98478
98479
26166
79504
79511
98480
79505
79517
79519
63363
63365
98481
63372
63378
98482
98483
98484
98485
79576
72238
98486
72241
74488
74489
79526
75887
98487
98488
98489
48598
98490
48599
98491
98492
79494
79495
98493
98494
98495
20335
98496
98497
98498
98499
98500
98501
79577
98502
26850
98503
27020
27023
27027
32193
10174
98504
98505
10349
10354
12544
20965
18868
19731
20967
20778
20969
10355
36947
10358
12545
20966
18869
19732
20968
20779
20970
10359
10360
19390
10361
19391
10367
10368
20329
10369
20330
28856
29867
29868
10377
31464
31454
30896
31146
31359
31401
31402
31704
10378
22030
10379
10380
98506
10381
31943
98507
98508
33213
38777
98509
98510
98511
98512
39916
38778
98513
41692
98514
98515
98516
39917
80139
82957
83006
83008
98517
83009
98518
80143
91438
98519
80145
91439
98520
35806
20971
36033
20972
22237
22236
28076
28077
29873
98521
98522
98523
32707
32708
98524
98525
10441
234
12546
46752
47782
48752
10470
98526
18870
19733
98527
20780
20975
22235
22238
22239
22240
22244
98528
83021
63479
64138
91433
65881
10471
98529
80148
72151
72763
74347
10472
71175
98530
98531
91449
98532
79944
82684
98533
98534
98535
10473
98536
21770
98537
22243
90118
22245
25179
27706
27803
28652
28719
98538
98539
98540
98541
98542
98543
28128
28188
28256
98544
98545
98546
98547
98548
98549
98550
28861
98551
1067
98552
98553
98554
98555
98556
98557
91603
98558
91493
91518
50233
98559
98560
32672
32673
98561
32676
98562
98563
98564
98565
98566
98567
98568
98569
98570
91574
85073
98571
98572
98573
91580
50994
98574
98575
91586
98576
91593
91602
50998
98577
98578
91614
53730
91656
98579
79627
98580
70929
57417
91696
63395
98581
63412
63423
98582
98583
91822
98584
80114
98585
98586
98587
91495
50987
91711
98588
91716
91537
91801
98589
50995
98590
67396
98591
98592
91813
91646
91496
98593
98594
91651
98595
98596
91657
98597
98598
98599
88728
90264
90265
98600
80120
98601
98602
91494
50989
98603
98604
91538
91539
98605
50991
98606
98607
98608
91499
77163
98609
91683
98610
98611
98612
98613
98614
91692
98615
98616
91717
98617
98618
98619
98620
90268
98621
80122
80125
98622
50988
85072
50990
98623
83416
98624
31404
43677
50992
85075
84600
50996
50997
43675
43679
50999
91622
98625
91670
98626
98627
91497
91671
91673
98628
98629
98630
91512
91552
91794
91726
91727
98631
91500
98632
98633
91501
91502
91521
91515
91561
98634
98635
98636
91795
91728
91729
98637
88270
98638
91503
91522
91713
98639
98640
51050
51051
43680
51052
51053
43681
98641
88732
98642
98643
98644
11079
14919
264
41943
98645
98646
11081
265
44038
98647
14448
98648
266
14452
14929
51132
52498
98649
22265
22297
22353
22391
22298
22354
22393
22874
22875
98650
23125
41856
43887
51553
23435
98651
23128
23438
92426
92441
92601
93066
28877
15115
29928
42077
28879
29933
28880
28881
29936
92529
92571
92530
32857
98652
1340
50245
11102
98653
98654
98655
64600
32731
98656
35461
22191
35463
11106
23133
23134
95146
23440
35189
50255
22881
22882
23137
23138
23442
92444
94993
35813
35973
37013
35953
37005
37020
98657
11131
37356
98658
11133
37365
37021
28883
98659
28884
98660
15249
11155
11156
267
51715
98661
98662
14463
15251
51118
269
98663
14467
51728
98664
14468
51127
51133
44462
42938
52966
98665
25262
25298
25388
25300
25390
25740
25741
25927
98666
26208
51189
51463
51626
25930
98667
26213
42589
51297
44553
51700
26851
26852
28888
29959
28890
29963
28892
29965
32862
98668
51148
98669
32863
1347
51149
98670
98671
98672
64663
66398
67412
96551
73281
74873
98673
83509
98674
25932
67417
26216
26218
14473
35603
98675
36044
98676
37035
98677
11211
98678
11214
36190
37044
37359
98679
11216
37367
98680
11218
37045
25745
25746
26220
25934
26223
51300
71235
270
271
46033
98681
98682
274
14480
11259
51135
42657
43188
53901
98683
98684
58714
60556
60557
82702
98685
98686
98687
22889
23161
23163
98688
23457
23458
92427
92602
98689
53303
93288
93649
27718
27811
27812
28660
28727
28728
17964
17965
23913
24003
24004
25940
25941
28129
28196
28264
28197
26810
26899
26811
98690
29978
28901
98691
51226
51788
51844
28903
1069
92509
92807
92883
93161
92851
92531
98692
93174
54057
98693
94805
98694
98695
98696
51931
98697
33098
33350
83449
83514
98698
98699
35196
35305
23168
23169
28079
28080
30007
30008
98700
98701
22892
22893
23171
23173
93651
95302
98702
98703
98704
38794
38797
65201
75411
84106
12698
98705
32781
41313
41409
32780
41314
98706
32789
98707
98708
98709
11291
98710
98711
28039
28081
28082
11308
11309
11310
11311
98712
30039
30040
98713
98714
30048
92929
92344
95254
98715
98716
98717
11318
279
44814
98718
14490
92412
92352
14491
14492
280
14493
281
45777
98719
92359
92353
11328
11329
45273
92510
98720
22266
22306
22355
22401
22308
22356
22403
22895
98721
23177
23466
98722
23180
23468
93244
93419
93257
93530
93246
93428
93309
93355
28915
28916
30056
28917
30057
30060
32868
33353
33483
33463
33106
33222
98723
34348
34351
11344
98724
34265
34308
34300
34317
34279
34290
22901
23185
23471
23187
22902
23188
23473
23191
93429
95029
98725
98726
98727
98728
98729
38356
11361
34724
34721
11362
34732
34730
34318
34291
282
45029
92354
283
46039
98730
98731
285
15281
42293
43193
53225
52722
53520
54271
63492
64152
98732
65896
68473
68745
69031
22267
22310
22357
46134
22406
22904
98733
23198
23478
93420
93289
93469
93746
98734
98735
30084
92532
92578
1337
48497
92365
32880
1341
47104
49300
50863
33258
98736
32888
1348
48151
92369
98737
1353
52860
53744
54403
90286
63748
63785
64614
63794
66409
68577
68872
90287
69148
34403
34430
34488
34526
34536
33203
33984
98738
34595
98739
98740
98741
96094
98742
98743
98744
98745
35099
98746
33223
33464
33484
98747
34267
34280
34294
34301
34309
34320
11443
11444
11445
35460
22909
32733
32734
22910
23202
23480
32735
32736
32739
35464
35465
35466
35468
35470
22358
51038
35474
22911
23209
33204
33985
98748
23481
96145
93470
96197
96233
97358
98749
98750
98751
96119
96116
96146
95048
96202
97359
96236
98752
98753
98754
98755
98756
98757
34269
34295
34321
98758
98759
98760
98761
92579
95017
96459
310
92361
311
45497
46353
82725
27821
98762
98763
93442
93379
93717
98764
92377
33132
98765
98766
36066
98767
38829
65214
75425
84122
35521
98768
98769
98770
11543
96563
98771
98772
98773
93718
95363
11576
98774
98775
32903
92370
98776
33389
33390
38833
38836
98777
11589
11590
11591
11592
11593
11594
11595
314
14512
98778
315
98779
14515
11600
316
98780
98781
55407
55821
58501
98782
25264
25314
25405
25316
25406
25773
25964
98783
26288
25966
98784
26290
55354
58106
55483
58080
55360
58117
93826
56151
26853
26854
28960
28961
30167
28962
30168
30176
58599
62455
58611
62495
98785
51944
35841
98786
1519
51153
11633
98787
98788
1526
51156
98789
98790
73497
75147
77189
98791
83746
88298
37302
98792
98793
11635
11636
37324
36995
38376
98794
11638
98795
98796
11641
98797
25777
25969
26296
26297
77037
77198
77480
25778
25971
26299
26301
58118
71269
28965
38048
88305
28966
28969
98798
317
318
55605
58728
82738
27826
98799
98800
58124
93833
94138
33151
98801
98802
36092
98803
98804
38845
65219
75430
84127
38193
98805
98806
98807
11702
91871
98808
98809
98810
94139
95432
321
322
14999
323
98811
15312
42677
56598
56057
56356
57220
59800
58984
72175
72788
74373
77539
77790
78064
25265
25321
25411
25785
25978
98812
26319
58108
56136
56433
58167
26734
26855
59087
98813
30211
98814
58601
98815
62501
1516
51161
35643
1520
47160
98816
98817
1527
48206
36236
98818
51166
1532
56215
56498
90288
57475
72478
72505
73504
98819
72514
75153
77649
90289
77907
78203
80814
88842
37390
37417
37465
37511
37544
37567
36173
36820
98820
98821
98822
98823
98824
91894
98825
98826
98827
37832
35954
35974
36191
98828
98829
36997
37006
37014
37025
37036
37050
98830
98831
98832
98833
98834
98835
36999
37026
37051
11801
11802
11803
38195
32757
32758
25789
25981
26322
32759
32760
32763
25790
38197
38198
38199
38201
38203
38207
25791
25982
26330
36174
36821
98836
91948
91999
92345
58168
92030
98837
98838
98839
91922
91917
91949
92346
92002
71294
92035
26856
91755
98840
98841
98842
98843
62502
71382
91918
11853
98844
98845
51167
98846
38877
38878
11860
11861
11862
11863
11864
11865
349
350
14536
352
11888
98847
46364
98848
56600
56865
59804
60577
58988
60578
82751
98849
98850
23506
23508
27739
27832
27833
28748
28682
28749
17985
17986
24030
23940
24031
25802
26340
25989
25991
26344
93767
94054
93794
98851
93871
98852
94191
28130
28217
28218
28286
26837
26838
26926
98853
30276
29007
1070
98854
94222
94547
93604
94604
94321
94075
57017
94247
98855
94564
94258
98856
94816
94389
98857
98858
98859
98860
98861
98862
98863
30304
30305
98864
35908
36133
83759
83822
98865
98866
37960
38066
1700
38883
98867
38884
65230
98868
73755
75348
75440
77400
81004
84032
98869
84140
98870
40454
41014
41368
41369
41535
98871
98872
98873
40087
41659
41660
98874
98875
98876
28085
28086
28040
28087
28088
25805
26347
26349
95671
25806
26350
26353
94192
95478
98877
30337
30338
98878
98879
96019
11935
11936
11937
11938
98880
30340
98881
94656
40003
95540
96077
98882
98883
98884
98885
98886
11957
98887
98888
98889
33428
35914
38888
38890
98890
11960
11961
11962
11963
11964
11965
98891
98892
11986
98893
38897
38899
38901
11988
11989
11990
11991
11992
11993
358
15654
11997
12006
9
580
98894
43210
43213
98895
53541
54290
53926
56870
57225
57228
98896
98897
59808
58991
2817
79983
3993
21906
88674
98898
25177
98899
22954
23298
23520
27742
27837
28581
28686
28753
98900
17990
98901
23944
24035
25809
26003
26365
28118
28131
28222
28290
57399
98902
26842
26930
1051
1072
92809
92853
92538
98903
93181
94605
93606
94322
53735
98904
93723
94077
94142
57412
57422
94248
94638
94566
98905
94354
98906
83363
98907
98908
98909
98910
32957
98911
1342
1349
83477
83541
98912
98913
98914
35237
35343
35524
98915
98916
35702
35707
1521
1528
36333
83764
83826
98917
98918
98919
37968
38072
38253
98920
98921
98922
1701
98923
92394
1705
92397
1707
92400
1702
38609
27
98924
98925
98926
48280
98927
98928
98929
98930
98931
98932
52101
98933
98934
98935
92982
98936
98937
98938
98939
98940
63932
63977
3206
3237
98941
98942
98943
98944
98945
98946
98947
3701
3731
98948
78217
98949
98950
98951
98952
98953
81007
4024
98954
98955
40082
98956
98957
98958
88308
98959
98960
88856
4132
40198
40299
38942
98961
40317
96608
40563
40803
40860
39246
84194
40646
40667
39614
98962
92307
41016
98963
98964
38991
98965
98966
98967
98968
96799
94397
98969
94880
98970
98971
41701
41702
96798
41792
41793
41794
41795
98972
98973
41703
41704
92309
41796
41797
41798
41799
98974
98975
96632
96660
40061
40085
98976
98977
39100
98978
98979
98980
98981
94927
94930
94954
96819
40154
40155
98982
98983
12047
12050
62979
28041
41688
98984
28042
96881
12068
32782
32783
29047
30421
17079
98985
32794
32800
35528
35529
98986
30434
35530
35531
35532
35538
35540
98987
98988
29057
98989
40156
40157
38257
38258
30450
98990
38259
38260
38261
38268
38269
98991
98992
98993
71958
41764
41775
41786
28688
28755
98994
98995
98996
98997
98998
98999
28132
28224
28292
79593
99000
99001
99002
99003
99004
99005
29061
99006
99007
99008
99009
99010
99011
99012
99013
99014
99015
99016
97162
94835
97360
80152
99017
99018
99019
99020
96905
96904
99021
97062
97163
97361
97362
80153
99022
99023
99024
99025
97072
99026
52124
43695
97164
97364
97365
99027
99028
80157
99029
99030
43697
52142
85165
84603
52143
52144
99031
95262
52145
99032
97056
97029
97064
97065
99033
99034
99035
97034
95369
99036
97355
97157
97158
97030
97031
97041
97035
95436
99037
99038
99039
99040
97356
97159
97160
99041
97032
95542
96822
99042
52205
52206
43698
52207
52208
43699
97169
99043
95638
99044
7020
