10354
7702
1312
10355
1329
1330
10356
1337
1338
1342
1343
10357
10358
10359
10360
3857
10361
3856
10362
3859
10363
3858
10364
10365
10366
3861
3860
3862
1366
8041
10367
10368
1368
8310
10369
8319
8337
8338
3676
4670
1388
8090
10370
8093
8169
8094
1390
10371
10372
3695
4671
33
3597
3596
1399
8350
8351
8352
8353
8354
10373
1400
10374
10375
3733
3863
3752
10376
5104
5105
10377
5338
5339
10378
5552
10379
10380
3865
4866
10381
4867
10382
10383
3925
10384
3929
597
3934
3933
3935
3889
3930
4070
3901
3936
4071
10385
3868
4887
10386
4888
10387
10388
3983
614
3986
3985
3987
10389
3992
3952
3988
4072
3963
3993
4073
10390
10391
4904
10392
4020
4021
4074
10393
4062
4061
4063
628
4068
4067
4069
3578
8023
3579
8024
4023
398
4075
4085
3829
7697
7899
7903
3920
3921
3918
3926
3601
3890
10394
407
7698
4081
7900
7904
4120
3883
4123
10395
10396
4113
7931
4116
4121
4122
3880
4124
10397
3604
10398
4127
2555
3953
3989
4183
412
4199
4208
3838
3834
7703
7940
7956
3980
3981
3979
3984
3606
3964
10399
3996
396
7946
7913
7713
7914
7915
7947
7948
7979
7993
4011
10400
10401
10402
4024
10403
3577
10404
3608
3609
4025
10405
4118
4132
420
7704
7941
7957
4166
4249
3949
4252
10406
10407
4253
4250
4251
4247
7706
3902
3937
4254
7707
10408
7970
10409
3612
2556
10410
4260
3835
4060
3837
4226
4268
426
10411
10412
7714
10413
7985
7918
10414
7951
7984
7980
7994
4319
4013
4326
10415
4325
3621
7724
8000
4265
3622
10416
8081
8082
8083
4172
10417
4310
4320
4321
4322
4323
10418
4327
10419
10420
4028
4328
3903
4313
7935
4266
10421
10422
3954
4316
7968
4026
4267
4173
4027
4175
4339
10423
10424
3631
10425
3628
10426
3633
3629
10427
4029
4344
10428
428
2557
2558
2559
3893
3894
450
7934
8045
4377
4378
3839
4397
3840
4398
1367
10429
10430
8153
4399
4404
4405
3841
3842
4406
4407
4408
4410
10431
10432
10433
4422
4423
4424
4425
4149
4426
4428
2560
4092
10434
3830
3831
2563
4094
4114
4128
2564
4190
2565
2566
4201
2567
4210
4211
2568
10435
4214
4215
10436
2571
8084
3967
4228
4255
3968
4261
2572
8111
3588
3904
3955
4003
4032
4083
3589
3905
3956
4004
4033
2573
2574
2575
2576
4273
4311
4314
4317
4340
4346
4349
2577
2578
2579
4093
2580
2581
2582
3561
4086
4095
4135
10437
3884
3832
3833
2585
2586
8034
3895
3896
2587
2588
8035
3897
4087
4096
10438
10439
2590
3544
3881
3885
4088
4097
8029
8037
8043
10440
10441
10442
4133
8055
10443
10444
3919
10445
2596
4117
2597
8112
10446
8114
10447
457
7966
8095
4439
3843
4463
4590
1389
10448
10449
4467
4469
4470
4473
3844
3845
4471
4472
3846
4474
4476
10450
10451
10452
4488
4489
4490
4491
4492
4494
11
8012
8173
5109
4504
4870
5172
3847
4509
8039
8163
10453
8390
8176
10454
10455
8389
10456
1397
8165
10457
4511
4514
4515
4521
4519
4520
4527
4528
3848
3849
4516
4518
4567
4568
3852
3850
3851
4526
4523
4524
4569
4570
3853
3854
10458
4533
4557
4558
4534
10459
10460
10461
10462
10463
4549
4550
4551
4552
4553
8384
4555
4559
4554
4556
10464
4477
8140
8159
4517
2601
2602
2603
2604
2605
2606
2607
2608
4191
2609
2610
4202
2611
2612
2613
3568
4184
4229
4271
2614
2615
3583
10465
4274
4369
10466
10467
10468
3950
4212
4213
10469
10470
10471
3550
3887
3946
4005
4014
4216
4217
10472
2631
3969
3970
2632
2633
8085
3971
4185
4230
10473
10474
2635
8117
3590
3906
3957
4006
4034
4224
3591
3907
3958
4007
4035
2636
4411
116
3551
8118
10475
8120
3592
3999
5138
3908
3959
3826
4008
4015
4036
3960
4194
3909
10476
8072
7725
10477
10478
3910
3961
4009
10479
2637
2638
2639
2640
10480
2643
2644
10481
2647
3547
3944
3951
2648
4186
4231
8030
8087
8091
10482
10483
4269
10484
8106
3982
10485
10486
10487
4248
4525
2654
2655
2656
2657
2658
2659
8141
8185
2660
3552
8142
10488
8144
4016
3888
3947
4017
4010
4018
4535
4084
4195
4276
10489
10490
10491
10492
4358
8033
10493
8160
10494
10495
10496
8161
10497
10498
8134
10499
10500
8162
10501
8197
8201
10502
8189
10503
4363
10504
4359
4360
4361
4362
8224
4364
10505
4367
4365
10506
4368
8230
10507
8235
10508
10509
8239
8179
10510
10511
10512
2671
4089
4098
7699
4277
7715
10513
10514
10515
4370
10516
4412
4099
8042
4100
10517
4278
2672
4187
4232
8290
2673
4386
4233
4443
4485
4478
10518
4234
120
8328
4101
8289
8306
4196
4279
8292
8293
4351
10519
4102
4280
4103
10520
468
8296
10521
4531
4373
4546
4512
4375
4536
4562
8356
4203
4281
4537
4352
10522
4090
4104
7901
2680
10523
10524
4105
4106
4447
8298
10525
10526
121
7902
10527
3566
4091
4107
7905
4119
4282
7716
451
8047
10528
8048
4430
10529
4400
4409
4413
4108
4283
2684
4109
4371
4433
4434
4110
8259
10530
8260
10531
10532
4414
4284
123
4285
8308
4286
10533
4505
4435
10534
2688
4287
2689
4188
4235
8311
4288
8324
4236
4448
4481
4487
4237
4289
124
4290
8313
10535
4291
4506
4496
10536
2691
4292
125
7954
10537
3573
4189
4238
8315
4293
8325
4239
4294
458
8097
10538
8098
4497
10539
4468
4475
4479
10540
10541
4480
2695
4240
4372
4499
4500
4241
8369
10542
8370
4295
8271
127
8329
4197
4242
8312
8316
4296
8322
8326
4353
4243
4297
2696
4507
4542
10543
4563
2698
4204
4244
4298
4354
8272
128
7982
7983
7986
10544
3599
4153
4192
4198
4200
4152
4272
4154
3836
4227
427
8333
8330
8334
8335
4355
4388
10545
4437
4205
4299
4356
4449
4501
4502
469
8295
8341
8342
4510
8300
8345
8374
10546
10547
10548
8181
4539
3855
4540
4541
10549
10550
4575
10551
4513
4581
4582
4583
4580
4532
4538
8343
2700
4566
4206
4374
4300
4376
4438
4503
4578
4579
4301
8408
8149
8150
8151
8166
10552
8395
8396
10553
8393
10554
8385
4584
8410
8411
8412
8405
10555
8413
10556
1314
7748
1331
1339
10557
5043
5057
10558
10559
10560
9475
9921
9547
10561
10562
5518
7734
7739
7756
7759
7735
7740
7799
7757
7760
10563
9863
9864
9901
7737
9935
9902
7922
9903
9937
10564
7765
1316
10565
1340
10566
5050
5059
9476
9544
8092
10567
10568
8347
9548
8422
10569
5311
10570
7772
7777
7789
7791
7774
7800
7779
7787
7792
9865
10571
8302
8304
8303
7778
1317
1318
1344
10572
5061
9483
9920
9484
9550
5063
10573
5761
7804
7825
7830
9867
9940
9912
9941
8428
1528
1529
1532
8493
10574
10575
10576
7831
8532
10577
5289
5313
5784
8432
8454
1530
1533
1537
8942
9549
10578
5298
5299
10579
5803
8437
8468
1531
1535
10580
5315
8712
8682
8683
10581
1570
1571
8577
1575
10582
10583
10584
10585
10586
5512
5520
5786
1572
1576
10587
5522
1573
1574
1578
9545
10588
10589
10590
5535
5536
5805
8617
8713
8684
8685
1598
1599
1601
10591
10592
10593
5790
10010
8004
8005
7805
8006
8007
7806
1600
37
10594
5811
10595
10596
8736
1751
8883
8339
40
4609
10039
10597
41
8063
10598
4677
10599
10600
10601
10602
5212
10603
10604
5217
10605
10606
5236
4676
5257
4678
4679
4680
10607
5213
10608
8904
8878
10609
10610
10611
1755
8886
9922
10612
10613
10040
8881
10614
8955
9918
4610
1757
10615
8521
10616
8912
10056
8882
10617
8340
8064
1761
10618
10045
10619
9954
8933
10620
9500
10621
9497
9495
8530
1762
10622
9551
1763
1764
5304
10623
8939
8951
10624
9505
5319
8959
8815
8814
10625
10020
10025
10626
9553
9554
9555
9556
5827
5828
8822
8823
1913
10627
46
9025
10628
4684
47
4648
9036
10629
10630
10631
4683
5441
10632
10633
5446
10634
10635
5450
10636
10637
5471
4685
4686
4687
10638
5447
10639
8860
4626
10640
9159
9324
9325
9160
9161
10641
9162
9163
9182
10642
9328
9444
9445
9446
9851
10643
9459
10644
9039
10645
9448
10646
10068
10109
10110
10087
10091
9197
10647
10648
9509
10649
9043
1922
9044
4649
10650
1923
10651
9513
5526
1924
9557
9221
1925
1926
10652
5541
10653
9528
10104
9059
10654
8022
7829
10111
9558
10655
9560
9561
5829
5830
8824
8825
9562
9563
50
10656
4
10657
10658
10659
10660
10661
10662
10663
5719
10664
5697
5720
10665
10666
634
5801
5680
5698
10667
7896
10668
10080
10081
10082
10669
10084
10670
4720
10088
10089
4727
10092
10093
9776
9762
9763
4721
10095
10096
10097
10098
10100
4728
10101
9777
9764
9765
1985
9529
10671
10107
5793
5794
10672
8242
8243
7867
8244
8245
7868
1987
9564
52
10673
10674
5831
10675
5824
10676
10677
5832
5833
10678
5888
699
5905
7906
700
5895
5907
7717
7919
7952
7981
7995
4039
5915
4921
4922
578
7741
8459
5137
10679
5216
4591
4923
4925
4926
579
7749
8494
5169
10680
5256
4597
5943
4924
4927
4928
4929
4930
4931
7732
7742
7743
8470
10681
7744
7750
7751
7960
10682
7808
8429
8460
8471
8461
10683
8462
8495
8435
8496
10684
8439
8472
8473
10685
8474
8475
8501
10686
8476
8482
8604
8715
8746
5191
10687
5218
5219
10688
5258
10689
10690
5308
10691
10692
8996
5326
5327
10693
715
8455
3678
3900
3962
4932
5967
718
7700
10694
7907
7944
7953
10695
3668
3679
6033
7932
7969
6039
10696
6074
5130
5140
8533
5267
5275
4934
5970
722
7752
8497
6076
5171
6075
6077
6058
6061
4599
4690
6064
3764
5971
5995
7733
10697
7746
7925
10698
7758
7933
6079
7753
7754
7961
10699
8442
5862
5863
8430
8464
8431
8433
8466
6082
8505
8509
8518
10700
8498
8436
8499
6083
8515
8503
8440
8477
8441
1534
8507
8510
8540
10701
10702
8502
4751
4820
8478
8449
8516
10703
5214
10704
10705
5215
5221
5237
10706
10707
5238
4691
5259
5869
6084
6085
6092
8536
6097
7974
4821
6104
6093
5318
10708
10709
8535
5451
5407
5443
5452
2720
10710
10711
6358
792
4935
793
4936
8618
834
835
6584
4959
4969
4961
10712
7814
8610
10713
8488
8721
8753
8752
5722
5723
5767
10714
10715
4916
4915
4975
4978
4976
4938
581
7766
8578
5360
10716
5440
4625
6381
582
7780
8593
5384
10717
5470
4632
6384
7762
7767
7768
7927
10718
7781
7782
8619
10719
8547
8579
8553
8580
10720
8594
8620
8595
10721
8571
8585
10722
8621
10723
5430
10724
5442
10725
5472
10726
10727
10728
583
584
7811
8718
5597
10729
5714
4675
6316
8562
8607
8446
8485
7796
7812
7813
8749
10730
8447
8486
8448
8487
8563
8608
8564
8609
8672
8719
8750
8720
10731
8700
8751
10732
4681
4682
4757
10733
10734
4688
4689
4758
10735
10736
5681
10737
5726
10738
10739
6644
6655
6646
5564
5563
6858
6861
6859
794
8588
3697
3911
3974
4939
6387
795
7769
8581
6502
5362
6501
6503
10740
4628
4692
6439
6421
798
7705
7911
7920
10741
7958
10742
3688
3698
10743
6508
5364
5386
8656
6161
6402
6441
8558
7763
7770
7771
7928
6510
10744
7784
7965
10745
6511
6512
8320
8548
8597
8582
8554
8583
6514
8550
8557
8598
6515
10746
8565
8572
8586
4768
4822
8574
8622
8575
1579
8664
10747
6252
6253
5188
5239
5260
5240
6490
6492
6495
7788
7936
3699
2726
10748
10749
10750
5448
10751
10752
4693
5445
5453
10753
10754
5449
5454
5474
6268
6516
8647
6519
6522
8636
8648
7971
5506
5525
10755
8637
10756
6534
8660
4823
6539
8641
7790
7973
8653
10757
6544
7938
6535
8657
6608
4946
6610
4940
7810
8484
7785
10758
8606
8717
8599
10759
8748
8623
8747
5724
5475
5725
6616
10760
6617
10761
4914
4913
4954
4957
4955
6479
6481
6629
6622
7797
8450
8566
8673
8701
5682
5562
5561
6551
6552
6640
6638
852
8457
8591
10762
10763
3735
4040
6703
13
7710
7711
7718
7987
7997
7998
7988
8723
7999
10764
3715
3716
3717
5727
4694
5728
4782
9642
3736
6769
6794
6795
10765
6798
5579
5598
5155
5580
5371
5599
5581
5601
7992
6148
6317
6662
10766
10767
10768
10769
7802
8008
10770
8772
6802
8784
10771
7801
10772
10773
8009
8773
6804
8779
7798
10774
7822
1319
8010
10775
4781
7826
6807
10776
8467
8708
8670
8686
10777
10778
8710
8780
8790
8692
8694
10779
8741
10780
8813
8453
8703
1536
10781
10782
8707
8600
8669
10783
8687
8709
10784
8785
8791
8569
8704
1577
10785
8691
8693
8740
10786
10787
8816
8674
8730
8677
8688
1602
6834
10788
8705
8739
8706
1608
10789
10790
9114
9131
10791
4792
5736
5738
5241
5737
4794
10792
4825
6777
6780
4804
4812
4813
6813
6814
6815
6817
6816
8517
8519
8520
9144
9141
10793
10794
10795
5420
10796
4695
7855
5741
5739
5455
5740
4696
10797
10798
8078
7857
6782
8649
6824
6785
8638
8651
6830
6832
6831
10799
4793
4795
4814
4815
10800
10801
10802
10803
5699
9708
10804
10805
10806
10807
10808
5734
5700
5735
635
8812
6809
9139
9140
6275
6276
6811
8810
8806
8807
8811
8808
8809
6835
8797
10809
9143
9145
6278
10810
6279
6841
8798
8018
8019
7827
8020
8021
7828
871
8537
8661
8820
3754
5826
4077
8699
9148
6285
8828
876
6863
2745
2746
2747
2748
2749
2750
2751
2752
2753
2754
2755
2756
8036
2757
2758
8887
8038
2759
5194
5222
5223
5195
10811
10812
1022
8089
10813
4158
18
10814
6982
10815
10816
4985
7032
8040
10817
1398
7038
10818
7087
10819
4992
10820
7098
5602
7042
3766
10821
19
7088
4993
7104
5603
9406
7047
6984
5108
4987
7050
7105
7051
10822
10823
6994
10824
8926
8929
8930
4713
4716
8522
8523
8528
10825
1752
10826
10827
10828
1756
8836
8838
8839
8842
9407
1760
8924
10829
10830
10831
4634
10832
7112
4698
10833
7117
7120
10834
7126
7129
7132
4724
4722
10835
10836
10837
10838
10839
3767
10840
3768
3769
10841
10842
5861
5864
5865
5866
10843
7144
10844
10845
10145
2776
2777
10846
7150
7151
7153
7154
7156
7157
7159
7160
6143
6182
6183
7163
7165
7168
7171
7173
7176
2779
2780
2781
2782
5927
5928
6392
10847
10848
5141
10849
5142
10850
5948
5949
5950
5951
6230
6231
2792
4111
2793
3669
5131
5143
2794
3670
5132
5144
7026
7093
7099
10851
4112
2797
5996
10852
5268
2799
5269
5997
6035
2800
2801
4131
10853
10854
10855
6423
2806
2807
6493
6540
2808
2809
2810
2811
2812
2813
5934
6395
6396
2814
2815
2816
2817
4207
2818
2819
6591
6592
2820
2821
2822
5387
2823
2824
10856
5388
5958
5959
6237
6238
6239
6240
2827
2828
2829
10857
4218
4219
10858
3718
5156
5372
5582
5606
10859
3719
5157
5373
5583
5607
6322
6323
6324
6325
10860
10861
10862
2842
4245
2843
2844
3689
8123
8086
8124
5365
5389
2845
2846
2847
3690
5366
5390
2848
2849
5507
8088
4246
10863
9164
9165
5476
9156
9166
5477
9222
6042
6062
6442
6443
6444
6496
5434
10864
10865
6523
6524
2850
4264
10866
10867
10868
6105
2855
152
5608
3720
8125
10869
8128
3737
5609
5610
8145
10870
8148
153
9330
3738
5158
9400
8135
8136
8137
8138
8152
9478
5205
5242
5243
9274
9331
9332
5456
9333
9334
5457
9511
9519
5689
5701
5742
5702
5743
5703
5458
5459
5244
5245
3708
10871
10872
3741
3742
5206
5246
5247
10873
10874
5460
5461
5690
5704
10875
5705
10876
2856
2857
2858
8180
2859
4302
4342
2860
3721
5611
5159
5374
5613
5584
5615
2861
3722
5612
5160
5375
5614
5585
5616
2862
7033
4303
2863
2864
5502
2865
5503
2866
2867
5276
2868
5277
2869
6706
10877
2871
3750
6707
2872
2873
2874
2877
10878
10879
6844
2875
2876
2880
4357
10880
10881
2883
2884
2885
2886
2887
2888
5925
5929
5935
5930
2889
2890
10882
2893
2894
2895
5926
5931
5936
2896
2897
2898
2899
10883
5145
2902
2903
5146
2904
5944
5952
5960
5953
5945
5954
5961
5955
2905
2906
2907
4589
4596
4601
5889
10884
10885
5972
5998
6043
6120
6121
6122
10886
10887
5147
10888
5946
5956
5962
5947
5957
8870
10889
10890
2915
2916
2917
2918
2919
3671
5133
5148
2920
5270
2921
2922
2923
3672
8890
5134
5149
2924
10891
8891
8892
5228
8916
8876
8893
5229
8949
9275
9276
5973
5999
6036
6044
6059
6000
6037
6040
6001
5197
10892
10893
6094
10894
6106
10895
2927
8894
2928
5150
8895
8129
5151
5152
10896
2934
9335
8928
10897
8896
8897
8898
5234
9336
8917
8936
8950
5890
5898
5932
5918
5974
6002
10898
6045
10899
5235
10900
10901
10902
7027
7094
7100
7028
7095
7101
2942
10903
154
3673
8899
5135
5153
4041
2948
5872
8900
8841
8963
8840
10904
9069
5891
5933
5896
5899
5906
5908
10905
5919
10906
10907
5975
10908
4933
10909
719
10910
3674
8905
10911
10912
6114
5136
5154
5271
6065
6046
6116
6115
6117
10913
6011
8975
8419
8976
8977
8979
8981
8845
8526
8847
8850
8849
10914
8541
8542
8997
8998
10915
10916
8879
8880
8906
8907
8965
8052
10917
10918
10919
10920
8914
10921
8053
8986
8987
8966
10922
8989
10923
10924
10925
10926
10927
10928
2971
2972
2973
5994
6041
6060
2974
8901
2975
5617
5618
5619
10929
8903
9337
9506
9278
9338
9514
9279
9339
9565
10930
10931
1086
4629
10932
22
7290
5001
7296
5621
9408
7247
7216
5336
4995
7250
7297
7251
10933
23
10934
10935
10936
5620
10937
4701
7264
10938
7293
7313
10939
5004
10940
7305
5007
7319
10941
6163
10942
8026
10943
7229
9189
9190
9193
4717
4714
8639
8642
8645
10944
10945
10946
1914
10947
9181
9409
1917
9154
1920
9015
9016
9019
9021
10948
10949
10950
9318
10951
7335
7338
7341
1967
10952
7347
7350
7330
4723
4725
10953
10954
10955
10956
10957
6164
10958
6165
10959
6166
10960
6249
6250
6251
6254
10961
7366
9819
10962
10963
6269
7367
10964
7373
7374
7376
7377
7379
7380
7382
7383
6150
6184
6185
7385
7387
7390
7393
7395
7398
26
7499
5019
7506
10965
7436
5009
7451
7510
8832
10966
3
7437
10967
5010
7456
10968
10969
10970
9340
9341
10971
7465
7474
7475
7502
7503
7504
10972
7532
5017
5018
10973
7479
7487
5022
5023
5024
7511
7513
7520
10974
5029
10975
1168
7730
8371
10205
9479
10976
9489
9485
10977
7619
7620
10978
10979
8792
8794
10980
7621
10981
7622
10982
9343
10983
7844
10984
10985
7846
7645
7847
10986
7849
7850
10987
10988
10121
10263
10262
10989
10265
10990
10268
10269
9569
9570
9155
10991
1921
9346
10992
10993
9066
10994
9071
7646
9075
10995
9080
9083
9424
10996
9425
9449
9468
9455
10271
10123
10124
10122
10272
10273
10997
10998
10277
9530
9526
9535
9571
9572
1968
8426
9321
10999
51
9065
9067
11000
9070
9072
9074
9076
9079
11001
7567
9081
11002
11003
7569
9050
9051
10279
10126
11004
9527
9057
11005
11006
3787
6187
11007
11008
11009
6186
11010
6188
6286
11011
11012
11013
3723
11014
5586
11015
6294
6296
6297
6298
6300
6301
7623
6302
11016
11017
11018
11019
11020
11021
11022
11023
11024
11025
11026
10213
7598
10233
7599
10235
7601
7602
7604
7605
7607
7608
7610
7611
7613
10237
10238
7614
11027
10248
11028
7480
7481
7495
7496
7259
7300
7306
7260
7301
7307
7331
7351
8186
7342
7521
7522
11029
7459
7488
7514
7638
11030
7553
7321
11031
7460
7489
7515
7548
7554
9305
9413
9426
9414
9427
10278
9319
9450
9460
7482
7483
7477
7484
9097
2999
3000
3001
3002
3003
3004
3005
3006
11032
3009
3010
3011
3012
3013
3014
11033
11034
3016
3017
3018
3019
6390
6393
6397
6398
3020
3021
3022
3023
3024
6391
6394
6399
3025
3026
3027
6585
6593
6594
7497
7498
3028
3029
6586
6595
3030
3031
3032
3033
3034
3035
3036
3037
3038
3039
4624
4631
4638
6359
11035
11036
6403
6424
6445
6567
6568
6569
3040
3041
3042
3043
3044
4669
4706
11037
11038
11039
6663
6708
6898
6930
6935
4840
6939
6941
6942
11040
11041
11042
5391
11043
5392
6226
6232
6241
6242
6227
6233
6243
6244
11044
11045
11046
11047
11048
5393
6228
6234
6245
6229
11049
6246
9101
11050
11051
11052
3724
5161
5376
5587
5629
11053
3725
5162
5377
5588
5630
6318
6326
6327
6319
6328
6329
11054
11055
11056
11057
11058
3726
5163
5378
5589
5631
6320
6330
6321
6331
9105
9104
8873
8851
9106
11059
11060
3085
3086
3087
9171
3088
3089
5435
5482
9150
5483
5436
11061
11062
3090
3091
3092
3093
9350
3094
5394
9172
5395
5396
11063
9192
11064
9351
9157
9173
9174
5488
9211
9227
9286
6360
6366
6374
6400
6404
6425
6446
11065
11066
5489
11067
11068
11069
3107
9352
178
9353
3743
5379
3744
9401
179
5632
9354
3745
5633
5634
5590
9402
9474
9287
9355
9356
9357
5248
11070
9359
5249
9499
9502
5423
5462
9290
5463
5691
5706
5748
9291
5707
5749
5250
5251
5464
5465
3711
3746
11071
3747
11072
5252
11073
5253
5424
5466
5467
5692
5708
5709
11074
11075
11076
3108
9574
3109
3110
7113
7133
7121
180
11077
5397
11078
181
11079
11080
11081
9362
9363
9364
3748
11082
5553
5636
5637
11083
4905
11084
5639
9405
9487
9868
11085
9367
9368
9121
9369
5254
9126
9507
11086
9471
9175
9370
9371
7852
5468
7854
9515
11087
9472
9372
1977
9124
5712
9125
5754
9532
9575
5210
6571
6577
5426
11088
11089
3728
3749
6899
5592
5640
9488
6931
6936
11090
11091
11092
11093
5255
9508
5427
11094
11095
5469
9516
11096
11097
5713
5755
9533
3112
9576
3113
11098
5641
11099
5642
5884
5883
6596
6597
11100
11101
6929
6932
11102
11103
11104
11105
3140
11106
3143
3691
5367
5398
7261
7302
7308
3144
3692
5368
5399
3145
3146
3147
6405
6426
6451
6452
6517
6520
3148
5508
6525
11107
5509
6537
6542
11108
11109
7523
7524
11110
11111
3156
3157
3158
3159
11112
11113
3164
3165
11114
190
3693
9176
5369
5400
6342
5873
9177
9018
9186
9017
11115
5696
9078
3172
3173
3174
6361
6367
6401
6375
4937
11116
11117
6406
6422
6427
6558
6557
6559
11118
6440
11119
799
11120
3694
9178
11121
6564
5370
5401
6457
9247
9250
8421
9248
9251
9253
8854
8856
8650
8858
8859
11122
11123
11124
8665
9269
9152
11125
9153
9179
9180
9256
9185
11126
11127
11128
8103
11129
8104
11130
11131
9237
9238
11132
11133
9260
5510
11134
11135
11136
11137
11138
8666
9270
11139
6482
11140
6491
6494
6497
6872
7509
7525
9236
3196
3197
3729
5643
5164
5380
5645
5593
5647
3198
7322
3199
3730
5644
5165
5381
5646
5594
5648
3200
3201
5278
3202
5279
3203
3204
5504
3205
5505
6665
6718
6719
3206
6808
6806
6778
6783
6845
11141
11142
6836
3207
5788
3208
3209
11143
3210
6864
11144
11145
7034
11146
7461
7490
7516
7549
7555
11147
11148
7639
7491
7517
7550
7556
9306
9415
9428
9429
11149
9430
10266
9309
9598
9600
9310
9599
9601
11150
5651
11151
5652
5879
5878
6598
6599
11152
11153
11154
11155
6937
6938
11156
11157
3242
204
3731
9373
9374
11158
3243
5653
5166
5382
5654
5595
5655
5877
5880
5881
5882
5886
11159
9431
9376
8837
9596
9432
3244
10270
9312
9377
9433
9020
3245
9022
10274
11160
9602
9419
11161
11162
9597
9235
9098
3246
9082
5756
10127
5885
10282
5887
6344
6572
6578
4970
4962
11163
11164
11165
11166
11167
11168
6611
4947
4941
11169
11170
11171
11172
11173
11174
11175
6666
9295
864
11176
11177
11178
3732
11179
11180
9691
9383
9608
9637
9611
11181
11182
6902
6903
11183
6906
11184
6915
5167
11185
5383
6918
5596
5656
11186
9676
9462
11187
11188
11189
9681
8212
11190
11191
9686
8423
9687
9690
8217
11192
11193
9695
8778
9719
8544
9272
8654
9001
8789
9747
8865
8799
8867
8868
11194
8829
9789
11195
9298
11196
9386
11197
9610
8205
9755
11198
9758
9652
9785
11199
8213
11200
11201
11202
11203
11204
9710
9612
11205
11206
9715
9716
9718
9721
11207
11208
11209
9537
9577
9578
11210
9301
11211
11212
9609
8207
9393
11213
9653
9654
11214
8209
11215
11216
11217
9615
11218
11219
9738
11220
11221
11222
11223
9742
9744
9746
9756
9759
11224
11225
11226
11227
9580
9581
9302
9303
9394
8206
9461
8208
9395
11228
11229
11230
7864
8210
9464
9453
8215
8216
7862
7866
8218
11231
11232
9726
11233
11234
9613
9727
9729
11235
11236
11237
9631
9663
9778
9766
9767
11238
9616
11239
11240
9618
9619
9640
9634
9669
11241
11242
11243
9779
9768
9769
11244
9620
11245
9621
9641
9757
11246
11247
8246
8247
7869
8248
8249
7870
11248
9539
11249
9582
11250
3269
4389
232
7712
3772
11251
3270
233
7912
3773
3271
11252
234
3272
4390
8273
8434
10036
5892
5900
5909
5920
5901
5910
5921
5976
5977
3774
6012
7701
7908
8314
6047
3775
6013
6048
9898
9904
9916
9950
6667
4415
6728
7719
6668
3273
6669
3274
3275
9907
9913
9908
6995
11253
1026
8157
3278
11254
3279
7043
9792
6948
11255
7187
5871
7189
3280
6014
6015
10055
6049
6729
8158
5978
5979
6016
6017
6050
11256
10041
7244
7252
7339
7248
7336
7343
3281
3282
7388
3283
3284
7396
7344
6670
6730
6671
11257
4450
3287
3288
235
8323
6169
11258
3290
11259
8267
237
6170
4304
8327
3293
4305
8270
8274
7926
7795
8445
9031
6362
6368
6376
6369
6377
6407
6408
6428
6171
6458
8291
8309
8317
6429
6172
6459
7764
8305
7929
8321
6483
6484
3294
3295
3296
3297
3298
3299
6999
11260
8277
7020
11261
1030
8278
11262
11263
9806
10177
11264
8922
10179
10180
10181
11265
11266
11267
6430
8923
6460
6461
4306
11268
11269
7254
11270
7348
11271
3304
11272
3307
7265
7352
7391
3308
3309
7399
3310
3311
7353
6409
6410
6462
6431
6463
11273
9041
238
239
8331
11274
8275
242
3314
5838
8276
7776
7803
8481
9993
10011
10012
3312
3313
10072
10223
6345
6346
5980
6018
6019
8307
6193
6194
9899
9917
9936
8465
9961
9974
6573
6579
6580
4971
4963
4964
6191
6192
6658
6649
6650
6195
6196
6612
4948
4942
4949
6632
6625
6633
6672
11275
6673
865
8294
8332
8336
3318
866
9905
11276
9938
9951
11277
9909
11278
9952
8492
3317
3319
6866
6878
6879
8344
3320
3322
3324
11279
11280
3325
3326
11281
11282
6020
6021
6600
6601
6732
6733
6880
6881
5981
5982
6022
6023
11283
10090
5853
5854
7442
7452
5855
7872
9852
9854
3807
3805
6965
11284
3806
6963
6203
6971
6972
11285
11286
3329
3330
3331
3332
6587
6602
6603
3333
3334
3335
3336
6674
6734
6735
6675
6736
6737
11287
9871
10085
6867
6882
6883
3337
247
7945
3776
4307
9897
9878
4308
4309
248
3338
249
7978
3777
9882
9879
3339
3340
7959
9906
10037
5893
5902
5911
5922
5903
5912
5923
5983
3778
6024
6051
3779
6025
6052
9958
9967
9960
9972
9959
9969
9963
9964
3341
3342
3343
3344
3345
3346
7003
7044
7052
7048
7021
7039
11288
7142
7145
3347
11289
7114
7130
7127
7134
7118
7122
5984
6026
6053
6027
5985
6028
6054
6029
11290
10050
7230
7245
7255
10058
11291
11292
3350
7169
7166
3351
7177
7174
7135
7123
250
7955
9880
251
7989
3780
9881
253
11293
9900
9911
9966
8438
8469
8500
11294
10038
10141
11295
4612
4617
4619
5894
5904
5913
7996
5924
5986
3781
6030
6055
9968
9962
9971
9977
6676
6738
3354
9910
9914
1023
8099
9884
11296
1027
11297
11298
8182
3782
9793
11299
1031
11300
9885
9930
10204
8940
8952
8957
9583
11301
11302
11303
11304
11305
8941
8954
9584
8958
11306
11307
7185
3783
11308
7029
7096
7102
11309
11310
11311
10139
10143
11312
11313
11314
11315
7019
7036
7040
7049
7053
11316
7115
7119
7124
7128
7131
7136
3365
3366
3367
7179
5987
6950
6951
5988
6031
6056
6952
6953
6954
7190
7191
7192
7193
7194
5914
8241
7195
5989
6032
7030
7097
7103
6057
10157
11317
10160
10162
10343
11318
11319
11320
10150
10148
10158
10051
10161
10344
10163
11321
11322
11323
11324
11325
11326
7116
7125
7137
6677
6678
6739
7037
11327
10047
10170
270
9883
271
7964
8003
10073
6287
6679
6740
9970
9965
9976
11328
9888
11329
11330
10184
11331
7443
7453
7875
10173
10175
7199
11332
11333
11334
3376
3377
6680
6681
6741
11335
10094
11336
3379
11337
9891
9886
11338
9931
7045
11339
11340
11341
3387
3388
3389
3390
3391
3392
3393
274
3394
11342
275
6173
3397
3398
276
6174
11343
8552
8561
8671
9032
6363
6370
6378
6371
6379
6411
6432
6175
6464
6433
6176
6465
8549
8628
8555
8626
8551
8630
9980
8576
6485
6486
6682
3401
3402
6683
3403
6742
8675
8767
8678
8770
11344
8346
11345
11346
1090
8280
3406
11347
11348
1094
8282
11349
11350
11351
9014
9203
11352
11353
9523
7357
11354
11355
3407
3408
7372
7332
11356
3409
3410
3411
3412
3413
3414
6412
6434
6466
6467
9198
9204
9212
6413
6435
6468
6469
11357
9048
6684
6743
9524
6685
6686
6744
277
278
8556
8681
10074
6288
6687
6745
8631
9981
9987
11358
11359
11360
11361
10167
7444
7454
7876
9799
9801
7403
11362
11363
11364
3417
3418
6688
6689
6746
11365
10099
281
282
11366
283
6177
11367
8301
8627
8570
8584
8615
8768
8695
11368
11369
9033
4651
4653
4658
6364
6372
6380
6414
6436
6178
6470
8629
8573
8587
8632
6480
6487
8702
6690
3423
6747
8676
8769
8771
1087
8284
11370
1091
11371
11372
8286
1095
11373
6179
9812
8287
10200
9214
9217
9585
9228
11374
11375
11376
9035
11377
11378
9215
9586
9218
9230
11379
9540
11380
11381
7411
11382
6180
11383
7262
7303
7309
11384
11385
11386
9822
9825
11387
11388
11389
7243
7249
7253
7266
7323
11390
7333
7337
7340
7345
7349
7354
11391
11392
11393
11394
11395
11396
7334
7346
7355
3438
3439
3440
7405
6957
6958
6415
6437
6471
6959
6960
6961
6416
7414
7415
7416
7417
7418
7419
6417
6438
6472
7263
7304
7310
9839
9841
9872
11397
9844
11398
11399
11400
9832
9826
9840
9873
9842
9049
9845
6488
9775
6691
6692
6748
7324
11401
9061
9828
11402
11403
3443
8288
11404
11405
11406
3450
3451
3452
3453
3454
3455
301
302
3457
304
5843
9994
10013
10014
8592
8603
8711
3456
9995
3458
10075
6347
6348
6206
6207
6574
6581
6582
4965
4972
4966
6204
6205
6651
6659
6652
6418
6473
6208
6209
6474
9978
9984
9979
9985
9982
9983
9989
6613
4950
4951
4943
6634
6635
6626
6693
11407
3461
867
868
9990
10002
11408
10004
9996
11409
8614
9991
10007
10003
9992
11410
3462
10001
3463
6868
6884
6885
11411
5856
5857
6750
6751
11412
3469
3471
11413
11414
3472
3473
11415
11416
1154
5858
11417
7455
7877
10066
10060
11418
10063
9209
11419
11420
10079
10065
7494
7585
7587
6216
11421
7537
11422
3474
11423
7571
7629
7630
7626
3476
3477
6604
6605
6588
6606
6607
6419
6475
6476
10115
6420
6477
6478
11424
10102
6694
6752
6753
6886
6887
10125
3478
3479
3480
3481
6695
6754
6755
11425
7565
10108
10128
6869
6888
6889
3482
11426
11427
9892
9932
9893
9933
7420
11428
11429
11430
3491
3492
3493
3494
3495
3496
11431
3498
11432
11433
11434
11435
11436
3506
3507
3508
3509
3510
3511
310
7878
5848
5849
9
9925
8689
10015
11437
8732
9973
10016
9975
9986
8616
9988
8690
11438
11439
8696
1607
11440
10076
5090
4730
4741
6343
6349
6154
3512
6218
6575
6583
4960
4973
4967
6153
6217
6645
6660
6653
6155
6219
3513
6609
6614
4952
4944
8624
6621
6636
6627
853
869
11441
11442
9998
7883
10018
10006
11443
9997
10192
10017
10193
11444
10194
8625
10195
9999
10008
10019
10191
10000
11445
6967
5091
6870
10112
6890
7013
9934
7023
7046
11446
11447
11448
11449
7202
7203
7204
7205
7206
7207
7239
7240
7246
7257
8372
11450
11451
11452
11453
11454
7423
7424
7425
7426
7427
8373
1155
10206
9894
7884
9895
9947
9896
9929
10197
27
11455
11456
11457
9955
11458
7575
11459
5037
11460
7580
7885
9915
9943
11461
9944
10026
10030
10031
10027
10033
7886
8377
11462
11463
7888
9949
9957
11464
11465
10216
10059
11466
11467
10211
9231
10244
10246
10241
11468
11469
11470
11471
10209
10210
10212
11472
10234
11473
11474
11475
10247
9541
1990
3812
3813
7457
7485
6221
10214
7656
11476
11477
6220
10230
6222
7657
7512
7526
9857
11478
11479
7463
7466
7492
7518
7551
7557
10240
7663
7664
11480
10226
10227
7648
7649
10239
7678
7679
7680
7681
10228
10229
7650
7651
9860
7682
7683
7684
7685
11481
10198
10199
10231
7568
7570
11482
11483
7470
11484
11485
11486
11487
10028
10029
10032
11488
7581
7582
7486
10252
3529
3530
8827
6589
7635
7636
6590
10254
6968
6969
6970
6696
6756
4852
11489
6975
6976
7208
7209
11490
11491
7210
7211
7212
7213
7214
7527
10259
6697
6871
7583
7584
7428
7429
11492
11493
7430
7431
7432
7433
7434
8414
7671
7672
9109
7673
7674
7675
4974
4968
5041
5040
6661
6654
7695
7694
6615
4953
4945
9271
5039
5038
6637
6628
7677
7676
6698
870
11494
7464
11495
7691
7692
7493
7519
7693
7552
7558
10334
11496
10346
9314
9435
9436
11497
11498
10258
10257
10304
10305
10335
10347
10348
9315
9437
9438
11499
11500
10311
10312
8387
7890
10336
10349
10350
10351
11501
9317
9439
11502
7892
8399
9469
9456
8400
8401
10301
7893
8402
10302
10303
10283
10306
10307
11503
11504
11505
10288
10297
10260
10340
10329
10330
10284
10285
10292
10289
10298
10253
11506
11507
11508
10341
10331
10332
11509
10286
10293
10250
10251
8415
8416
7894
8417
8418
7895
10339
10338
10113
10353
2488
