9 37
10 38
11 40
12 42
14 15
15 14
17 39
18 33
19 41
20 34
21 43
22 46
23 50
24 48
25 54
26 47
27 52
28 44
29 45
30 49
31 53
32 55
33 18
34 20
36 59
37 9
38 10
39 17
40 11
41 19
42 12
43 21
44 28
45 29
46 22
47 26
48 24
49 30
50 23
52 27
53 31
54 25
55 32
59 36
60 63
61 66
62 67
63 60
65 68
66 61
67 62
68 65
70 1488
71 1489
72 1490
73 1491
74 1493
75 1494
76 1496
77 1495
78 1497
79 494
80 591
81 593
82 592
83 594
84 1313
85 1326
86 1328
87 1327
88 1507
89 1508
90 1517
91 1509
92 1498
93 1500
94 1504
95 1510
96 1514
97 1502
98 1518
99 1520
100 1519
101 1499
102 1501
103 1503
104 1505
105 1512
106 1513
107 1515
108 1516
109 1521
110 1522
111 1523
112 1524
113 495
114 496
115 497
116 596
117 601
118 600
119 602
120 1314
121 1329
122 1333
123 1331
124 1528
125 1530
126 1547
127 1532
128 1533
129 1545
130 1526
131 1548
132 1549
133 1527
134 1538
135 1539
136 1541
137 1542
138 1550
139 1546
140 1544
141 1551
143 144
144 143
146 387
147 388
148 389
149 498
150 499
151 500
152 395
153 597
154 398
155 401
156 400
157 402
158 502
159 503
160 504
161 508
162 509
163 510
164 505
165 506
166 507
167 511
168 512
169 513
170 515
171 516
172 517
173 501
174 595
175 636
176 637
177 660
178 614
179 627
180 615
181 628
182 659
183 610
184 650
185 647
186 649
187 651
188 646
189 648
190 629
191 661
192 652
193 662
194 644
195 641
196 643
197 645
198 640
199 642
200 630
201 631
202 632
203 633
204 634
205 1511
206 611
207 619
208 663
209 664
210 665
211 667
212 668
213 666
214 669
215 670
216 635
217 612
218 618
219 620
220 653
221 654
222 655
223 656
224 657
225 658
226 671
227 672
228 673
229 674
230 675
231 1525
232 1312
233 1330
234 1529
235 1317
236 1332
237 1531
238 1316
239 1318
240 1492
241 1320
242 1535
243 1554
244 1315
245 1506
246 1555
247 1337
248 1339
249 1342
250 1338
251 1343
252 1350
253 1537
254 1334
255 1353
256 1354
257 1335
258 1341
259 1345
260 1346
261 1347
262 1348
263 1355
264 1543
265 1540
266 1553
267 1349
268 1352
269 1356
270 1340
271 1344
272 1351
273 1336
274 1570
275 1572
276 1598
277 1571
278 1599
279 1649
280 1560
281 1573
282 1574
283 1600
284 1650
285 1561
286 1657
287 1658
288 1562
289 1591
290 1580
291 1584
292 1592
293 1612
294 1621
295 1628
296 1637
297 1659
298 1654
299 1646
300 1660
301 1575
302 1576
303 1587
304 1601
305 1651
306 1636
307 1563
308 1583
309 1611
310 1578
311 1589
312 1604
313 1603
314 1605
315 1606
316 1609
317 1635
318 1652
319 1556
320 1558
321 1564
322 1565
323 1593
324 1594
325 1613
326 1614
327 1622
328 1623
329 1629
330 1639
331 1661
332 1662
333 1663
334 1664
335 1630
336 1640
337 1669
338 1644
339 1665
340 1666
341 1557
342 1559
343 1566
344 1581
345 1582
346 1585
347 1586
348 1595
349 1615
350 1619
351 1624
352 1618
353 1638
354 1667
355 1668
356 1670
357 1631
358 1641
359 1671
360 1645
361 1672
362 1674
363 1675
364 1634
365 1642
366 1627
367 1632
368 1620
369 1625
370 1610
371 1616
372 1676
373 1679
374 1680
375 1567
376 1590
377 1588
378 1596
379 1655
380 1656
381 1647
382 1677
383 1648
384 1678
385 1681
386 1682
387 146
388 147
389 148
390 1321
391 1687
392 1688
393 1691
394 1693
395 152
396 699
397 1732
398 154
399 701
400 156
401 155
402 157
403 702
404 703
405 704
406 685
408 409
409 408
411 1734
412 578
413 598
414 603
415 604
416 605
417 723
418 724
419 734
420 715
421 735
422 725
423 736
424 716
425 717
426 718
427 1534
428 719
429 709
430 710
431 737
432 738
433 739
434 740
435 741
436 711
437 726
438 727
439 728
440 729
441 730
442 742
443 743
444 744
445 1552
446 1359
447 1698
448 1699
449 1700
450 1366
451 1368
452 1364
453 1365
454 1370
455 1369
456 1371
457 1751
458 1762
459 1742
460 1743
461 1773
462 1766
463 1774
464 1736
465 1737
466 1753
467 1754
468 1757
469 1763
470 1740
471 1741
472 1744
473 1776
474 1777
475 1778
476 1765
477 1779
478 1780
479 1781
480 1745
481 1767
482 1771
483 1783
484 1784
485 1747
486 1786
487 1788
488 1746
489 1748
490 1768
491 1785
492 1787
493 1789
494 79
495 113
496 114
497 115
498 149
499 150
500 151
501 173
502 158
503 159
504 160
505 164
506 165
507 166
508 161
509 162
510 163
511 167
512 168
513 169
515 170
516 171
517 172
519 682
520 749
521 752
522 753
523 759
524 760
525 756
526 761
527 757
528 758
529 762
530 763
531 1357
532 1685
533 1358
534 1686
535 1322
536 1689
537 1695
538 1696
539 1697
540 1373
541 1374
542 1375
543 1376
544 1692
545 1694
546 1803
547 1804
548 1811
549 1815
550 1819
551 1830
552 1805
553 1806
554 1817
555 1813
556 1810
557 1818
558 1826
559 1820
560 1821
561 1822
562 1831
563 1832
564 1834
565 1812
566 1816
567 1823
568 1833
569 1835
570 1842
571 1824
572 1827
573 1836
574 1828
575 1837
576 1829
577 1838
578 412
579 700
580 789
581 792
582 834
583 793
584 835
585 1377
586 1733
587 1843
588 1847
589 1844
590 1848
591 80
592 82
593 81
594 83
595 174
596 116
597 153
598 413
599 705
600 118
601 117
602 119
603 414
604 415
605 416
606 707
607 706
608 708
609 790
610 183
611 206
612 217
613 791
614 178
615 180
616 800
617 837
618 218
619 207
620 219
621 801
622 802
623 803
624 838
625 839
626 840
627 179
628 181
629 190
630 200
631 201
632 202
633 203
634 204
635 216
636 175
637 176
638 804
639 841
640 198
641 195
642 199
643 196
644 194
645 197
646 188
647 185
648 189
649 186
650 184
651 187
652 192
653 220
654 221
655 222
656 223
657 224
658 225
659 182
660 177
661 191
662 193
663 208
664 209
665 210
666 213
667 211
668 212
669 214
670 215
671 226
672 227
673 228
674 229
675 230
676 805
677 806
678 807
679 842
680 843
681 844
682 519
683 1378
684 1735
685 406
686 695
687 688
688 687
689 690
690 689
691 693
692 694
693 691
694 692
695 686
696 697
697 696
699 396
700 579
701 399
702 403
703 404
704 405
705 599
706 607
707 606
708 608
709 429
710 430
711 436
712 880
713 881
714 941
715 420
716 424
717 425
718 426
719 428
720 721
721 720
723 417
724 418
725 422
726 437
727 438
728 439
729 440
730 441
731 746
732 745
733 747
734 419
735 421
736 423
737 431
738 432
739 433
740 434
741 435
742 442
743 443
744 444
745 732
746 731
747 733
749 520
750 1845
751 1850
752 521
753 522
754 1846
755 1851
756 525
757 527
758 528
759 523
760 524
761 526
762 529
763 530
764 1703
765 1852
766 1853
767 882
768 883
769 942
771 879
772 878
773 849
774 808
775 809
776 819
777 848
778 884
779 885
780 886
781 887
782 888
783 889
784 890
785 891
786 892
787 893
788 943
789 580
790 609
791 613
792 581
793 583
796 850
797 851
798 852
799 871
800 616
801 621
802 622
803 623
804 638
805 676
806 677
807 678
808 774
809 775
810 820
811 822
812 823
813 824
814 945
815 947
816 946
817 948
818 949
819 776
820 810
822 811
823 812
824 813
826 895
827 896
828 897
829 898
830 899
831 950
832 951
833 952
834 582
835 584
837 617
838 624
839 625
840 626
841 639
842 679
843 680
844 681
845 846
846 845
848 777
849 773
850 796
851 797
852 798
853 1579
856 857
857 856
860 872
861 874
862 873
863 875
864 876
865 1319
866 1536
867 1577
868 1602
869 1608
870 1653
871 799
872 860
873 862
874 861
875 863
876 864
878 772
879 771
880 712
881 713
882 767
883 768
884 778
885 779
886 780
887 781
888 782
889 783
890 784
891 785
892 786
893 787
894 1568
895 826
896 827
897 828
898 829
899 830
901 927
902 954
903 958
904 955
905 959
906 956
907 960
908 917
909 957
910 937
911 961
912 971
913 935
914 966
915 931
916 970
917 908
918 929
919 925
921 973
922 972
923 933
924 965
925 919
926 964
927 901
929 918
930 962
931 915
932 963
933 923
934 974
935 913
936 983
937 910
939 984
940 985
941 714
942 769
943 788
944 1569
945 814
946 816
947 815
948 817
949 818
950 831
951 832
952 833
953 1597
954 902
955 904
956 906
957 909
958 903
959 905
960 907
961 911
962 930
963 932
964 926
965 924
966 914
967 975
968 976
969 978
970 916
971 912
972 922
973 921
974 934
975 967
976 968
978 969
979 980
980 979
983 936
984 939
985 940
986 1617
987 1626
988 1633
989 1643
990 1683
991 1684
992 1361
993 1701
994 1360
995 1362
996 1363
997 1702
998 1707
999 1716
1000 1706
1001 1708
1002 1717
1003 1730
1004 1704
1005 1713
1006 1718
1007 1705
1008 1709
1009 1719
1010 1720
1011 1714
1012 1722
1013 1710
1014 1711
1015 1721
1016 1715
1017 1731
1018 1383
1019 1384
1020 1738
1021 1739
1022 1388
1023 1390
1024 1395
1025 1396
1026 1399
1027 1400
1028 1758
1029 1759
1030 1761
1031 1764
1032 1379
1033 1380
1034 1381
1035 1385
1036 1749
1037 1408
1038 1409
1039 1410
1040 1791
1041 1792
1042 1793
1043 1401
1044 1411
1045 1412
1046 1413
1047 1382
1048 1386
1049 1750
1050 1392
1051 1405
1052 1407
1053 1769
1054 1772
1055 1414
1056 1415
1057 1416
1058 1387
1059 1391
1060 1393
1061 1404
1062 1402
1063 1403
1064 1406
1065 1417
1066 1770
1067 1794
1068 1712
1069 1724
1070 1725
1071 1796
1072 1797
1073 1798
1074 1726
1075 1799
1076 1728
1077 1801
1078 1727
1079 1729
1080 1800
1081 1802
1082 1866
1083 1867
1084 1879
1085 1880
1086 1913
1087 1924
1088 1915
1089 1916
1090 1922
1091 1925
1092 1965
1093 1966
1094 1985
1095 1987
1096 1857
1097 1858
1098 1870
1099 1872
1100 1889
1101 1938
1102 1939
1103 1940
1104 2048
1105 2049
1106 2050
1107 1993
1108 2051
1109 2052
1110 2053
1111 1871
1112 1873
1113 1890
1114 1935
1115 1929
1116 1933
1117 2004
1118 2040
1119 2054
1120 2055
1121 2056
1122 1891
1123 1928
1124 1936
1125 1930
1126 1941
1127 2023
1128 2005
1129 2027
1130 2031
1131 2057
1132 1958
1133 1959
1134 1960
1135 1994
1136 2006
1137 2007
1138 1961
1139 2008
1140 1963
1141 2010
1142 1962
1143 1964
1144 2009
1145 2011
1146 1868
1147 1869
1148 1881
1149 1882
1150 1883
1151 1884
1152 1918
1153 1919
1154 1923
1155 1926
1156 1969
1157 1970
1158 1971
1159 1972
1160 1973
1161 1974
1162 1984
1163 1988
1164 1989
1165 1986
1166 1975
1167 1976
1168 1977
1169 1855
1170 1856
1171 1859
1172 1860
1173 1861
1174 1874
1175 1885
1176 1887
1177 1892
1178 1893
1179 1894
1180 1895
1181 2060
1182 1943
1183 1944
1184 1945
1185 2061
1186 2062
1187 2063
1188 2064
1189 2065
1190 2066
1191 2067
1192 2068
1193 2032
1194 2070
1195 2022
1196 2071
1197 2083
1198 1896
1199 1927
1200 1946
1201 1947
1202 1948
1203 1991
1204 1992
1205 2012
1206 2013
1207 1995
1208 1996
1209 1997
1210 1998
1211 1999
1212 2000
1213 2015
1214 2016
1215 2033
1216 2034
1217 2072
1218 2073
1219 2074
1220 2037
1221 2075
1222 2076
1223 2077
1224 2078
1225 2038
1226 2079
1227 2081
1228 2080
1229 2084
1230 2082
1231 2085
1232 2069
1233 2001
1234 2086
1235 2094
1236 1862
1237 1875
1238 1886
1239 1888
1240 2090
1241 2024
1242 1909
1243 2025
1244 1910
1245 1911
1246 1912
1247 2028
1248 1897
1249 1898
1250 1931
1251 1934
1252 2017
1253 2041
1254 1949
1255 2030
1256 2091
1257 2092
1258 2093
1259 2018
1260 2097
1261 1864
1262 2095
1263 1950
1264 2096
1265 1877
1266 1901
1267 1903
1268 1902
1269 1904
1270 1905
1271 2098
1272 2102
1273 1899
1274 1952
1275 1954
1276 2014
1277 2002
1278 2020
1279 2035
1280 2100
1281 2042
1282 2106
1283 2109
1284 2108
1285 2039
1286 2044
1287 2110
1288 1863
1289 1865
1290 1876
1291 1900
1292 1878
1293 1906
1294 1932
1295 1951
1296 1953
1297 1955
1298 2026
1299 2103
1300 2104
1301 2019
1302 2003
1303 2029
1304 2036
1305 2099
1306 2101
1307 2105
1308 2043
1309 2107
1310 2045
1311 2111
1312 232
1313 84
1314 120
1315 244
1316 238
1317 235
1318 239
1319 865
1320 241
1321 390
1322 535
1323 2183
1324 2184
1325 2185
1326 85
1327 87
1328 86
1329 121
1330 233
1331 123
1332 236
1333 122
1334 254
1335 257
1336 273
1337 247
1338 250
1339 248
1340 270
1341 258
1342 249
1343 251
1344 271
1345 259
1346 260
1347 261
1348 262
1349 267
1350 252
1351 272
1352 268
1353 255
1354 256
1355 263
1356 269
1357 531
1358 533
1359 446
1360 994
1361 992
1362 995
1363 996
1364 452
1365 453
1366 450
1368 451
1369 455
1370 454
1371 456
1373 540
1374 541
1375 542
1376 543
1377 585
1378 683
1379 1032
1380 1033
1381 1034
1382 1047
1383 1018
1384 1019
1385 1035
1386 1048
1387 1058
1388 1022
1389 1752
1390 1023
1391 1059
1392 1050
1393 1060
1394 1775
1395 1024
1396 1025
1397 1756
1399 1026
1400 1027
1401 1043
1402 1062
1403 1063
1404 1061
1405 1051
1406 1064
1407 1052
1408 1037
1409 1038
1410 1039
1411 1044
1412 1045
1413 1046
1414 1055
1415 1056
1416 1057
1417 1065
1418 1790
1420 1427
1421 1424
1422 1428
1423 1429
1424 1421
1426 1430
1427 1420
1428 1422
1429 1423
1430 1426
1431 2117
1432 2114
1433 2115
1434 2205
1435 2217
1436 2222
1437 2206
1438 2249
1439 2267
1440 2268
1441 2233
1442 2256
1443 2269
1444 2234
1445 2235
1446 2257
1447 2237
1448 2253
1449 2270
1450 2259
1451 2273
1452 2228
1453 2238
1454 2248
1455 2250
1456 2258
1457 2271
1458 2272
1459 2260
1460 2274
1461 2251
1462 2275
1463 2239
1464 2240
1465 2229
1466 2284
1467 2230
1468 2285
1469 2286
1470 2261
1471 2276
1472 2278
1473 2231
1474 2243
1475 2254
1476 2277
1477 2262
1478 2279
1479 2236
1480 2241
1481 2242
1482 2232
1483 2244
1484 2255
1485 2263
1486 2264
1487 2280
1488 70
1489 71
1490 72
1491 73
1492 240
1493 74
1494 75
1495 77
1496 76
1497 78
1498 92
1499 101
1500 93
1501 102
1502 97
1503 103
1504 94
1505 104
1506 245
1507 88
1508 89
1509 91
1510 95
1511 205
1512 105
1513 106
1514 96
1515 107
1516 108
1517 90
1518 98
1519 100
1520 99
1521 109
1522 110
1523 111
1524 112
1525 231
1526 130
1527 133
1528 124
1529 234
1530 125
1531 237
1532 127
1533 128
1534 427
1535 242
1536 866
1537 253
1538 134
1539 135
1540 265
1541 136
1542 137
1543 264
1544 140
1545 129
1546 139
1547 126
1548 131
1549 132
1550 138
1551 141
1552 445
1553 266
1554 243
1555 246
1556 319
1557 341
1558 320
1559 342
1560 280
1561 285
1562 288
1563 307
1564 321
1565 322
1566 343
1567 375
1568 894
1569 944
1570 274
1571 277
1572 275
1573 281
1574 282
1575 301
1576 302
1577 867
1578 310
1579 853
1580 290
1581 344
1582 345
1583 308
1584 291
1585 346
1586 347
1587 303
1588 377
1589 311
1590 376
1591 289
1592 292
1593 323
1594 324
1595 348
1596 378
1597 953
1598 276
1599 278
1600 283
1601 304
1602 868
1603 313
1604 312
1605 314
1606 315
1608 869
1609 316
1610 370
1611 309
1612 293
1613 325
1614 326
1615 349
1616 371
1617 986
1618 352
1619 350
1620 368
1621 294
1622 327
1623 328
1624 351
1625 369
1626 987
1627 366
1628 295
1629 329
1630 335
1631 357
1632 367
1633 988
1634 364
1635 317
1636 306
1637 296
1638 353
1639 330
1640 336
1641 358
1642 365
1643 989
1644 338
1645 360
1646 299
1647 381
1648 383
1649 279
1650 284
1651 305
1652 318
1653 870
1654 298
1655 379
1656 380
1657 286
1658 287
1659 297
1660 300
1661 331
1662 332
1663 333
1664 334
1665 339
1666 340
1667 354
1668 355
1669 337
1670 356
1671 359
1672 361
1674 362
1675 363
1676 372
1677 382
1678 384
1679 373
1680 374
1681 385
1682 386
1683 990
1684 991
1685 532
1686 534
1687 391
1688 392
1689 536
1690 1978
1691 393
1692 544
1693 394
1694 545
1695 537
1696 538
1697 539
1698 447
1699 448
1700 449
1701 993
1702 997
1703 764
1704 1004
1705 1007
1706 1000
1707 998
1708 1001
1709 1008
1710 1013
1711 1014
1712 1068
1713 1005
1714 1011
1715 1016
1716 999
1717 1002
1718 1006
1719 1009
1720 1010
1721 1015
1722 1012
1724 1069
1725 1070
1726 1074
1727 1078
1728 1076
1729 1079
1730 1003
1731 1017
1732 397
1733 586
1734 411
1735 684
1736 464
1737 465
1738 1020
1739 1021
1740 470
1741 471
1742 459
1743 460
1744 472
1745 480
1746 488
1747 485
1748 489
1749 1036
1750 1049
1751 457
1752 1389
1753 466
1754 467
1756 1397
1757 468
1758 1028
1759 1029
1761 1030
1762 458
1763 469
1764 1031
1765 476
1766 462
1767 481
1768 490
1769 1053
1770 1066
1771 482
1772 1054
1773 461
1774 463
1775 1394
1776 473
1777 474
1778 475
1779 477
1780 478
1781 479
1783 483
1784 484
1785 491
1786 486
1787 492
1788 487
1789 493
1790 1418
1791 1040
1792 1041
1793 1042
1794 1067
1796 1071
1797 1072
1798 1073
1799 1075
1800 1080
1801 1077
1802 1081
1803 546
1804 547
1805 552
1806 553
1807 1849
1808 1979
1809 1980
1810 556
1811 548
1812 565
1813 555
1814 2207
1815 549
1816 566
1817 554
1818 557
1819 550
1820 559
1821 560
1822 561
1823 567
1824 571
1825 2087
1826 558
1827 572
1828 574
1829 576
1830 551
1831 562
1832 563
1833 568
1834 564
1835 569
1836 573
1837 575
1838 577
1839 1854
1840 2088
1841 2089
1842 570
1843 587
1844 589
1845 750
1846 754
1847 588
1848 590
1849 1807
1850 751
1851 755
1852 765
1853 766
1854 1839
1855 1169
1856 1170
1857 1096
1858 1097
1859 1171
1860 1172
1861 1173
1862 1236
1863 1288
1864 1261
1865 1289
1866 1082
1867 1083
1868 1146
1869 1147
1870 1098
1871 1111
1872 1099
1873 1112
1874 1174
1875 1237
1876 1290
1877 1265
1878 1292
1879 1084
1880 1085
1881 1148
1882 1149
1883 1150
1884 1151
1885 1175
1886 1238
1887 1176
1888 1239
1889 1100
1890 1113
1891 1122
1892 1177
1893 1178
1894 1179
1895 1180
1896 1198
1897 1248
1898 1249
1899 1273
1900 1291
1901 1266
1902 1268
1903 1267
1904 1269
1905 1270
1906 1293
1909 1242
1910 1244
1911 1245
1912 1246
1913 1086
1915 1088
1916 1089
1918 1152
1919 1153
1920 1968
1922 1090
1923 1154
1924 1087
1925 1091
1926 1155
1927 1199
1928 1123
1929 1115
1930 1125
1931 1250
1932 1294
1933 1116
1934 1251
1935 1114
1936 1124
1938 1101
1939 1102
1940 1103
1941 1126
1943 1182
1944 1183
1945 1184
1946 1200
1947 1201
1948 1202
1949 1254
1950 1263
1951 1295
1952 1274
1953 1296
1954 1275
1955 1297
1956 2059
1958 1132
1959 1133
1960 1134
1961 1138
1962 1142
1963 1140
1964 1143
1965 1092
1966 1093
1968 1920
1969 1156
1970 1157
1971 1158
1972 1159
1973 1160
1974 1161
1975 1166
1976 1167
1977 1168
1978 1690
1979 1808
1980 1809
1982 1983
1983 1982
1984 1162
1985 1094
1986 1165
1987 1095
1988 1163
1989 1164
1991 1203
1992 1204
1993 1107
1994 1135
1995 1207
1996 1208
1997 1209
1998 1210
1999 1211
2000 1212
2001 1233
2002 1277
2003 1302
2004 1117
2005 1128
2006 1136
2007 1137
2008 1139
2009 1144
2010 1141
2011 1145
2012 1205
2013 1206
2014 1276
2015 1213
2016 1214
2017 1252
2018 1259
2019 1301
2020 1278
2022 1195
2023 1127
2024 1241
2025 1243
2026 1298
2027 1129
2028 1247
2029 1303
2030 1255
2031 1130
2032 1193
2033 1215
2034 1216
2035 1279
2036 1304
2037 1220
2038 1225
2039 1285
2040 1118
2041 1253
2042 1281
2043 1308
2044 1286
2045 1310
2047 2112
2048 1104
2049 1105
2050 1106
2051 1108
2052 1109
2053 1110
2054 1119
2055 1120
2056 1121
2057 1131
2059 1956
2060 1181
2061 1185
2062 1186
2063 1187
2064 1188
2065 1189
2066 1190
2067 1191
2068 1192
2069 1232
2070 1194
2071 1196
2072 1217
2073 1218
2074 1219
2075 1221
2076 1222
2077 1223
2078 1224
2079 1226
2080 1228
2081 1227
2082 1230
2083 1197
2084 1229
2085 1231
2086 1234
2087 1825
2088 1840
2089 1841
2090 1240
2091 1256
2092 1257
2093 1258
2094 1235
2095 1262
2096 1264
2097 1260
2098 1271
2099 1305
2100 1280
2101 1306
2102 1272
2103 1299
2104 1300
2105 1307
2106 1282
2107 1309
2108 1284
2109 1283
2110 1287
2111 1311
2112 2047
2114 1432
2115 1433
2116 2118
2117 1431
2118 2116
2119 2423
2120 2428
2121 2429
2122 2343
2123 2164
2124 2168
2125 2489
2126 2424
2127 2430
2128 2458
2129 2492
2130 2146
2131 2165
2132 2166
2133 2147
2134 2169
2135 2170
2136 2198
2137 2288
2138 2344
2139 2411
2140 2415
2141 2490
2142 2491
2143 2459
2144 2493
2145 2345
2146 2130
2147 2133
2148 2346
2149 2403
2150 2306
2151 2460
2152 2494
2154 2167
2156 2171
2157 2347
2158 2325
2159 2350
2160 2443
2161 2462
2162 2495
2163 2496
2164 2123
2165 2131
2166 2132
2167 2154
2168 2124
2169 2134
2170 2135
2171 2156
2172 2307
2173 2348
2174 2349
2175 2326
2176 2351
2177 2409
2178 2444
2179 2456
2180 2461
2181 2463
2182 2497
2183 1323
2184 1324
2185 1325
2186 2194
2187 2196
2188 2197
2189 2199
2190 2200
2191 2201
2192 2202
2193 2203
2194 2186
2195 2204
2196 2187
2197 2188
2198 2136
2199 2189
2200 2190
2201 2191
2202 2192
2203 2193
2204 2195
2205 1434
2206 1437
2207 1814
2208 2215
2209 2216
2210 2218
2211 2219
2212 2220
2213 2226
2214 2227
2215 2208
2216 2209
2217 1435
2218 2210
2219 2211
2220 2212
2222 1436
2223 2425
2224 2431
2225 2432
2226 2213
2227 2214
2228 1452
2229 1465
2230 1467
2231 1473
2232 1482
2233 1441
2234 1444
2235 1445
2236 1479
2237 1447
2238 1453
2239 1463
2240 1464
2241 1480
2242 1481
2243 1474
2244 1483
2245 2252
2246 2281
2247 2282
2248 1454
2249 1438
2250 1455
2251 1461
2252 2245
2253 1448
2254 1475
2255 1484
2256 1442
2257 1446
2258 1456
2259 1450
2260 1459
2261 1470
2262 1477
2263 1485
2264 1486
2266 2283
2267 1439
2268 1440
2269 1443
2270 1449
2271 1457
2272 1458
2273 1451
2274 1460
2275 1462
2276 1471
2277 1476
2278 1472
2279 1478
2280 1487
2281 2246
2282 2247
2283 2266
2284 1466
2285 1468
2286 1469
2288 2137
2289 2352
2290 2353
2291 2354
2292 2355
2293 2356
2294 2357
2295 2404
2296 2375
2297 2298
2298 2297
2299 2308
2301 2359
2302 2360
2303 2451
2304 2464
2305 2499
2306 2150
2307 2172
2308 2299
2309 2358
2310 2414
2311 2422
2312 2426
2313 2433
2314 2436
2315 2439
2316 2498
2317 2465
2318 2500
2319 2501
2320 2502
2321 2503
2322 2504
2323 2505
2324 2506
2325 2158
2326 2175
2327 2361
2329 2362
2330 2447
2331 2468
2332 2511
2333 2470
2334 2513
2335 2472
2336 2515
2337 2474
2338 2517
2339 2476
2340 2519
2341 2520
2343 2122
2344 2138
2345 2145
2346 2148
2347 2157
2348 2173
2349 2174
2350 2159
2351 2176
2352 2289
2353 2290
2354 2291
2355 2292
2356 2293
2357 2294
2358 2309
2359 2301
2360 2302
2361 2327
2362 2329
2364 2369
2365 2370
2366 2371
2367 2372
2368 2373
2369 2364
2370 2365
2371 2366
2372 2367
2373 2368
2375 2296
2376 2412
2377 2440
2378 2445
2379 2446
2380 2448
2381 2449
2382 2450
2383 2507
2384 2466
2385 2508
2386 2467
2387 2509
2388 2510
2389 2469
2390 2512
2391 2471
2392 2514
2393 2473
2394 2516
2395 2475
2396 2518
2397 2477
2398 2416
2399 2417
2400 2418
2401 2419
2402 2521
2403 2149
2404 2295
2405 2413
2406 2420
2407 2522
2408 2523
2409 2177
2410 2524
2411 2139
2412 2376
2413 2405
2414 2310
2415 2140
2416 2398
2417 2399
2418 2400
2419 2401
2420 2406
2422 2311
2423 2119
2424 2126
2425 2223
2426 2312
2427 2527
2428 2120
2429 2121
2430 2127
2431 2224
2432 2225
2433 2313
2434 2528
2435 2529
2436 2314
2437 2478
2438 2530
2439 2315
2440 2377
2441 2479
2442 2531
2443 2160
2444 2178
2445 2378
2446 2379
2447 2330
2448 2380
2449 2381
2450 2382
2451 2303
2453 2480
2454 2536
2455 2537
2456 2179
2457 2538
2458 2128
2459 2143
2460 2151
2461 2180
2462 2161
2463 2181
2464 2304
2465 2317
2466 2384
2467 2386
2468 2331
2469 2389
2470 2333
2471 2391
2472 2335
2473 2393
2474 2337
2475 2395
2476 2339
2477 2397
2478 2437
2479 2441
2480 2453
2481 2532
2482 2533
2483 2541
2484 2543
2485 2545
2486 2544
2487 2542
2489 2125
2490 2141
2491 2142
2492 2129
2493 2144
2494 2152
2495 2162
2496 2163
2497 2182
2498 2316
2499 2305
2500 2318
2501 2319
2502 2320
2503 2321
2504 2322
2505 2323
2506 2324
2507 2383
2508 2385
2509 2387
2510 2388
2511 2332
2512 2390
2513 2334
2514 2392
2515 2336
2516 2394
2517 2338
2518 2396
2519 2340
2520 2341
2521 2402
2522 2407
2523 2408
2524 2410
2527 2427
2528 2434
2529 2435
2530 2438
2531 2442
2532 2481
2533 2482
2534 2539
2535 2540
2536 2454
2537 2455
2538 2457
2539 2534
2540 2535
2541 2483
2542 2487
2543 2484
2544 2486
2545 2485
2557 3539
2558 3542
2559 3543
2563 3562
2564 3649
2565 3650
2567 3662
2568 3663
2571 3665
2572 3667
2573 3668
2574 3676
2575 3677
2576 3678
2577 3814
2578 3815
2580 3817
2581 3874
2582 3875
2585 3877
2586 3879
2587 3880
2588 3882
2589 3883
2590 3889
2591 3891
2595 3892
2596 3900
2597 3912
2598 3914
2599 3913
2601 4860
2602 4861
2603 4863
2604 4865
2605 4866
2611 5098
2612 5099
2613 5101
2614 5103
2615 5104
2631 5118
2632 5120
2633 5122
2634 5123
2635 5129
2636 5130
2637 5140
2638 5174
2639 5175
2640 5176
2641 5177
2642 5178
2643 5179
2644 5180
2645 5181
2646 5182
2647 5189
2648 5190
2649 5192
2653 5193
2654 5212
2655 5213
2656 5214
2659 5215
2660 5217
2670 5221
2671 7696
2672 7731
2678 7897
2679 7898
2684 7937
2689 8428
2695 8534
2700 8539
2709 5219
2745 3540
2746 3541
2747 3651
2748 3816
2749 4862
2750 3545
2751 3548
2752 3664
2753 3876
2754 5100
2755 3546
2756 3549
2757 3675
2758 3886
2759 5121
2792 3569
2793 3585
2794 3901
2795 5183
2796 5184
2797 3570
2798 3586
2799 3902
2800 5185
2801 3571
2802 3587
2803 3903
2804 5186
2805 5187
2806 3595
2807 3911
2808 3652
2809 3653
2810 3655
2811 3818
2812 4864
2814 3654
2815 3656
2816 4867
2820 3680
2821 3681
2822 3700
2823 3878
2824 5102
2827 3682
2828 3701
2829 5105
2842 3683
2843 3686
2844 3706
2845 3915
2846 5126
2847 5201
2848 5202
2849 5203
2850 3684
2852 3917
2853 3916
2854 5204
2855 3687
2856 3688
2857 3717
2858 5155
2859 3695
2860 3733
2861 5236
2862 5237
2863 3696
2864 3734
2865 5238
2866 3697
2867 3735
2868 5239
2871 5240
2880 3698
2881 3736
2882 5241
2883 3819
2884 3820
2886 3822
2887 3824
2888 4868
2889 3821
2890 3825
2891 4869
2892 5075
2896 3823
2897 3827
2898 3938
2899 3939
2902 3941
2903 3997
2904 5106
2905 3940
2906 3998
2907 5107
2915 3942
2916 4000
2917 3943
2918 3945
2919 3952
2920 3953
2921 3962
2922 3975
2923 4002
2924 5168
2925 3954
2927 3948
2928 4012
2934 5170
2935 4050
2936 4051
2937 4052
2938 4053
2939 3949
2940 4013
2941 5171
2942 3963
2948 5257
2950 4039
2951 4055
2952 4056
2953 4057
2954 4058
2955 3965
2956 4030
2967 3966
2968 4031
2970 5259
2971 3974
2972 4040
2973 5260
2974 3976
2975 4042
2976 3978
2977 3977
2978 4044
2979 4043
2999 4879
3000 4880
3001 4882
3002 4884
3003 4897
3004 4881
3005 4898
3006 4883
3007 4885
3008 5085
3009 4900
3010 4886
3011 4887
3012 4902
3013 4888
3014 4904
3030 5329
3031 5330
3032 5332
3033 5334
3034 5545
3035 5331
3036 5546
3037 5333
3038 5335
3039 5548
3040 5337
3041 5338
3042 5550
3043 5339
3044 5552
3085 5348
3086 5350
3087 5352
3088 5359
3089 5565
3090 5351
3091 5569
3092 5355
3093 5361
3094 5572
3100 5775
3101 5777
3102 5776
3103 5778
3104 5356
3105 5362
3106 5573
3107 5363
3108 5364
3109 5371
3110 5581
3112 5386
3113 5601
3140 5402
3141 5405
3142 5406
3143 5417
3144 5657
3145 5407
3146 5418
3147 5658
3148 5419
3149 5659
3150 5420
3151 5660
3152 5411
3153 5412
3154 5668
3155 5669
3156 5413
3157 5670
3158 5414
3159 5671
3160 5415
3161 5416
3162 5672
3163 5673
3164 5428
3165 5441
3172 5429
3173 5443
3174 5680
3175 5770
3176 5772
3177 5771
3178 5773
3182 5431
3184 5687
3191 5432
3193 5445
3194 5688
3195 5682
3196 5446
3197 5450
3198 5451
3199 5697
3200 5447
3201 5452
3202 5698
3203 5448
3204 5453
3205 5699
3207 5454
3214 5455
3215 5700
3242 5471
3247 5475
3268 5474
3269 7702
3270 7748
3285 7761
3286 7786
3287 7765
3289 7930
3337 7939
3339 8493
3364 7992
3365 7975
3366 8025
3367 8543
3393 8546
3398 8577
3431 8699
3438 8658
3439 8659
3440 8819
3512 8736
3513 8739
3529 8663
3530 8826
3539 2557
3540 2745
3541 2746
3542 2558
3543 2559
3544 3893
3545 2750
3546 2755
3547 5194
3548 2751
3549 2756
3552 5222
3554 3601
3558 3604
3562 2563
3566 7934
3569 2792
3570 2797
3571 2801
3572 4611
3573 8522
3585 2793
3586 2798
3587 2802
3588 3669
3590 5131
3592 5143
3593 5268
3595 2806
3598 4616
3599 8523
3601 3554
3604 3558
3606 3756
3607 3759
3612 3762
3631 3770
3639 7721
3642 8027
3649 2564
3650 2565
3651 2747
3652 2808
3653 2809
3654 2814
3655 2810
3656 2815
3662 2567
3663 2568
3664 2752
3665 2571
3666 3967
3667 2572
3668 2573
3669 3588
3670 3904
3671 3955
3672 4003
3673 4032
3675 2757
3676 2574
3677 2575
3678 2576
3680 2820
3681 2821
3682 2827
3683 2842
3684 2850
3685 5433
3686 2843
3687 2855
3688 2856
3689 3707
3690 5205
3691 5421
3692 5661
3693 5689
3695 2859
3696 2863
3697 2866
3698 2880
3700 2822
3701 2828
3706 2844
3707 3689
3710 5365
3712 5389
3714 5476
3717 2857
3721 3737
3722 5242
3727 5610
3729 5456
3730 5701
3731 5742
3733 2860
3734 2864
3735 2867
3736 2881
3737 3721
3738 5159
3741 5276
3743 5374
3744 5502
3745 5584
3748 5615
3750 5244
3751 5458
3756 3606
3759 3607
3762 3612
3770 3631
3792 7831
3795 7832
3801 7836
3809 8031
3813 8860
3814 2577
3815 2578
3816 2748
3817 2580
3818 2811
3819 2883
3820 2884
3821 2889
3822 2886
3823 2896
3824 2887
3825 2890
3827 2897
3829 4085
3834 5888
3874 2581
3875 2582
3876 2753
3877 2585
3878 2823
3879 2586
3880 2587
3881 3895
3882 2588
3883 2589
3885 3897
3886 2758
3888 5223
3889 2590
3891 2591
3892 2595
3893 3544
3895 3881
3897 3885
3898 3919
3900 2596
3901 2794
3902 2799
3903 2803
3904 3670
3906 5132
3908 5144
3909 5269
3911 2807
3912 2597
3913 2599
3914 2598
3915 2845
3916 2853
3917 2852
3918 4086
3919 3898
3920 4087
3932 4088
3938 2898
3939 2899
3940 2905
3941 2902
3942 2915
3943 2917
3944 5196
3945 2918
3947 5228
3948 2927
3949 2939
3951 5198
3952 2919
3953 2920
3954 2925
3955 3671
3957 5133
3959 5148
3960 5270
3962 2921
3963 2942
3965 2955
3966 2967
3967 3666
3969 5119
3971 5125
3972 5266
3974 2971
3975 2922
3976 2974
3977 2977
3978 2976
3979 5889
3980 5890
3982 5199
3995 5891
3996 5896
3997 2903
3998 2906
4000 2916
4002 2923
4003 3672
4006 5134
4008 5149
4010 5229
4012 2928
4013 2940
4015 5152
4018 5234
4030 2956
4031 2968
4032 3673
4034 5135
4036 5153
4037 5271
4039 2950
4040 2972
4042 2975
4043 2979
4044 2978
4045 5619
4046 5897
4047 5937
4048 5898
4050 2935
4051 2936
4052 2937
4053 2938
4054 5932
4055 2951
4056 2952
4057 2953
4058 2954
4059 5933
4078 5899
4084 5872
4085 3829
4086 3918
4087 3920
4088 3932
4089 7697
4090 7899
4091 7903
4094 4113
4095 4122
4096 4123
4097 4127
4098 7698
4101 7739
4102 7756
4103 7759
4104 7900
4107 7904
4108 7931
4111 4116
4113 4094
4115 4128
4116 4111
4117 4131
4118 5905
4119 7906
4122 4095
4123 4096
4127 4097
4128 4115
4131 4117
4132 5906
4133 4135
4135 4133
4137 4743
4140 4744
4143 4745
4146 4748
4150 4750
4162 4751
4183 4922
4184 5261
4185 5291
4186 5305
4187 7732
4188 8429
4189 8439
4192 8472
4193 5262
4194 5292
4195 5306
4196 7743
4197 8461
4198 8473
4199 4923
4200 8474
4208 4924
4209 5264
4228 5990
4229 6069
4230 6081
4231 6092
4232 7733
4233 7755
4235 8430
4236 8504
4238 8440
4239 8506
4242 8464
4243 8508
4244 8536
4245 5993
4246 8514
4247 5971
4248 6093
4251 5972
4252 5974
4254 5973
4255 5991
4256 6094
4258 6086
4260 5975
4261 5992
4263 6096
4264 5994
4269 6120
4271 6109
4273 6033
4274 6074
4275 6082
4276 6097
4277 7700
4279 7746
4280 7758
4282 7907
4283 7932
4285 7925
4286 7933
4288 8431
4290 8433
4291 8505
4293 8441
4294 8507
4296 8466
4297 8509
4299 8510
4302 6039
4303 8518
4304 8449
4305 8535
4306 8516
4307 7953
4308 7969
4309 7974
4310 5996
4311 6034
4312 6098
4313 5997
4314 6035
4315 6099
4316 5999
4317 6036
4318 6100
4323 5998
4326 6002
4330 6003
4331 6004
4332 6005
4333 6006
4335 6007
4336 6008
4337 6009
4338 6010
4339 6000
4340 6037
4341 6101
4342 6040
4347 6088
4349 6038
4350 6103
4351 8419
4353 8526
4355 8541
4356 8542
4357 6041
4362 6121
4369 6114
4370 7723
4371 8029
4372 8845
4374 8846
4376 8847
4385 8041
4398 8036
4406 8034
4407 8035
4416 8049
4419 8037
4423 8038
4430 8054
4431 8043
4432 8056
4434 8057
4438 8850
4442 8874
4443 8881
4447 8883
4448 8933
4450 8882
4471 8875
4472 8877
4474 8876
4481 8982
4484 8879
4487 8986
4491 8880
4497 8983
4498 8990
4500 8991
4503 8976
4505 8913
4518 8887
4522 8891
4523 8892
4524 8896
4525 8925
4526 8903
4530 8893
4533 8898
4540 8949
4541 8950
4545 8907
4548 8988
4564 8987
4565 8914
4571 8993
4574 8984
4577 8994
4579 8995
4585 4713
4586 4724
4587 4731
4601 5108
4611 3572
4612 7966
4616 3598
4617 8012
4619 8528
4620 4716
4621 4722
4622 4732
4631 5336
4645 4717
4646 4723
4647 4733
4651 8639
4653 8642
4657 4729
4658 8792
4710 4714
4711 4725
4712 4734
4713 4585
4714 4710
4716 4620
4717 4645
4722 4621
4723 4646
4724 4586
4725 4711
4729 4657
4730 8645
4731 4587
4732 4622
4733 4647
4734 4712
4741 8794
4743 4137
4744 4140
4745 4143
4748 4146
4750 4150
4751 4162
4753 6124
4754 6127
4755 6130
4756 6133
4759 6136
4766 6139
4768 6144
4770 6151
4807 6167
4824 6189
4855 9052
4858 9054
4860 2601
4861 2602
4862 2749
4863 2603
4864 2812
4865 2604
4866 2605
4867 2816
4868 2888
4869 2891
4879 2999
4880 3000
4881 3004
4882 3001
4883 3006
4884 3002
4885 3007
4886 3010
4887 3011
4888 3013
4897 3003
4898 3005
4900 3009
4902 3012
4904 3014
4922 4183
4923 4199
4924 4208
4927 5308
4928 7744
4929 8462
4930 8475
4938 6358
5075 2892
5085 3008
5098 2611
5099 2612
5100 2754
5101 2613
5102 2824
5103 2614
5104 2615
5105 2829
5106 2904
5107 2907
5108 4601
5118 2631
5119 3969
5120 2632
5121 2759
5122 2633
5123 2634
5125 3971
5126 2846
5128 5477
5129 2635
5130 2636
5131 3590
5132 3906
5133 3957
5134 4006
5135 4034
5140 2637
5143 3592
5144 3908
5148 3959
5149 4008
5152 4015
5153 4036
5155 2858
5159 3738
5160 5243
5164 5457
5165 5702
5166 5743
5168 2924
5170 2934
5171 2941
5173 8886
5174 2638
5175 2639
5176 2640
5177 2641
5178 2642
5179 2643
5180 2644
5181 2645
5182 2646
5183 2795
5184 2796
5185 2800
5186 2804
5187 2805
5189 2647
5190 2648
5192 2649
5193 2653
5194 3547
5196 3944
5198 3951
5199 3982
5201 2847
5202 2848
5203 2849
5204 2854
5205 3690
5207 5366
5209 5390
5210 5507
5212 2654
5213 2655
5214 2656
5215 2659
5217 2660
5219 2709
5221 2670
5222 3552
5223 3888
5228 3947
5229 4010
5234 4018
5236 2861
5237 2862
5238 2865
5239 2868
5240 2871
5241 2882
5242 3722
5243 5160
5244 3750
5245 5277
5248 5375
5249 5585
5250 5503
5251 5787
5254 5616
5257 2948
5259 2970
5260 2973
5261 4184
5262 4193
5263 5917
5264 4209
5265 5938
5266 3972
5268 3593
5269 3909
5270 3960
5271 4037
5276 3741
5277 5245
5278 5459
5279 5703
5291 4185
5292 4194
5293 5918
5305 4186
5306 4195
5307 5919
5308 4927
5327 6342
5328 6344
5329 3030
5330 3031
5331 3035
5332 3032
5333 3037
5334 3033
5335 3038
5336 4631
5337 3040
5338 3041
5339 3043
5348 3085
5349 5435
5350 3086
5351 3090
5352 3087
5354 5482
5355 3092
5356 3104
5358 5437
5359 3088
5361 3093
5362 3105
5363 3107
5364 3108
5365 3710
5366 5207
5367 5423
5368 5663
5369 5691
5371 3109
5374 3743
5375 5248
5380 5462
5381 5706
5382 5748
5386 3112
5389 3712
5390 5209
5396 5575
5398 5425
5399 5665
5400 5693
5402 3140
5405 3141
5406 3142
5407 3145
5411 3152
5412 3153
5413 3156
5414 3158
5415 3160
5416 3161
5417 3143
5418 3146
5419 3148
5420 3150
5421 3691
5423 5367
5425 5398
5426 5508
5428 3164
5429 3172
5431 3182
5432 3191
5433 3685
5435 5349
5437 5358
5438 5501
5441 3165
5443 3173
5445 3193
5446 3196
5447 3200
5448 3203
5450 3197
5451 3198
5452 3201
5453 3204
5454 3207
5455 3214
5456 3729
5457 5164
5458 3751
5459 5278
5462 5380
5463 5593
5464 5504
5465 5788
5468 5647
5471 3242
5474 3268
5475 3247
5476 3714
5477 5128
5482 5354
5483 5568
5488 5578
5490 6359
5491 6365
5492 6570
5493 6554
5494 6619
5501 5438
5502 3744
5503 5250
5504 5464
5505 5708
5507 5210
5508 5426
5509 5666
5510 5694
5514 6360
5515 6366
5516 6571
5542 6361
5543 6367
5544 6572
5545 3034
5546 3036
5548 3039
5550 3042
5552 3044
5565 3089
5568 5483
5569 3091
5572 3094
5573 3106
5575 5396
5578 5488
5581 3110
5584 3745
5585 5249
5591 5634
5593 5463
5594 5707
5595 5749
5601 3113
5610 3727
5615 3748
5616 5254
5619 4045
5634 5591
5647 5468
5648 5712
5655 5754
5657 3144
5658 3147
5659 3149
5660 3151
5661 3692
5663 5368
5665 5399
5666 5509
5668 3154
5669 3155
5670 3157
5671 3159
5672 3162
5673 3163
5680 3174
5682 3195
5687 3184
5688 3194
5689 3693
5691 5369
5693 5400
5694 5510
5697 3199
5698 3202
5699 3205
5700 3215
5701 3730
5702 5165
5703 5279
5706 5381
5707 5594
5708 5505
5712 5648
5742 3731
5743 5166
5748 5382
5749 5595
5754 5655
5757 6373
5758 6576
5759 6555
5760 6620
5770 3175
5771 3177
5772 3176
5773 3178
5774 6401
5775 3100
5776 3102
5777 3101
5778 3103
5779 6400
5787 5251
5788 5465
5797 6374
5798 6577
5834 6375
5835 6578
5872 4084
5873 5885
5877 5878
5878 5877
5879 5880
5880 5879
5881 5883
5882 5884
5883 5881
5884 5882
5885 5873
5886 5887
5887 5886
5888 3834
5889 3979
5890 3980
5891 3995
5892 7703
5893 7940
5894 7956
5896 3996
5897 4046
5898 4048
5899 4078
5900 7713
5901 7915
5902 7948
5903 7979
5904 7993
5905 4118
5906 4132
5908 5915
5909 7717
5910 7919
5911 7952
5912 7981
5913 7995
5915 5908
5917 5263
5918 5293
5919 5307
5920 7751
5921 8435
5922 7960
5923 8496
5924 8501
5932 4054
5933 4059
5937 4047
5938 5265
5971 4247
5972 4251
5973 4254
5974 4252
5975 4260
5976 7704
5977 7706
5978 7707
5980 7777
5981 7789
5982 7791
5983 7941
5984 7967
5986 7957
5987 7970
5990 4228
5991 4255
5992 4261
5993 4245
5994 4264
5995 7740
5996 4310
5997 4313
5998 4323
5999 4316
6000 4339
6001 7757
6002 4326
6003 4330
6004 4331
6005 4332
6006 4333
6007 4335
6008 4336
6009 4337
6010 4338
6011 7760
6012 7714
6013 7918
6015 7935
6018 7779
6019 7804
6020 7787
6021 7825
6022 7792
6023 7830
6024 7951
6025 7980
6026 7968
6027 8016
6030 7994
6033 4273
6034 4311
6035 4314
6036 4317
6037 4340
6038 4349
6039 4302
6040 4342
6041 4357
6042 6058
6043 6077
6044 6061
6045 6083
6046 6104
6047 7754
6048 8436
6049 8515
6051 7961
6052 8499
6053 7972
6055 8502
6058 6042
6059 6062
6060 6105
6061 6044
6062 6059
6063 6106
6069 4229
6074 4274
6077 6043
6081 4230
6082 4275
6083 6045
6086 4258
6088 4347
6092 4231
6093 4248
6094 4256
6096 4263
6097 4276
6098 4312
6099 4315
6100 4318
6101 4341
6103 4350
6104 6046
6105 6060
6106 6063
6109 4271
6114 4369
6117 6122
6120 4269
6121 4362
6122 6117
6124 4753
6127 4754
6130 4755
6133 4756
6136 4759
6139 4766
6144 4768
6151 4770
6167 4807
6189 4824
6342 5327
6343 8617
6344 5328
6345 7808
6346 8482
6347 8604
6348 8715
6349 8746
6358 4938
6359 5490
6360 5514
6361 5542
6362 7762
6363 8547
6364 8571
6365 5491
6366 5515
6367 5543
6368 7768
6369 7927
6370 8553
6371 8580
6372 8585
6373 5757
6374 5797
6375 5834
6376 7796
6377 8448
6378 8564
6379 8672
6380 8700
6400 5779
6401 5774
6402 6490
6403 6500
6404 6513
6405 6516
6406 6534
6407 7763
6411 8548
6414 8572
6416 8640
6418 8597
6419 8647
6420 8660
6421 6608
6422 6616
6423 6492
6424 6503
6425 6514
6426 6519
6427 6539
6428 7771
6429 7928
6432 8554
6433 8583
6436 8586
6439 6479
6440 6551
6441 8467
6442 6699
6443 6777
6444 8519
6445 6791
6446 6833
6447 6826
6448 6827
6449 6828
6450 6829
6451 6782
6452 6835
6453 6819
6454 6820
6455 6821
6456 6822
6457 8537
6458 7798
6459 8453
6460 7824
6461 8517
6464 8569
6465 8674
6466 8638
6470 8705
6473 8600
6474 8730
6475 8649
6476 8797
6477 8661
6478 8820
6479 6439
6480 8574
6482 6552
6483 7797
6484 8450
6485 8566
6486 8673
6487 8701
6490 6402
6491 6535
6492 6423
6494 6540
6495 6662
6496 6700
6497 6863
6500 6403
6503 6424
6508 6663
6513 6404
6514 6425
6515 6664
6516 6405
6518 6537
6519 6426
6521 6542
6522 6665
6523 6701
6524 6778
6525 6783
6526 6836
6527 6864
6532 6846
6534 6406
6535 6491
6537 6518
6539 6427
6540 6494
6542 6521
6544 6666
6545 6702
6546 6779
6548 6784
6549 6837
6550 6865
6551 6440
6552 6482
6554 5493
6555 5759
6556 6567
6559 6568
6564 6941
6567 6556
6568 6559
6569 6897
6570 5492
6571 5516
6572 5544
6573 7782
6574 8595
6575 8621
6576 5758
6577 5798
6578 5835
6579 7813
6580 8487
6581 8609
6582 8720
6583 8751
6608 6421
6609 8622
6611 6617
6612 7785
6613 8599
6614 8623
6616 6422
6617 6611
6619 5494
6620 5760
6662 6495
6663 6508
6664 6515
6665 6522
6666 6544
6667 7705
6668 7920
6669 7936
6671 7938
6672 7784
6673 7788
6674 7790
6676 7958
6677 7971
6679 7965
6680 7973
6682 8550
6683 8565
6684 8637
6686 8657
6687 8557
6688 8636
6690 8575
6691 8641
6693 8598
6694 8648
6697 8653
6699 6442
6700 6496
6701 6523
6702 6545
6706 6769
6707 6780
6708 6798
6709 6834
6718 6785
6719 6841
6728 7718
6732 7826
6733 8520
6738 7999
6740 8010
6742 8677
6745 8688
6747 8706
6752 8651
6753 8798
6769 6706
6771 6873
6777 6443
6778 6524
6779 6546
6780 6707
6781 6874
6782 6451
6783 6525
6784 6548
6785 6718
6786 6875
6791 6445
6798 6708
6819 6453
6820 6454
6821 6455
6822 6456
6826 6447
6827 6448
6828 6449
6829 6450
6833 6446
6834 6709
6835 6452
6836 6526
6837 6549
6841 6719
6843 6876
6846 6532
6863 6497
6864 6527
6865 6550
6866 8421
6868 8650
6870 8665
6871 8666
6873 6771
6874 6781
6875 6786
6876 6843
6878 8423
6879 8544
6880 8424
6881 8545
6884 8654
6885 8799
6886 8655
6887 8800
6890 8829
6897 6569
6899 6935
6906 6942
6935 6899
6941 6564
6942 6906
6947 7724
6948 7726
6949 7728
6950 8032
6951 8848
6952 8030
6953 8033
6954 8849
6955 8011
6956 7858
6957 8855
6958 8864
6959 8854
6960 8856
6961 8865
6964 7855
6968 8852
6969 8857
6970 8866
6973 8862
6975 8858
6976 8867
6990 8915
6992 8955
6994 8093
6995 8090
6999 8092
7003 8094
7017 8084
7018 8086
7020 8167
7022 8183
7025 8111
7031 8124
7032 8128
7041 8114
7042 8129
7045 8959
7050 8916
7075 8803
7078 8960
7079 8804
7080 8961
7081 8805
7082 8962
7090 8085
7092 8117
7098 8120
7105 8917
7141 8087
7148 8134
7153 8088
7154 8138
7155 8180
7162 8074
7180 8236
7182 8999
7184 8079
7185 8105
7186 8222
7187 8091
7188 8107
7189 8162
7192 8872
7193 8108
7194 8240
7195 9000
7197 8070
7198 8076
7212 8859
7213 8868
7214 9001
7222 9111
7226 9112
7231 9197
7241 9149
7250 9156
7255 9320
7256 9542
7258 9274
7267 9279
7268 9276
7280 9232
7283 9480
7284 9233
7285 9481
7286 9234
7287 9482
7295 9151
7297 9157
7299 9287
7305 9294
7314 9150
7318 9286
7319 9291
7356 9127
7357 9254
7358 9706
7362 9152
7365 9259
7370 9302
7372 9754
7382 9153
7383 9303
7384 9539
7402 9129
7406 9263
7408 9770
7410 9133
7411 9255
7412 9707
7413 9261
7415 9102
7417 9262
7418 9264
7419 9774
7432 9248
7433 9272
7434 9687
7443 9184
7445 9159
7447 9165
7450 9222
7451 9161
7452 9448
7453 9459
7454 9495
7455 9497
7456 9325
7457 9562
7458 9332
7467 9519
7468 9339
7469 9565
7470 9603
7471 9604
7476 9163
7477 9182
7478 9166
7479 9328
7482 9444
7483 9445
7484 9446
7485 9563
7487 9334
7507 9171
7510 9175
7511 9355
7512 9574
7513 9357
7520 9367
7521 9470
7523 9471
7525 9472
7526 9576
7544 9174
7546 9359
7577 9227
7579 9502
7580 9575
7581 9488
7582 9508
7583 9516
7584 9533
7586 9131
7592 9180
7596 9395
7597 9729
7603 9581
7612 9582
7631 9256
7632 9727
7633 9185
7634 9464
7638 9124
7639 9125
7652 9266
7654 9780
7657 9114
7658 9135
7660 9257
7662 9709
7666 9183
7668 9267
7669 9453
7673 9110
7674 9268
7675 9788
7696 2671
7697 4089
7698 4098
7700 4277
7701 7715
7702 3269
7703 5892
7704 5976
7705 6667
7706 5977
7707 5978
7713 5900
7714 6012
7715 7701
7716 7908
7717 5909
7718 6728
7721 3639
7723 4370
7724 6947
7726 6948
7728 6949
7729 8253
7730 9069
7731 2672
7732 4187
7733 4232
7739 4101
7740 5995
7743 4196
7744 4928
7746 4279
7748 3270
7751 5920
7754 6047
7755 4233
7756 4102
7757 6001
7758 4280
7759 4103
7760 6011
7761 3285
7762 6362
7763 6407
7765 3287
7768 6368
7771 6428
7777 5980
7778 8465
7779 6018
7782 6573
7784 6672
7785 6612
7786 3286
7787 6020
7788 6673
7789 5981
7790 6674
7791 5982
7792 6022
7796 6376
7797 6483
7798 6458
7804 6019
7808 6345
7813 6579
7824 6460
7825 6021
7826 6732
7830 6023
7831 3792
7832 3795
7836 3801
7844 9399
7845 9397
7846 9400
7847 9401
7848 9403
7849 9402
7850 9405
7855 6964
7858 6956
7872 9454
7875 9465
7876 9862
7879 9846
7880 9847
7881 9848
7882 9849
7885 9861
7888 9868
7896 8837
7897 2678
7898 2679
7899 4090
7900 4104
7903 4091
7904 4107
7906 4119
7907 4282
7908 7716
7915 5901
7918 6013
7919 5910
7920 6668
7925 4285
7927 6369
7928 6429
7930 3289
7931 4108
7932 4283
7933 4286
7934 3566
7935 6015
7936 6669
7937 2684
7938 6671
7939 3337
7940 5893
7941 5983
7948 5902
7951 6024
7952 5911
7953 4307
7954 8438
7956 5894
7957 5986
7958 6676
7960 5922
7961 6051
7965 6679
7966 4612
7967 5984
7968 6026
7969 4308
7970 5987
7971 6677
7972 6053
7973 6680
7974 4309
7975 3365
7979 5903
7980 6025
7981 5912
7986 8469
7992 3364
7993 5904
7994 6030
7995 5913
7999 6738
8010 6740
8011 6955
8012 4617
8016 6027
8025 3366
8027 3642
8029 4371
8030 6952
8031 3809
8032 6950
8033 6953
8034 4406
8035 4407
8036 4398
8037 4419
8038 4423
8039 8904
8040 8153
8041 4385
8043 4431
8049 4416
8054 4430
8056 4432
8057 4434
8070 7197
8074 7162
8076 7198
8079 7184
8084 7017
8085 7090
8086 7018
8087 7141
8088 7153
8090 6995
8091 7187
8092 6999
8093 6994
8094 7003
8098 8941
8105 7185
8107 7188
8108 7193
8111 7025
8114 7041
8117 7092
8120 7098
8124 7031
8128 7032
8129 7042
8134 7148
8138 7154
8140 8836
8141 8839
8144 8842
8148 8838
8153 8040
8159 8963
8162 7189
8165 9792
8167 7020
8180 7155
8181 8954
8183 7022
8184 9806
8185 8840
8186 9596
8222 7186
8236 7180
8240 7194
8253 7729
8255 8259
8259 8255
8266 9918
8267 9919
8268 10048
8269 10035
8270 10044
8273 10039
8274 10045
8276 10046
8277 9920
8278 9921
8280 10070
8281 10103
8282 10087
8283 10069
8284 10068
8285 10091
8286 10111
8287 10081
8288 10095
8289 9901
8290 9898
8291 9907
8293 9904
8294 9913
8295 10036
8297 9876
8298 9922
8299 10130
8300 10140
8301 9993
8302 9899
8303 9961
8304 9917
8305 9909
8306 9902
8307 9912
8308 9916
8309 9908
8310 9877
8311 9958
8312 9967
8313 9960
8314 9897
8315 9962
8316 9968
8317 9910
8318 9878
8319 9880
8320 9970
8321 9965
8323 9906
8324 9959
8325 9963
8326 9969
8327 9964
8328 9900
8329 9966
8331 9911
8335 9971
8336 9914
8337 9879
8338 9881
8339 9882
8340 9883
8341 10037
8342 10038
8343 10051
8344 10047
8345 10141
8346 10179
8347 9887
8348 9888
8349 9884
8356 10055
8358 10131
8361 10182
8362 10136
8363 10157
8366 9923
8367 10151
8369 10137
8370 10158
8373 10169
8377 10177
8379 10142
8380 10160
8406 10153
8413 10161
8414 10170
8419 4351
8420 9404
8421 6866
8422 9886
8423 6878
8424 6880
8425 9398
8426 9020
8427 9078
8428 2689
8429 4188
8430 4235
8431 4288
8433 4290
8435 5921
8436 6048
8438 7954
8439 4189
8440 4238
8441 4293
8448 6377
8449 4304
8450 6484
8453 6459
8461 4197
8462 4929
8464 4242
8465 7778
8466 4296
8467 6441
8469 7986
8472 4192
8473 4198
8474 4200
8475 4930
8482 6346
8487 6580
8493 3339
8496 5923
8499 6052
8501 5924
8502 6055
8503 9903
8504 4236
8505 4291
8506 4239
8507 4294
8508 4243
8509 4297
8510 4299
8514 4246
8515 6049
8516 4306
8517 6461
8518 4303
8519 6444
8520 6733
8522 3573
8523 3599
8526 4353
8528 4619
8531 9875
8532 9885
8534 2695
8535 4305
8536 4244
8537 6457
8539 2700
8541 4355
8542 4356
8543 3367
8544 6879
8545 6881
8546 3393
8547 6363
8548 6411
8550 6682
8551 8675
8553 6370
8554 6432
8557 6687
8564 6378
8565 6683
8566 6485
8569 6464
8571 6364
8572 6414
8574 6480
8575 6690
8576 8676
8577 3398
8580 6371
8583 6433
8585 6372
8586 6436
8595 6574
8597 6418
8598 6693
8599 6613
8600 6473
8604 6347
8609 6581
8615 8696
8617 6343
8621 6575
8622 6609
8623 6614
8626 9981
8627 9994
8628 9978
8629 9982
8630 9991
8631 9979
8632 10000
8636 6688
8637 6684
8638 6466
8639 4651
8640 6416
8641 6691
8642 4653
8645 4730
8647 6419
8648 6694
8649 6475
8650 6868
8651 6752
8653 6697
8654 6884
8655 6886
8657 6686
8658 3438
8659 3439
8660 6420
8661 6477
8663 3529
8665 6870
8666 6871
8672 6379
8673 6486
8674 6465
8675 8551
8676 8576
8677 6742
8688 6745
8696 8615
8699 3431
8700 6380
8701 6487
8705 6470
8706 6747
8715 6348
8720 6582
8730 6474
8736 3512
8739 3513
8746 6349
8751 6583
8767 9980
8768 9995
8769 9983
8770 9992
8771 10001
8792 4658
8794 4741
8797 6476
8798 6753
8799 6885
8800 6887
8803 7075
8804 7079
8805 7081
8819 3440
8820 6478
8826 3530
8829 6890
8836 8140
8837 7896
8838 8148
8839 8141
8840 8185
8842 8144
8845 4372
8846 4374
8847 4376
8848 6951
8849 6954
8850 4438
8852 6968
8854 6959
8855 6957
8856 6960
8857 6969
8858 6975
8859 7212
8860 3813
8862 6973
8864 6958
8865 6961
8866 6970
8867 6976
8868 7213
8872 7192
8874 4442
8875 4471
8876 4474
8877 4472
8879 4484
8880 4491
8881 4443
8882 4450
8883 4447
8886 5173
8887 4518
8891 4522
8892 4523
8893 4530
8896 4524
8898 4533
8903 4526
8904 8039
8907 4545
8913 4505
8914 4565
8915 6990
8916 7050
8917 7105
8925 4525
8933 4448
8941 8098
8949 4540
8950 4541
8954 8181
8955 6992
8959 7045
8960 7078
8961 7080
8962 7082
8963 8159
8976 4503
8982 4481
8983 4497
8984 4574
8986 4487
8987 4564
8988 4548
8990 4498
8991 4500
8993 4571
8994 4577
8995 4579
8999 7182
9000 7195
9001 7214
9014 10279
9015 9305
9016 9306
9017 9598
9019 9313
9020 8426
9021 9310
9022 9599
9026 9814
9030 10164
9031 9915
9032 10026
9033 10027
9034 10216
9035 10241
9036 9894
9046 9890
9049 10028
9052 4855
9054 4858
9058 9889
9059 9895
9060 9896
9061 10029
9064 9411
9065 9424
9066 9413
9067 9426
9068 9412
9069 7730
9070 9425
9071 9414
9072 9427
9073 9417
9074 9428
9075 9415
9076 9429
9077 9418
9078 8427
9079 9431
9080 9416
9081 9430
9082 9601
9083 9419
9097 9449
9098 9600
9102 7415
9110 7673
9111 7222
9112 7226
9114 7657
9124 7638
9125 7639
9127 7356
9129 7402
9131 7586
9133 7410
9135 7658
9149 7241
9150 7314
9151 7295
9152 7362
9153 7382
9154 9318
9155 9181
9156 7250
9157 7297
9159 7445
9161 7451
9163 7476
9165 7447
9166 7478
9171 7507
9174 7544
9175 7510
9180 7592
9181 9155
9182 7477
9183 7666
9184 7443
9185 7633
9186 9319
9197 7231
9212 10125
9222 7450
9227 7577
9230 9541
9232 7280
9233 7284
9234 7286
9235 9460
9236 9602
9248 7432
9254 7357
9255 7411
9256 7631
9257 7660
9259 7365
9261 7413
9262 7417
9263 7406
9264 7418
9266 7652
9267 7668
9268 7674
9272 7433
9274 7258
9276 7268
9279 7267
9286 7318
9287 7299
9291 7319
9294 7305
9302 7370
9303 7383
9305 9015
9306 9016
9310 9021
9313 9019
9318 9154
9319 9186
9320 7255
9325 7456
9328 7479
9332 7458
9334 7487
9339 7468
9355 7511
9357 7513
9359 7546
9367 7520
9395 7596
9397 7845
9398 8425
9399 7844
9400 7846
9401 7847
9402 7849
9403 7848
9404 8420
9405 7850
9411 9064
9412 9068
9413 9066
9414 9071
9415 9075
9416 9080
9417 9073
9418 9077
9419 9083
9424 9065
9425 9070
9426 9067
9427 9072
9428 9074
9429 9076
9430 9081
9431 9079
9444 7482
9445 7483
9446 7484
9448 7452
9449 9097
9450 9597
9453 7669
9454 7872
9455 9854
9459 7453
9460 9235
9464 7634
9465 7875
9466 10173
9467 10058
9468 10175
9470 7521
9471 7523
9472 7525
9480 7283
9481 7285
9482 7287
9488 7581
9495 7454
9497 7455
9502 7579
9508 7582
9516 7583
9519 7467
9533 7584
9539 7384
9541 9230
9542 7256
9562 7457
9563 7485
9565 7469
9574 7512
9575 7580
9576 7526
9581 7603
9582 7612
9596 8186
9597 9450
9598 9017
9599 9022
9600 9098
9601 9082
9602 9236
9603 7470
9604 7471
9687 7434
9706 7358
9707 7412
9709 7662
9727 7632
9729 7597
9754 7372
9770 7408
9774 7419
9780 7654
9788 7675
9792 8165
9799 10118
9801 10262
9806 8184
9814 9026
9816 9839
9820 9841
9823 10165
9824 10219
9827 10198
9828 10338
9837 10317
9839 9816
9841 9820
9844 10220
9845 10339
9846 7879
9847 7880
9848 7881
9849 7882
9854 9455
9861 7885
9862 7876
9868 7888
9875 8531
9876 8297
9877 8310
9878 8318
9879 8337
9880 8319
9881 8338
9882 8339
9883 8340
9884 8349
9885 8532
9886 8422
9887 8347
9888 8348
9889 9058
9890 9046
9894 9036
9895 9059
9896 9060
9897 8314
9898 8290
9899 8302
9900 8328
9901 8289
9902 8306
9903 8503
9904 8293
9906 8323
9907 8291
9908 8309
9909 8305
9910 8317
9911 8331
9912 8307
9913 8294
9914 8336
9915 9031
9916 8308
9917 8304
9918 8266
9919 8267
9920 8277
9921 8278
9922 8298
9923 8366
9924 9946
9925 10020
9926 9954
9927 10104
9928 10106
9929 10110
9936 9940
9939 10011
9940 9936
9941 9974
9943 10072
9944 10090
9946 9924
9948 10222
9949 10223
9950 9972
9952 9976
9953 10073
9954 9926
9955 10181
9956 10183
9957 10184
9958 8311
9959 8324
9960 8313
9961 8303
9962 8315
9963 8325
9964 8327
9965 8321
9966 8329
9967 8312
9968 8316
9969 8326
9970 8320
9971 8335
9972 9950
9973 10010
9974 9941
9975 10012
9976 9952
9978 8628
9979 8631
9980 8767
9981 8626
9982 8629
9983 8769
9985 10007
9986 10013
9987 10003
9988 10015
9989 10008
9991 8630
9992 8770
9993 8301
9994 8627
9995 8768
10000 8632
10001 8771
10003 9987
10005 10014
10007 9985
10008 9989
10010 9973
10011 9939
10012 9975
10013 9986
10014 10005
10015 9988
10020 9925
10021 10187
10022 10188
10023 10189
10024 10190
10026 9032
10027 9033
10028 9049
10029 9061
10030 10074
10031 10075
10032 10102
10033 10076
10034 10113
10035 8269
10036 8295
10037 8341
10038 8342
10039 8273
10044 8270
10045 8274
10046 8276
10047 8344
10048 8268
10051 8343
10055 8356
10058 9467
10063 10119
10065 10263
10068 8284
10069 8283
10070 8280
10072 9943
10073 9953
10074 10030
10075 10031
10076 10033
10078 10218
10079 10246
10081 8287
10087 8282
10090 9944
10091 8285
10095 8288
10102 10032
10103 8281
10104 9927
10106 9928
10110 9929
10111 8286
10113 10034
10117 10199
10118 9799
10119 10063
10125 9212
10127 10211
10130 8299
10131 8358
10136 8362
10137 8369
10140 8300
10141 8345
10142 8379
10146 10162
10151 8367
10153 8406
10157 8363
10158 8370
10160 8380
10161 8413
10162 10146
10164 9030
10165 9823
10166 10217
10167 10244
10169 8373
10170 8414
10173 9466
10175 9468
10177 8377
10179 8346
10181 9955
10182 8361
10183 9956
10184 9957
10187 10021
10188 10022
10189 10023
10190 10024
10198 9827
10199 10117
10209 10278
10210 10266
10211 10127
10212 10282
10216 9034
10217 10166
10218 10078
10219 9824
10220 9844
10222 9948
10223 9949
10241 9035
10244 10167
10246 10079
10252 10351
10259 10353
10262 9801
10263 10065
10266 10210
10278 10209
10279 9014
10282 10212
10317 9837
10338 9828
10339 9845
10351 10252
10353 10259
